#             e [au]            f [a.u.]
   -4.399239252007E1   -1.000000000000E0
   -4.394835594098E1   -1.000000000000E0
   -4.390431936188E1   -1.000000000000E0
   -4.386028278278E1   -1.000000000000E0
   -4.381624620368E1   -1.000000000000E0
   -4.377220962458E1   -1.000000000000E0
   -4.372817304548E1   -1.000000000000E0
   -4.368413646638E1   -1.000000000000E0
   -4.364009988728E1   -1.000000000000E0
   -4.359606330818E1   -1.000000000000E0
   -4.355202672908E1   -1.000000000000E0
   -4.350799014998E1   -1.000000000000E0
   -4.346395357088E1   -1.000000000000E0
   -4.341991699179E1   -1.000000000000E0
   -4.337588041269E1   -1.000000000000E0
   -4.333184383359E1   -1.000000000000E0
   -4.328780725449E1   -1.000000000000E0
   -4.324377067539E1   -1.000000000000E0
   -4.319973409629E1   -1.000000000000E0
   -4.315569751719E1   -1.000000000000E0
   -4.311166093809E1   -1.000000000000E0
   -4.306762435899E1   -1.000000000000E0
   -4.302358777989E1   -1.000000000000E0
   -4.297955120079E1   -1.000000000000E0
   -4.293551462169E1   -1.000000000000E0
   -4.289147804260E1   -1.000000000000E0
   -4.284744146350E1   -1.000000000000E0
   -4.280340488440E1   -1.000000000000E0
   -4.275936830530E1   -1.000000000000E0
   -4.271533172620E1   -1.000000000000E0
   -4.267129514710E1   -1.000000000000E0
   -4.262725856800E1   -1.000000000000E0
   -4.258322198890E1   -1.000000000000E0
   -4.253918540980E1   -1.000000000000E0
   -4.249514883070E1   -1.000000000000E0
   -4.245111225160E1   -1.000000000000E0
   -4.240707567250E1   -1.000000000000E0
   -4.236303909341E1   -1.000000000000E0
   -4.231900251431E1   -1.000000000000E0
   -4.227496593521E1   -1.000000000000E0
   -4.223092935611E1   -1.000000000000E0
   -4.218689277701E1   -1.000000000000E0
   -4.214285619791E1   -1.000000000000E0
   -4.209881961881E1   -1.000000000000E0
   -4.205478303971E1   -1.000000000000E0
   -4.201074646061E1   -1.000000000000E0
   -4.196670988151E1   -1.000000000000E0
   -4.192267330241E1   -1.000000000000E0
   -4.187863672331E1   -1.000000000000E0
   -4.183460014422E1   -1.000000000000E0
   -4.179056356512E1   -1.000000000000E0
   -4.174652698602E1   -1.000000000000E0
   -4.170249040692E1   -1.000000000000E0
   -4.165845382782E1   -1.000000000000E0
   -4.161441724872E1   -1.000000000000E0
   -4.157038066962E1   -1.000000000000E0
   -4.152634409052E1   -1.000000000000E0
   -4.148230751142E1   -1.000000000000E0
   -4.143827093232E1   -1.000000000000E0
   -4.139423435322E1   -1.000000000000E0
   -4.135019777412E1   -1.000000000000E0
   -4.130616119502E1   -1.000000000000E0
   -4.126212461593E1   -1.000000000000E0
   -4.121808803683E1   -1.000000000000E0
   -4.117405145773E1   -1.000000000000E0
   -4.113001487863E1   -1.000000000000E0
   -4.108597829953E1   -1.000000000000E0
   -4.104194172043E1   -1.000000000000E0
   -4.099790514133E1   -1.000000000000E0
   -4.095386856223E1   -1.000000000000E0
   -4.090983198313E1   -1.000000000000E0
   -4.086579540403E1   -1.000000000000E0
   -4.082175882493E1   -1.000000000000E0
   -4.077772224583E1   -1.000000000000E0
   -4.073368566674E1   -1.000000000000E0
   -4.068964908764E1   -1.000000000000E0
   -4.064561250854E1   -1.000000000000E0
   -4.060157592944E1   -1.000000000000E0
   -4.055753935034E1   -1.000000000000E0
   -4.051350277124E1   -1.000000000000E0
   -4.046946619214E1   -1.000000000000E0
   -4.042542961304E1   -1.000000000000E0
   -4.038139303394E1   -1.000000000000E0
   -4.033735645484E1   -1.000000000000E0
   -4.029331987574E1   -1.000000000000E0
   -4.024928329664E1   -1.000000000000E0
   -4.020524671755E1   -1.000000000000E0
   -4.016121013845E1   -1.000000000000E0
   -4.011717355935E1   -1.000000000000E0
   -4.007313698025E1   -1.000000000000E0
   -4.002910040115E1   -1.000000000000E0
   -3.998506382205E1   -1.000000000000E0
   -3.994102724295E1   -1.000000000000E0
   -3.989699066385E1   -1.000000000000E0
   -3.985295408475E1   -1.000000000000E0
   -3.980891750565E1   -1.000000000000E0
   -3.976488092655E1   -1.000000000000E0
   -3.972084434745E1   -1.000000000000E0
   -3.967680776836E1   -1.000000000000E0
   -3.963277118926E1   -1.000000000000E0
   -3.958873461016E1   -1.000000000000E0
   -3.954469803106E1   -1.000000000000E0
   -3.950066145196E1   -1.000000000000E0
   -3.945662487286E1   -1.000000000000E0
   -3.941258829376E1   -1.000000000000E0
   -3.936855171466E1   -1.000000000000E0
   -3.932451513556E1   -1.000000000000E0
   -3.928047855646E1   -1.000000000000E0
   -3.923644197736E1   -1.000000000000E0
   -3.919240539826E1   -1.000000000000E0
   -3.914836881917E1   -1.000000000000E0
   -3.910433224007E1   -1.000000000000E0
   -3.906029566097E1   -1.000000000000E0
   -3.901625908187E1   -1.000000000000E0
   -3.897222250277E1   -1.000000000000E0
   -3.892818592367E1   -1.000000000000E0
   -3.888414934457E1   -1.000000000000E0
   -3.884011276547E1   -1.000000000000E0
   -3.879607618637E1   -1.000000000000E0
   -3.875203960727E1   -1.000000000000E0
   -3.870800302817E1   -1.000000000000E0
   -3.866396644907E1   -1.000000000000E0
   -3.861992986998E1   -1.000000000000E0
   -3.857589329088E1   -1.000000000000E0
   -3.853185671178E1   -1.000000000000E0
   -3.848782013268E1   -1.000000000000E0
   -3.844378355358E1   -1.000000000000E0
   -3.839974697448E1   -1.000000000000E0
   -3.835571039538E1   -1.000000000000E0
   -3.831167381628E1   -1.000000000000E0
   -3.826763723718E1   -1.000000000000E0
   -3.822360065808E1   -1.000000000000E0
   -3.817956407898E1   -1.000000000000E0
   -3.813552749988E1   -1.000000000000E0
   -3.809149092079E1   -1.000000000000E0
   -3.804745434169E1   -1.000000000000E0
   -3.800341776259E1   -1.000000000000E0
   -3.795938118349E1   -1.000000000000E0
   -3.791534460439E1   -1.000000000000E0
   -3.787130802529E1   -1.000000000000E0
   -3.782727144619E1   -1.000000000000E0
   -3.778323486709E1   -1.000000000000E0
   -3.773919828799E1   -1.000000000000E0
   -3.769516170889E1   -1.000000000000E0
   -3.765112512979E1   -1.000000000000E0
   -3.760708855069E1  -9.999999789281E-1
   -3.756305197160E1  -9.999999722214E-1
   -3.751901539250E1  -9.999999595685E-1
   -3.747497881340E1  -9.999999419351E-1
   -3.743094223430E1  -9.999999252631E-1
   -3.738690565520E1  -9.999998948736E-1
   -3.734286907610E1  -9.999998664707E-1
   -3.729883249700E1  -9.999998157060E-1
   -3.725479591790E1  -9.999997687362E-1
   -3.721075933880E1  -9.999996863192E-1
   -3.716672275970E1  -9.999995786518E-1
   -3.712268618060E1  -9.999994803763E-1
   -3.707864960150E1  -9.999993125573E-1
   -3.703461302241E1  -9.999991604441E-1
   -3.699057644331E1  -9.999989047718E-1
   -3.694653986421E1  -9.999986744142E-1
   -3.690250328511E1  -9.999984010563E-1
   -3.685846670601E1  -9.999979511185E-1
   -3.681443012691E1  -9.999975484915E-1
   -3.677039354781E1  -9.999968950441E-1
   -3.672635696871E1  -9.999963126325E-1
   -3.668232038961E1  -9.999953800510E-1
   -3.663828381051E1  -9.999945515645E-1
   -3.659424723141E1  -9.999935914742E-1
   -3.655021065231E1  -9.999920816560E-1
   -3.650617407321E1  -9.999907449163E-1
   -3.646213749412E1  -9.999892084165E-1
   -3.641810091502E1  -9.999868332543E-1
   -3.637406433592E1  -9.999847351042E-1
   -3.633002775682E1  -9.999823411555E-1
   -3.628599117772E1  -9.999787006490E-1
   -3.624195459862E1  -9.999754886921E-1
   -3.619791801952E1  -9.999718484170E-1
   -3.615388144042E1  -9.999677301197E-1
   -3.610984486132E1  -9.999615923749E-1
   -3.606580828222E1  -9.999561781095E-1
   -3.602177170312E1  -9.999500892287E-1
   -3.597773512402E1  -9.999432526124E-1
   -3.593369854493E1  -9.999332577350E-1
   -3.588966196583E1  -9.999244308553E-1
   -3.584562538673E1  -9.999145724333E-1
   -3.580158880763E1  -9.999035776096E-1
   -3.575755222853E1  -9.998913324342E-1
   -3.571351564943E1  -9.998777132093E-1
   -3.566947907033E1  -9.998583247639E-1
   -3.562544249123E1  -9.998411366173E-1
   -3.558140591213E1  -9.998221059141E-1
   -3.553736933303E1  -9.998010607468E-1
   -3.549333275393E1  -9.997778154989E-1
   -3.544929617483E1  -9.997521699272E-1
   -3.540525959574E1  -9.997239081949E-1
   -3.536122301664E1  -9.996927978498E-1
   -3.531718643754E1  -9.996585887479E-1
   -3.527314985844E1  -9.996210119172E-1
   -3.522911327934E1  -9.995797783618E-1
   -3.518507670024E1  -9.995236243791E-1
   -3.514104012114E1  -9.994732513609E-1
   -3.509700354204E1  -9.994181666111E-1
   -3.505296696294E1  -9.993579853933E-1
   -3.500893038384E1  -9.992922959126E-1
   -3.496489380474E1  -9.992206576906E-1
   -3.492085722564E1  -9.991425998559E-1
   -3.487682064655E1  -9.990576193455E-1
   -3.483278406745E1  -9.989651790147E-1
   -3.478874748835E1  -9.988647056491E-1
   -3.474471090925E1  -9.987780228015E-1
   -3.470067433015E1  -9.986611375452E-1
   -3.465663775105E1  -9.985343403581E-1
   -3.461260117195E1  -9.983968940166E-1
   -3.456856459285E1  -9.982480136058E-1
   -3.452452801375E1  -9.980868638335E-1
   -3.448049143465E1  -9.979125562092E-1
   -3.443645485555E1  -9.977241460826E-1
   -3.439241827645E1  -9.975206295339E-1
   -3.434838169736E1  -9.973009401094E-1
   -3.430434511826E1  -9.970639453967E-1
   -3.426030853916E1  -9.968522439700E-1
   -3.421627196006E1  -9.965794754154E-1
   -3.417223538096E1  -9.962856714410E-1
   -3.412819880186E1  -9.959693989876E-1
   -3.408416222276E1  -9.956291389899E-1
   -3.404012564366E1  -9.952632817959E-1
   -3.399608906456E1  -9.949305063864E-1
   -3.395205248546E1  -9.945113872727E-1
   -3.390801590636E1  -9.940613532738E-1
   -3.386397932726E1  -9.935783814218E-1
   -3.381994274817E1  -9.930603314126E-1
   -3.377590616907E1  -9.925822076457E-1
   -3.373186958997E1  -9.919907755871E-1
   -3.368783301087E1  -9.913571782981E-1
   -3.364379643177E1  -9.906787400282E-1
   -3.359975985267E1  -9.900455383480E-1
   -3.355572327357E1  -9.892729062786E-1
   -3.351168669447E1  -9.884465589002E-1
   -3.346765011537E1  -9.875631647188E-1
   -3.342361353627E1  -9.867296144762E-1
   -3.337957695717E1  -9.857259080412E-1
   -3.333554037807E1  -9.846540912102E-1
   -3.329150379898E1  -9.835100338025E-1
   -3.324746721988E1  -9.824190088994E-1
   -3.320343064078E1  -9.811220183168E-1
   -3.315939406168E1  -9.797390591373E-1
   -3.311535748258E1  -9.784102742699E-1
   -3.307132090348E1  -9.768448494147E-1
   -3.302728432438E1  -9.751773643764E-1
   -3.298324774528E1  -9.735634737351E-1
   -3.293921116618E1  -9.716788494893E-1
   -3.289517458708E1  -9.696733640621E-1
   -3.285113800798E1  -9.677185856787E-1
   -3.280710142888E1  -9.654554008725E-1
   -3.276306484979E1  -9.632399596927E-1
   -3.271902827069E1  -9.606883632727E-1
   -3.267499169159E1  -9.579774896332E-1
   -3.263095511249E1  -9.553061573714E-1
   -3.258691853339E1  -9.522546791095E-1
   -3.254288195429E1  -9.490160030281E-1
   -3.249884537519E1  -9.458043051855E-1
   -3.245480879609E1  -9.421647677398E-1
   -3.241077221699E1  -9.385418594094E-1
   -3.236673563789E1  -9.344563055960E-1
   -3.232269905879E1  -9.303745748770E-1
   -3.227866247969E1  -9.257936476343E-1
   -3.223462590060E1  -9.209434786429E-1
   -3.219058932150E1  -9.160709674427E-1
   -3.214655274240E1  -9.106434678005E-1
   -3.210251616330E1  -9.051733006897E-1
   -3.205847958420E1  -8.991080550364E-1
   -3.201444300510E1  -8.929764156457E-1
   -3.197040642600E1  -8.862085151562E-1
   -3.192636984690E1  -8.793468879381E-1
   -3.188233326780E1  -8.718070705803E-1
   -3.183829668870E1  -8.641424425105E-1
   -3.179426010960E1  -8.557573908376E-1
   -3.175022353050E1  -8.472126357273E-1
   -3.170618695141E1  -8.379054710095E-1
   -3.166215037231E1  -8.283999593601E-1
   -3.161811379321E1  -8.180909747122E-1
   -3.157407721411E1  -8.075414554839E-1
   -3.153004063501E1  -7.961491326498E-1
   -3.148600405591E1  -7.844709343328E-1
   -3.144196747681E1  -7.719132885946E-1
   -3.139793089771E1  -7.590218850820E-1
   -3.135389431861E1  -7.454920301593E-1
   -3.130985773951E1  -7.310311584991E-1
   -3.126582116041E1  -7.161652819058E-1
   -3.122178458131E1  -7.003434790598E-1
   -3.117774800221E1  -6.840669700646E-1
   -3.113371142312E1  -6.668168081395E-1
   -3.108967484402E1  -6.490640072580E-1
   -3.104563826492E1  -6.305489384390E-1
   -3.100160168582E1  -6.110461667861E-1
   -3.095756510672E1  -5.909800775139E-1
   -3.091352852762E1  -5.699332934744E-1
   -3.086949194852E1  -5.482886869315E-1
   -3.082545536942E1  -5.258466161481E-1
   -3.078141879032E1  -5.024543538434E-1
   -3.073738221122E1  -4.784347615142E-1
   -3.069334563212E1  -4.536325305416E-1
   -3.064930905302E1  -4.279435893162E-1
   -3.060527247393E1  -4.016274827451E-1
   -3.056123589483E1  -3.744887053166E-1
   -3.051719931573E1  -3.467408882377E-1
   -3.047316273663E1  -3.183137218231E-1
   -3.042912615753E1  -2.891860896523E-1
   -3.038508957843E1  -2.595144426771E-1
   -3.034105299933E1  -2.292771244331E-1
   -3.029701642023E1  -1.984943186787E-1
   -3.025297984113E1  -1.672759162110E-1
   -3.020894326203E1  -1.356425824376E-1
   -3.016490668293E1  -1.036447640364E-1
   -3.012087010383E1  -7.136136238410E-2
   -3.007683352474E1  -3.884423641840E-2
   -3.003279694564E1  -6.159110108476E-3
   -2.998876036654E1   2.662676300908E-2
   -2.994472378744E1   5.944551374937E-2
   -2.990068720834E1   9.222781655901E-2
   -2.985665062924E1   1.249141763510E-1
   -2.981261405014E1   1.574209967988E-1
   -2.976857747104E1   1.896862259746E-1
   -2.972454089194E1   2.216757187505E-1
   -2.968050431284E1   2.532695885690E-1
   -2.963646773374E1   2.844308773412E-1
   -2.959243115464E1   3.151012000209E-1
   -2.954839457555E1   3.453013207290E-1
   -2.950435799645E1   3.748401873391E-1
   -2.946032141735E1   4.037357485488E-1
   -2.941628483825E1   4.319455070097E-1
   -2.937224825915E1   4.595607337703E-1
   -2.932821168005E1   4.863018780351E-1
   -2.928417510095E1   5.122574818719E-1
   -2.924013852185E1   5.374037379067E-1
   -2.919610194275E1   5.619057613648E-1
   -2.915206536365E1   5.853914720362E-1
   -2.910802878455E1   6.080235248415E-1
   -2.906399220545E1   6.297959857954E-1
   -2.901995562636E1   6.507069423507E-1
   -2.897591904726E1   6.709995465102E-1
   -2.893188246816E1   6.902040738906E-1
   -2.888784588906E1   7.085620520943E-1
   -2.884380930996E1   7.260849518842E-1
   -2.879977273086E1   7.427868726235E-1
   -2.875573615176E1   7.589629190807E-1
   -2.871169957266E1   7.740773068474E-1
   -2.866766299356E1   7.884249661627E-1
   -2.862362641446E1   8.020276086418E-1
   -2.857958983536E1   8.149081646990E-1
   -2.853555325626E1   8.270905363498E-1
   -2.849151667717E1   8.388913775307E-1
   -2.844748009807E1   8.497499658411E-1
   -2.840344351897E1   8.599850152949E-1
   -2.835940693987E1   8.696222283270E-1
   -2.831537036077E1   8.786873039153E-1
   -2.827133378167E1   8.872057949916E-1
   -2.822729720257E1   8.954802060897E-1
   -2.818326062347E1   9.029755299359E-1
   -2.813922404437E1   9.099984836771E-1
   -2.809518746527E1   9.165729823855E-1
   -2.805115088617E1   9.227223174545E-1
   -2.800711430707E1   9.284691017774E-1
   -2.796307772798E1   9.338352261226E-1
   -2.791904114888E1   9.388418256193E-1
   -2.787500456978E1   9.437379112652E-1
   -2.783096799068E1   9.480781240205E-1
   -2.778693141158E1   9.521174170343E-1
   -2.774289483248E1   9.558737668732E-1
   -2.769885825338E1   9.593643423733E-1
   -2.765482167428E1   9.626055121301E-1
   -2.761078509518E1   9.656128560299E-1
   -2.756674851608E1   9.684011802064E-1
   -2.752271193698E1   9.709845348410E-1
   -2.747867535788E1   9.733762342711E-1
   -2.743463877879E1   9.757436543561E-1
   -2.739060219969E1   9.777819306708E-1
   -2.734656562059E1   9.796644686357E-1
   -2.730252904149E1   9.814018824022E-1
   -2.725849246239E1   9.830041694336E-1
   -2.721445588329E1   9.844807365258E-1
   -2.717041930419E1   9.858404258399E-1
   -2.712638272509E1   9.870915407705E-1
   -2.708234614599E1   9.882418715013E-1
   -2.703830956689E1   9.892987201206E-1
   -2.699427298779E1   9.902689251965E-1
   -2.695023640869E1   9.911588857213E-1
   -2.690619982960E1   9.919745843649E-1
   -2.686216325050E1   9.927216099819E-1
   -2.681812667140E1   9.934051793367E-1
   -2.677409009230E1   9.940301580170E-1
   -2.673005351320E1   9.946010805225E-1
   -2.668601693410E1   9.951805769779E-1
   -2.664198035500E1   9.956518747910E-1
   -2.659794377590E1   9.960811169079E-1
   -2.655390719680E1   9.964716927956E-1
   -2.650987061770E1   9.968267485082E-1
   -2.646583403860E1   9.971492018978E-1
   -2.642179745950E1   9.974417570519E-1
   -2.637776088041E1   9.977069179783E-1
   -2.633372430131E1   9.979470015646E-1
   -2.628968772221E1   9.981641498342E-1
   -2.624565114311E1   9.983603415278E-1
   -2.620161456401E1   9.985374030349E-1
   -2.615757798491E1   9.986970187025E-1
   -2.611354140581E1   9.988407405492E-1
   -2.606950482671E1   9.989699974091E-1
   -2.602546824761E1   9.990861035331E-1
   -2.598143166851E1   9.991902666735E-1
   -2.593739508941E1   9.992835956759E-1
   -2.589335851031E1   9.993671076037E-1
   -2.584932193121E1   9.994417344197E-1
   -2.580528535212E1   9.995083292454E-1
   -2.576124877302E1   9.995676722233E-1
   -2.571721219392E1   9.996204760005E-1
   -2.567317561482E1   9.996673908569E-1
   -2.562913903572E1   9.997013611347E-1
   -2.558510245662E1   9.997389811814E-1
   -2.554106587752E1   9.997722716562E-1
   -2.549702929842E1   9.998016823837E-1
   -2.545299271932E1   9.998276215882E-1
   -2.540895614022E1   9.998504592649E-1
   -2.536491956112E1   9.998705303146E-1
   -2.532088298202E1   9.998881374569E-1
   -2.527684640293E1   9.999035539363E-1
   -2.523280982383E1   9.999170260312E-1
   -2.518877324473E1   9.999287753809E-1
   -2.514473666563E1   9.999390011396E-1
   -2.510070008653E1   9.999478819689E-1
   -2.505666350743E1   9.999555778801E-1
   -2.501262692833E1   9.999622319337E-1
   -2.496859034923E1   9.999679718076E-1
   -2.492455377013E1   9.999729112413E-1
   -2.488051719103E1   9.999771513637E-1
   -2.483648061193E1   9.999799107408E-1
   -2.479244403283E1   9.999831284754E-1
   -2.474840745374E1   9.999858724422E-1
   -2.470437087464E1   9.999882059567E-1
   -2.466033429554E1   9.999901847785E-1
   -2.461629771644E1   9.999918578991E-1
   -2.457226113734E1   9.999932682604E-1
   -2.452822455824E1   9.999944534083E-1
   -2.448418797914E1   9.999954460863E-1
   -2.444015140004E1   9.999962747733E-1
   -2.439611482094E1   9.999969641706E-1
   -2.435207824184E1   9.999973794264E-1
   -2.430804166274E1   9.999978771415E-1
   -2.426400508364E1   9.999982873795E-1
   -2.421996850455E1   9.999986241992E-1
   -2.417593192545E1   9.999988996258E-1
   -2.413189534635E1   9.999991239095E-1
   -2.408785876725E1   9.999993057574E-1
   -2.404382218815E1   9.999994525376E-1
   -2.399978560905E1   9.999995704622E-1
   -2.395574902995E1   9.999996365478E-1
   -2.391171245085E1   9.999997171063E-1
   -2.386767587175E1   9.999997810242E-1
   -2.382363929265E1   9.999998314707E-1
   -2.377960271355E1   9.999998710664E-1
   -2.373556613445E1   9.999999019677E-1
   -2.369152955536E1   9.999999259408E-1
   -2.364749297626E1   9.999999385578E-1
   -2.360345639716E1   9.999999540525E-1
   -2.355941981806E1   9.999999658824E-1
   -2.351538323896E1   9.999999748527E-1
   -2.347134665986E1   9.999999816063E-1
   -2.342731008076E1   9.999999866533E-1
   -2.338327350166E1   9.999999903960E-1
   -2.333923692256E1   9.999999922299E-1
   -2.329520034346E1   9.999999944821E-1
   -2.325116376436E1   9.999999961176E-1
   -2.320712718526E1   9.999999972947E-1
   -2.316309060617E1   9.999999981339E-1
   -2.311905402707E1   9.999999987263E-1
   -2.307501744797E1   9.999999989971E-1
   -2.303098086887E1   9.999999993269E-1
   -2.298694428977E1   9.999999995535E-1
   -2.294290771067E1   9.999999997075E-1
   -2.289887113157E1   9.999999998109E-1
   -2.285483455247E1   9.999999998794E-1
   -2.281079797337E1   9.999999999083E-1
   -2.276676139427E1   9.999999999427E-1
   -2.272272481517E1   9.999999999648E-1
   -2.267868823607E1   9.999999999787E-1
   -2.263465165698E1   9.999999999874E-1
   -2.259061507788E1   9.999999999907E-1
   -2.254657849878E1   9.999999999946E-1
   -2.250254191968E1   9.999999999970E-1
   -2.245850534058E1   9.999999999983E-1
   -2.241446876148E1   9.999999999991E-1
   -2.237043218238E1   9.999999999994E-1
   -2.232639560328E1   9.999999999997E-1
   -2.228235902418E1   9.999999999998E-1
   -2.223832244508E1   9.999999999999E-1
   -2.219428586598E1    1.000000000000E0
   -2.215024928688E1    1.000000000000E0
   -2.210621270779E1    1.000000000000E0
   -2.206217612869E1    1.000000000000E0
   -2.201813954959E1    1.000000000000E0
   -2.197410297049E1    1.000000000000E0
   -2.193006639139E1    1.000000000000E0
   -2.188602981229E1    1.000000000000E0
   -2.184199323319E1    1.000000000000E0
   -2.179795665409E1    1.000000000000E0
   -2.175392007499E1    1.000000000000E0
   -2.170988349589E1    1.000000000000E0
   -2.166584691679E1    1.000000000000E0
   -2.162181033769E1    1.000000000000E0
   -2.157777375860E1    1.000000000000E0
   -2.153373717950E1    1.000000000000E0
   -2.148970060040E1    1.000000000000E0
   -2.144566402130E1    1.000000000000E0
   -2.140162744220E1    1.000000000000E0
   -2.135759086310E1    1.000000000000E0
   -2.131355428400E1    1.000000000000E0
   -2.126951770490E1    1.000000000000E0
   -2.122548112580E1    1.000000000000E0
   -2.118144454670E1    1.000000000000E0
   -2.113740796760E1    1.000000000000E0
   -2.109337138850E1    1.000000000000E0
   -2.104933480941E1    1.000000000000E0
   -2.100529823031E1    1.000000000000E0
   -2.096126165121E1    1.000000000000E0
   -2.091722507211E1    1.000000000000E0
   -2.087318849301E1    1.000000000000E0
   -2.082915191391E1    1.000000000000E0
   -2.078511533481E1    1.000000000000E0
   -2.074107875571E1    1.000000000000E0
   -2.069704217661E1    1.000000000000E0
   -2.065300559751E1    1.000000000000E0
   -2.060896901841E1    1.000000000000E0
   -2.056493243931E1    1.000000000000E0
   -2.052089586021E1    1.000000000000E0
   -2.047685928112E1    1.000000000000E0
   -2.043282270202E1    1.000000000000E0
   -2.038878612292E1    1.000000000000E0
   -2.034474954382E1    1.000000000000E0
   -2.030071296472E1    1.000000000000E0
   -2.025667638562E1    1.000000000000E0
   -2.021263980652E1    1.000000000000E0
   -2.016860322742E1    1.000000000000E0
   -2.012456664832E1    1.000000000000E0
   -2.008053006922E1    1.000000000000E0
   -2.003649349012E1    1.000000000000E0
   -1.999245691102E1    1.000000000000E0
   -1.994842033193E1    1.000000000000E0
   -1.990438375283E1    1.000000000000E0
   -1.986034717373E1    1.000000000000E0
   -1.981631059463E1    1.000000000000E0
   -1.977227401553E1   -1.000000000000E0
   -1.972823743643E1   -1.000000000000E0
   -1.968420085733E1   -1.000000000000E0
   -1.964016427823E1   -1.000000000000E0
   -1.959612769913E1   -1.000000000000E0
   -1.955209112003E1   -1.000000000000E0
   -1.950805454093E1   -1.000000000000E0
   -1.946401796183E1   -1.000000000000E0
   -1.941998138274E1   -1.000000000000E0
   -1.937594480364E1   -1.000000000000E0
   -1.933190822454E1   -1.000000000000E0
   -1.928787164544E1   -1.000000000000E0
   -1.924383506634E1   -1.000000000000E0
   -1.919979848724E1   -1.000000000000E0
   -1.915576190814E1   -1.000000000000E0
   -1.911172532904E1   -1.000000000000E0
   -1.906768874994E1   -1.000000000000E0
   -1.902365217084E1   -1.000000000000E0
   -1.897961559174E1   -1.000000000000E0
   -1.893557901264E1   -1.000000000000E0
   -1.889154243355E1   -1.000000000000E0
   -1.884750585445E1   -1.000000000000E0
   -1.880346927535E1   -1.000000000000E0
   -1.875943269625E1   -1.000000000000E0
   -1.871539611715E1   -1.000000000000E0
   -1.867135953805E1   -1.000000000000E0
   -1.862732295895E1   -1.000000000000E0
   -1.858328637985E1   -1.000000000000E0
   -1.853924980075E1   -1.000000000000E0
   -1.849521322165E1   -1.000000000000E0
   -1.845117664255E1   -1.000000000000E0
   -1.840714006345E1   -1.000000000000E0
   -1.836310348436E1   -1.000000000000E0
   -1.831906690526E1   -1.000000000000E0
   -1.827503032616E1   -1.000000000000E0
   -1.823099374706E1   -1.000000000000E0
   -1.818695716796E1   -1.000000000000E0
   -1.814292058886E1   -1.000000000000E0
   -1.809888400976E1   -1.000000000000E0
   -1.805484743066E1   -1.000000000000E0
   -1.801081085156E1   -1.000000000000E0
   -1.796677427246E1   -1.000000000000E0
   -1.792273769336E1   -1.000000000000E0
   -1.787870111426E1   -1.000000000000E0
   -1.783466453517E1   -1.000000000000E0
   -1.779062795607E1   -1.000000000000E0
   -1.774659137697E1   -1.000000000000E0
   -1.770255479787E1   -1.000000000000E0
   -1.765851821877E1   -1.000000000000E0
   -1.761448163967E1   -1.000000000000E0
   -1.757044506057E1   -1.000000000000E0
   -1.752640848147E1   -1.000000000000E0
   -1.748237190237E1   -1.000000000000E0
   -1.743833532327E1   -1.000000000000E0
   -1.739429874417E1   -1.000000000000E0
   -1.735026216507E1   -1.000000000000E0
   -1.730622558598E1   -1.000000000000E0
   -1.726218900688E1   -1.000000000000E0
   -1.721815242778E1   -1.000000000000E0
   -1.717411584868E1   -1.000000000000E0
   -1.713007926958E1   -1.000000000000E0
   -1.708604269048E1   -1.000000000000E0
   -1.704200611138E1   -1.000000000000E0
   -1.699796953228E1   -1.000000000000E0
   -1.695393295318E1   -1.000000000000E0
   -1.690989637408E1   -1.000000000000E0
   -1.686585979498E1  -9.999999999999E-1
   -1.682182321588E1  -9.999999999999E-1
   -1.677778663679E1  -9.999999999998E-1
   -1.673375005769E1  -9.999999999998E-1
   -1.668971347859E1  -9.999999999996E-1
   -1.664567689949E1  -9.999999999993E-1
   -1.660164032039E1  -9.999999999991E-1
   -1.655760374129E1  -9.999999999985E-1
   -1.651356716219E1  -9.999999999981E-1
   -1.646953058309E1  -9.999999999969E-1
   -1.642549400399E1  -9.999999999950E-1
   -1.638145742489E1  -9.999999999938E-1
   -1.633742084579E1  -9.999999999904E-1
   -1.629338426669E1  -9.999999999881E-1
   -1.624934768760E1  -9.999999999818E-1
   -1.620531110850E1  -9.999999999725E-1
   -1.616127452940E1  -9.999999999665E-1
   -1.611723795030E1  -9.999999999502E-1
   -1.607320137120E1  -9.999999999397E-1
   -1.602916479210E1  -9.999999999117E-1
   -1.598512821300E1  -9.999999998722E-1
   -1.594109163390E1  -9.999999998469E-1
   -1.589705505480E1  -9.999999997815E-1
   -1.585301847570E1  -9.999999997398E-1
   -1.580898189660E1  -9.999999996335E-1
   -1.576494531750E1  -9.999999995658E-1
   -1.572090873841E1  -9.999999993963E-1
   -1.567687215931E1  -9.999999991676E-1
   -1.563283558021E1  -9.999999990221E-1
   -1.558879900111E1  -9.999999986669E-1
   -1.554476242201E1  -9.999999984409E-1
   -1.550072584291E1  -9.999999978975E-1
   -1.545668926381E1  -9.999999975516E-1
   -1.541265268471E1  -9.999999967316E-1
   -1.536861610561E1  -9.999999956670E-1
   -1.532457952651E1  -9.999999949880E-1
   -1.528054294741E1  -9.999999934169E-1
   -1.523650636831E1  -9.999999924130E-1
   -1.519246978921E1  -9.999999901219E-1
   -1.514843321012E1  -9.999999886546E-1
   -1.510439663102E1  -9.999999853511E-1
   -1.506036005192E1  -9.999999811931E-1
   -1.501632347282E1  -9.999999785177E-1
   -1.497228689372E1  -9.999999726298E-1
   -1.492825031462E1  -9.999999688290E-1
   -1.488421373552E1  -9.999999605728E-1
   -1.484017715642E1  -9.999999552239E-1
   -1.479614057732E1  -9.999999437540E-1
   -1.475210399822E1  -9.999999296803E-1
   -1.470806741912E1  -9.999999204993E-1
   -1.466403084002E1  -9.999999012368E-1
   -1.461999426093E1  -9.999998886149E-1
   -1.457595768183E1  -9.999998624632E-1
   -1.453192110273E1  -9.999998452461E-1
   -1.448788452363E1  -9.999998100139E-1
   -1.444384794453E1  -9.999997867028E-1
   -1.439981136543E1  -9.999997395840E-1
   -1.435577478633E1  -9.999997082450E-1
   -1.431173820723E1  -9.999996456683E-1
   -1.426770162813E1  -9.999995712383E-1
   -1.422366504903E1  -9.999995212664E-1
   -1.417962846993E1  -9.999994235284E-1
   -1.413559189083E1  -9.999993575248E-1
   -1.409155531174E1  -9.999992299662E-1
   -1.404751873264E1  -9.999991433049E-1
   -1.400348215354E1  -9.999989778004E-1
   -1.395944557444E1  -9.999988646601E-1
   -1.391540899534E1  -9.999986511206E-1
   -1.387137241624E1  -9.999985042104E-1
   -1.382733583714E1  -9.999982301638E-1
   -1.378329925804E1  -9.999980403908E-1
   -1.373926267894E1  -9.999976904850E-1
   -1.369522609984E1  -9.999972855753E-1
   -1.365118952074E1  -9.999970019694E-1
   -1.360715294164E1  -9.999964892595E-1
   -1.356311636255E1  -9.999961276594E-1
   -1.351907978345E1  -9.999954813816E-1
   -1.347504320435E1  -9.999950223641E-1
   -1.343100662525E1  -9.999942112426E-1
   -1.338697004615E1  -9.999936310146E-1
   -1.334293346705E1  -9.999926172141E-1
   -1.329889688795E1  -9.999918867252E-1
   -1.325486030885E1  -9.999906246187E-1
   -1.321082372975E1  -9.999897085094E-1
   -1.316678715065E1  -9.999881432377E-1
   -1.312275057155E1  -9.999869985966E-1
   -1.307871399245E1  -9.999850643868E-1
   -1.303467741336E1  -9.999836392843E-1
   -1.299064083426E1  -9.999812574901E-1
   -1.294660425516E1  -9.999794892514E-1
   -1.290256767606E1  -9.999765660726E-1
   -1.285853109696E1  -9.999743792482E-1
   -1.281449451786E1  -9.999708030806E-1
   -1.277045793876E1  -9.999681070621E-1
   -1.272642135966E1  -9.999637454215E-1
   -1.268238478056E1  -9.999588595504E-1
   -1.263834820146E1  -9.999551276046E-1
   -1.259431162236E1  -9.999491986018E-1
   -1.255027504326E1  -9.999446343404E-1
   -1.250623846417E1  -9.999374591029E-1
   -1.246220188507E1  -9.999318919387E-1
   -1.241816530597E1  -9.999232311880E-1
   -1.237412872687E1  -9.999164583192E-1
   -1.233009214777E1  -9.999060306546E-1
   -1.228605556867E1  -9.998978114230E-1
   -1.224201898957E1  -9.998852864561E-1
   -1.219798241047E1  -9.998753357777E-1
   -1.215394583137E1  -9.998603262133E-1
   -1.210990925227E1  -9.998483069371E-1
   -1.206587267317E1  -9.998303594435E-1
   -1.202183609407E1  -9.998158734693E-1
   -1.197779951498E1  -9.997944581577E-1
   -1.193376293588E1  -9.997770361224E-1
   -1.188972635678E1  -9.997515344317E-1
   -1.184568977768E1  -9.997306237390E-1
   -1.180165319858E1  -9.997003144884E-1
   -1.175761661948E1  -9.996752654283E-1
   -1.171358004038E1  -9.996481574135E-1
   -1.166954346128E1  -9.996093584319E-1
   -1.162550688218E1  -9.995769599719E-1
   -1.158147030308E1  -9.995310310318E-1
   -1.153743372398E1  -9.994923783394E-1
   -1.149339714488E1  -9.994380997601E-1
   -1.144936056579E1  -9.993920640629E-1
   -1.140532398669E1  -9.993280200508E-1
   -1.136128740759E1  -9.992732807879E-1
   -1.131725082849E1  -9.991978293584E-1
   -1.127321424939E1  -9.991328431933E-1
   -1.122917767029E1  -9.990440816148E-1
   -1.118514109119E1  -9.989670466338E-1
   -1.114110451209E1  -9.988627717413E-1
   -1.109706793299E1  -9.987715861125E-1
   -1.105303135389E1  -9.986492487403E-1
   -1.100899477479E1  -9.985414630023E-1
   -1.096495819569E1  -9.983981156854E-1
   -1.092092161660E1  -9.982708777192E-1
   -1.087688503750E1  -9.981031146887E-1
   -1.083284845840E1  -9.979531062897E-1
   -1.078881187930E1  -9.977569946574E-1
   -1.074477530020E1  -9.975803584777E-1
   -1.070073872110E1  -9.973513593542E-1
   -1.065670214200E1  -9.971436148153E-1
   -1.061266556290E1  -9.969196728020E-1
   -1.056862898380E1  -9.966324395377E-1
   -1.052459240470E1  -9.963694183523E-1
   -1.048055582560E1  -9.960347660321E-1
   -1.043651924650E1  -9.957261821281E-1
   -1.039248266740E1  -9.953366510022E-1
   -1.034844608831E1  -9.949749918383E-1
   -1.030440950921E1  -9.945219931004E-1
   -1.026037293011E1  -9.940985606336E-1
   -1.021633635101E1  -9.935722113180E-1
   -1.017229977191E1  -9.930769430194E-1
   -1.012826319281E1  -9.924658779587E-1
   -1.008422661371E1  -9.918871425043E-1
   -1.004019003461E1  -9.911783005536E-1
   -9.996153455512E0  -9.905026651240E-1
   -9.952116876413E0  -9.897754406015E-1
   -9.908080297314E0  -9.888930126124E-1
   -9.864043718215E0  -9.880449813692E-1
   -9.820007139116E0  -9.870231087247E-1
   -9.775970560017E0  -9.860351058863E-1
   -9.731933980917E0  -9.848526521756E-1
   -9.687897401818E0  -9.837026233807E-1
   -9.643860822719E0  -9.823353898557E-1
   -9.599824243620E0  -9.809979893378E-1
   -9.555787664521E0  -9.794183046713E-1
   -9.511751085422E0  -9.778644475939E-1
   -9.467714506322E0  -9.761939155398E-1
   -9.423677927223E0  -9.742370810507E-1
   -9.379641348124E0  -9.722985682243E-1
   -9.335604769025E0  -9.700417701906E-1
   -9.291568189926E0  -9.677945608400E-1
   -9.247531610826E0  -9.651940625563E-1
   -9.203495031727E0  -9.625917606758E-1
   -9.159458452628E0  -9.595979620647E-1
   -9.115421873529E0  -9.565878456272E-1
   -9.071385294430E0  -9.533565234916E-1
   -9.027348715331E0  -9.496670065836E-1
   -8.983312136231E0  -9.459355556253E-1
   -8.939275557132E0  -9.416986334331E-1
   -8.895238978033E0  -9.373955352221E-1
   -8.851202398934E0  -9.325360356802E-1
   -8.807165819835E0  -9.275811376769E-1
   -8.763129240736E0  -9.220152696339E-1
   -8.719092661636E0  -9.163192485354E-1
   -8.675056082537E0  -9.102209039558E-1
   -8.631019503438E0  -9.034181454237E-1
   -8.586982924339E0  -8.964265023460E-1
   -8.542946345240E0  -8.886670943861E-1
   -8.498909766141E0  -8.806686420112E-1
   -8.454873187041E0  -8.718365476825E-1
   -8.410836607942E0  -8.627084743330E-1
   -8.366800028843E0  -8.529705145009E-1
   -8.322763449744E0  -8.422902723437E-1
   -8.278726870645E0  -8.312226168894E-1
   -8.234690291545E0  -8.191442340974E-1
   -8.190653712446E0  -8.066061974465E-1
   -8.146617133347E0  -7.929908566228E-1
   -8.102580554248E0  -7.788389484392E-1
   -8.058543975149E0  -7.638277310729E-1
   -8.014507396050E0  -7.476391229063E-1
   -7.970470816950E0  -7.308016788246E-1
   -7.926434237851E0  -7.127352059870E-1
   -7.882397658752E0  -6.939411238123E-1
   -7.838361079653E0  -6.738780595363E-1
   -7.794324500554E0  -6.530135342053E-1
   -7.750287921455E0  -6.310765015224E-1
   -7.706251342355E0  -6.078315948732E-1
   -7.662214763256E0  -5.837019857947E-1
   -7.618178184157E0  -5.582707855650E-1
   -7.574141605058E0  -5.319143366116E-1
   -7.530105025959E0  -5.042879319141E-1
   -7.486068446860E0  -4.757185602787E-1
   -7.442031867760E0  -4.460610189861E-1
   -7.397995288661E0  -4.152278234591E-1
   -7.353958709562E0  -3.834868370973E-1
   -7.309922130463E0  -3.506778047069E-1
   -7.265885551364E0  -3.170214631741E-1
   -7.221848972264E0  -2.824875798267E-1
   -7.177812393165E0  -2.471003192238E-1
   -7.133775814066E0  -2.110310233371E-1
   -7.089739234967E0  -1.742902852429E-1
   -7.045702655868E0  -1.370183289797E-1
   -7.001666076769E0  -9.927808301492E-2
   -6.957629497669E0  -6.118942116440E-2
   -6.913592918570E0  -2.284930886317E-2
   -6.869556339471E0   1.563135228520E-2
   -6.825519760372E0   5.414011117046E-2
   -6.781483181273E0   9.256876564089E-2
   -6.737446602174E0   1.307969887587E-1
   -6.693410023074E0   1.687160434501E-1
   -6.649373443975E0   2.062430213653E-1
   -6.605336864876E0   2.432301340622E-1
   -6.561300285777E0   2.796473736340E-1
   -6.517263706678E0   3.153129642931E-1
   -6.473227127579E0   3.501832544780E-1
   -6.429190548479E0   3.842697696308E-1
   -6.385153969380E0   4.173373699923E-1
   -6.341117390281E0   4.495274198579E-1
   -6.297080811182E0   4.805551081188E-1
   -6.253044232083E0   5.104913982071E-1
   -6.209007652983E0   5.394696561142E-1
   -6.164971073884E0   5.671432025538E-1
   -6.120934494785E0   5.938522479635E-1
   -6.076897915686E0   6.191991161056E-1
   -6.032861336587E0   6.433750347252E-1
   -5.988824757488E0   6.666199430698E-1
   -5.944788178388E0   6.884843681887E-1
   -5.900751599289E0   7.094722769471E-1
   -5.856715020190E0   7.290944931673E-1
   -5.812678441091E0   7.476331162880E-1
   -5.768641861992E0   7.653942696303E-1
   -5.724605282893E0   7.818598389537E-1
   -5.680568703793E0   7.976289439854E-1
   -5.636532124694E0   8.121619580398E-1
   -5.592495545595E0   8.257881151644E-1
   -5.548458966496E0   8.388355035528E-1
   -5.504422387397E0   8.507623179152E-1
   -5.460385808298E0   8.621913743546E-1
   -5.416349229198E0   8.725781263717E-1
   -5.372312650099E0   8.822582279359E-1
   -5.328276071000E0   8.915469011457E-1
   -5.284239491901E0   8.999205996459E-1
   -5.240202912802E0   9.079699508151E-1
   -5.196166333703E0   9.151837012113E-1
   -5.152129754603E0   9.218746195292E-1
   -5.108093175504E0   9.283235387543E-1
   -5.064056596405E0   9.340559552042E-1
   -5.020020017306E0   9.393602308015E-1
   -4.975983438207E0   9.444897264629E-1
   -4.931946859107E0   9.490116544515E-1
   -4.887910280008E0   9.533979675163E-1
   -4.843873700909E0   9.572406430766E-1
   -4.799837121810E0   9.607840230730E-1
   -4.755800542711E0   9.642360229339E-1
   -4.711763963612E0   9.672341285064E-1
   -4.667727384512E0   9.701657513454E-1
   -4.623690805413E0   9.726951568642E-1
   -4.579654226314E0   9.750205855678E-1
   -4.535617647215E0   9.773061860731E-1
   -4.491581068116E0   9.792602870058E-1
   -4.447544489017E0   9.810539017227E-1
   -4.403507909917E0   9.828266336582E-1
   -4.359471330818E0   9.843280282314E-1
   -4.315434751719E0   9.858186714882E-1
   -4.271398172620E0   9.870720186973E-1
   -4.227361593521E0   9.882194127096E-1
   -4.183325014422E0   9.893656624829E-1
   -4.139288435322E0   9.903198308898E-1
   -4.095251856223E0   9.911920267509E-1
   -4.051215277124E0   9.920690363548E-1
   -4.007178698025E0   9.927915470736E-1
   -3.963142118926E0   9.935217967468E-1
   -3.919105539826E0   9.941185986787E-1
   -3.875068960727E0   9.946627160339E-1
   -3.831032381628E0   9.952165088560E-1
   -3.786995802529E0   9.956641365840E-1
   -3.742959223430E0   9.960716187135E-1
   -3.698922644331E0   9.964893446673E-1
   -3.654886065231E0   9.968231605322E-1
   -3.610849486132E0   9.971672956530E-1
   -3.566812907033E0   9.974398910043E-1
   -3.522776327934E0   9.976873498452E-1
   -3.478739748835E0   9.979443896447E-1
   -3.434703169736E0   9.981455491826E-1
   -3.390666590636E0   9.983278501984E-1
   -3.346630011537E0   9.985186732629E-1
   -3.302593432438E0   9.986661597811E-1
   -3.258556853339E0   9.987995831447E-1
   -3.214520274240E0   9.989403420036E-1
   -3.170483695141E0   9.990477428825E-1
   -3.126447116041E0   9.991617324916E-1
   -3.082410536942E0   9.992478498244E-1
   -3.038373957843E0   9.993255003981E-1
   -2.994337378744E0   9.994085766982E-1
   -2.950300799645E0   9.994704940687E-1
   -2.906264220545E0   9.995262105184E-1
   -2.862227641446E0   9.995863024924E-1
   -2.818191062347E0   9.996304686487E-1
   -2.774154483248E0   9.996701263379E-1
   -2.730117904149E0   9.997132458639E-1
   -2.686081325050E0   9.997444859215E-1
   -2.642044745950E0   9.997724732663E-1
   -2.598008166851E0   9.998031508838E-1
   -2.553971587752E0   9.998250511866E-1
   -2.509935008653E0   9.998492038496E-1
   -2.465898429554E0   9.998662516997E-1
   -2.421861850455E0   9.998814591026E-1
   -2.377825271355E0   9.998983654110E-1
   -2.333788692256E0   9.999101153592E-1
   -2.289752113157E0   9.999205686989E-1
   -2.245715534058E0   9.999322822067E-1
   -2.201678954959E0   9.999402948874E-1
   -2.157642375860E0   9.999474030012E-1
   -2.113605796760E0   9.999554302563E-1
   -2.069569217661E0   9.999608325708E-1
   -2.025532638562E0   9.999656103985E-1
   -1.981496059463E0   9.999710472625E-1
   -1.937459480364E0   9.999746455658E-1
   -1.893422901264E0   9.999778175515E-1
   -1.849386322165E0   9.999814538487E-1
   -1.805349743066E0   9.999838195237E-1
   -1.761313163967E0   9.999865462580E-1
   -1.717276584868E0   9.999882969935E-1
   -1.673240005769E0   9.999898306893E-1
   -1.629203426669E0   9.999916106827E-1
   -1.585166847570E0   9.999927332058E-1
   -1.541130268471E0   9.999937126891E-1
   -1.497093689372E0   9.999948569066E-1
   -1.453057110273E0   9.999955653012E-1
   -1.409020531174E0   9.999961808032E-1
   -1.364983952074E0   9.999969042160E-1
   -1.320947372975E0   9.999973436799E-1
   -1.276910793876E0   9.999977237685E-1
   -1.232874214777E0   9.999981729983E-1
   -1.188837635678E0   9.999984406340E-1
   -1.144801056579E0   9.999986709649E-1
   -1.100764477479E0   9.999989445606E-1
   -1.056727898380E0   9.999991043239E-1
   -1.012691319281E0   9.999992410816E-1
  -9.686547401818E-1   9.999994042322E-1
  -9.246181610826E-1   9.999994975543E-1
  -8.805815819835E-1   9.999995769732E-1
  -8.365450028843E-1   9.999996720559E-1
  -7.925084237851E-1   9.999997252963E-1
  -7.484718446860E-1   9.999997703176E-1
  -7.044352655868E-1   9.999998243612E-1
  -6.603986864876E-1   9.999998539629E-1
  -6.163621073884E-1   9.999998788213E-1
  -5.723255282893E-1   9.999999087092E-1
  -5.282889491901E-1   9.999999247107E-1
  -4.842523700909E-1   9.999999380460E-1
  -4.402157909917E-1   9.999999540855E-1
  -3.961792118926E-1   9.999999624719E-1
  -3.521426327934E-1   9.999999694025E-1
  -3.081060536942E-1   9.999999777298E-1
  -2.640694745950E-1   9.999999819779E-1
  -2.200328954959E-1   9.999999854560E-1
  -1.759963163967E-1   9.999999896237E-1
  -1.319597372975E-1   9.999999916959E-1
  -8.792315819835E-2   9.999999933750E-1
  -4.388657909917E-2   9.999999953776E-1
   1.499999999979E-4   9.999999963469E-1
