#             e [au]            f [a.u.]
   -4.899873208668E1   -1.000000000000E0
   -4.894968428179E1   -1.000000000000E0
   -4.890063647690E1   -1.000000000000E0
   -4.885158867200E1   -1.000000000000E0
   -4.880254086711E1   -1.000000000000E0
   -4.875349306222E1   -1.000000000000E0
   -4.870444525733E1   -1.000000000000E0
   -4.865539745244E1   -1.000000000000E0
   -4.860634964755E1   -1.000000000000E0
   -4.855730184265E1   -1.000000000000E0
   -4.850825403776E1   -1.000000000000E0
   -4.845920623287E1   -1.000000000000E0
   -4.841015842798E1   -1.000000000000E0
   -4.836111062309E1   -1.000000000000E0
   -4.831206281820E1   -1.000000000000E0
   -4.826301501331E1   -1.000000000000E0
   -4.821396720841E1   -1.000000000000E0
   -4.816491940352E1   -1.000000000000E0
   -4.811587159863E1   -1.000000000000E0
   -4.806682379374E1   -1.000000000000E0
   -4.801777598885E1   -1.000000000000E0
   -4.796872818396E1   -1.000000000000E0
   -4.791968037906E1   -1.000000000000E0
   -4.787063257417E1   -1.000000000000E0
   -4.782158476928E1   -1.000000000000E0
   -4.777253696439E1   -1.000000000000E0
   -4.772348915950E1   -1.000000000000E0
   -4.767444135461E1   -1.000000000000E0
   -4.762539354972E1   -1.000000000000E0
   -4.757634574482E1   -1.000000000000E0
   -4.752729793993E1   -1.000000000000E0
   -4.747825013504E1   -1.000000000000E0
   -4.742920233015E1   -1.000000000000E0
   -4.738015452526E1   -1.000000000000E0
   -4.733110672037E1   -1.000000000000E0
   -4.728205891547E1   -1.000000000000E0
   -4.723301111058E1   -1.000000000000E0
   -4.718396330569E1   -1.000000000000E0
   -4.713491550080E1   -1.000000000000E0
   -4.708586769591E1   -1.000000000000E0
   -4.703681989102E1   -1.000000000000E0
   -4.698777208612E1   -1.000000000000E0
   -4.693872428123E1   -1.000000000000E0
   -4.688967647634E1   -1.000000000000E0
   -4.684062867145E1   -1.000000000000E0
   -4.679158086656E1   -1.000000000000E0
   -4.674253306167E1   -1.000000000000E0
   -4.669348525678E1   -1.000000000000E0
   -4.664443745188E1   -1.000000000000E0
   -4.659538964699E1   -1.000000000000E0
   -4.654634184210E1   -1.000000000000E0
   -4.649729403721E1   -1.000000000000E0
   -4.644824623232E1   -1.000000000000E0
   -4.639919842743E1   -1.000000000000E0
   -4.635015062253E1   -1.000000000000E0
   -4.630110281764E1   -1.000000000000E0
   -4.625205501275E1   -1.000000000000E0
   -4.620300720786E1  -9.999999830643E-1
   -4.615395940297E1  -9.999999511643E-1
   -4.610491159808E1  -9.999998612295E-1
   -4.605586379318E1  -9.999996741178E-1
   -4.600681598829E1  -9.999992911575E-1
   -4.595776818340E1  -9.999985574153E-1
   -4.590872037851E1  -9.999973937664E-1
   -4.585967257362E1  -9.999952197591E-1
   -4.581062476873E1  -9.999920441128E-1
   -4.576157696384E1  -9.999871837502E-1
   -4.571252915894E1  -9.999790518721E-1
   -4.566348135405E1  -9.999681986438E-1
   -4.561443354916E1  -9.999546248070E-1
   -4.556538574427E1  -9.999340371271E-1
   -4.551633793938E1  -9.999060353897E-1
   -4.546729013449E1  -9.998726270975E-1
   -4.541824232959E1  -9.998296169687E-1
   -4.536919452470E1  -9.997686120365E-1
   -4.532014671981E1  -9.996982677688E-1
   -4.527109891492E1  -9.996107205572E-1
   -4.522205111003E1  -9.995027743107E-1
   -4.517300330514E1  -9.993843546021E-1
   -4.512395550025E1  -9.992268894455E-1
   -4.507490769535E1  -9.990372489569E-1
   -4.502585989046E1  -9.988322116733E-1
   -4.497681208557E1  -9.985664197454E-1
   -4.492776428068E1  -9.982812107771E-1
   -4.487871647579E1  -9.979494737275E-1
   -4.482966867090E1  -9.975652818848E-1
   -4.478062086600E1  -9.971221709468E-1
   -4.473157306111E1  -9.966131117540E-1
   -4.468252525622E1  -9.960304830970E-1
   -4.463347745133E1  -9.953660446572E-1
   -4.458442964644E1  -9.946109101371E-1
   -4.453538184155E1  -9.938241736635E-1
   -4.448633403665E1  -9.928648196088E-1
   -4.443728623176E1  -9.918661283506E-1
   -4.438823842687E1  -9.906597807670E-1
   -4.433919062198E1  -9.894045045093E-1
   -4.429014281709E1  -9.880058940944E-1
   -4.424109501220E1  -9.864504604394E-1
   -4.419204720731E1  -9.847237218135E-1
   -4.414299940241E1  -9.826817792820E-1
   -4.409395159752E1  -9.805561485677E-1
   -4.404490379263E1  -9.782091362769E-1
   -4.399585598774E1  -9.757765292348E-1
   -4.394680818285E1  -9.729377771786E-1
   -4.389776037796E1  -9.698171648531E-1
   -4.384871257306E1  -9.663918546597E-1
   -4.379966476817E1  -9.628289834954E-1
   -4.375061696328E1  -9.587290298411E-1
   -4.370156915839E1  -9.544569443714E-1
   -4.365252135350E1  -9.495728187873E-1
   -4.360347354861E1  -9.444749097479E-1
   -4.355442574371E1  -9.386838996530E-1
   -4.350537793882E1  -9.326294565253E-1
   -4.345633013393E1  -9.260473553447E-1
   -4.340728232904E1  -9.186388860104E-1
   -4.335823452415E1  -9.108762487104E-1
   -4.330918671926E1  -9.024647557493E-1
   -4.326013891437E1  -8.933600377458E-1
   -4.321109110947E1  -8.835159064127E-1
   -4.316204330458E1  -8.728844658090E-1
   -4.311299549969E1  -8.614162624293E-1
   -4.306394769480E1  -8.490604791711E-1
   -4.301489988991E1  -8.357651786175E-1
   -4.296585208502E1  -8.214776009564E-1
   -4.291680428012E1  -8.061445218375E-1
   -4.286775647523E1  -7.899997758675E-1
   -4.281870867034E1  -7.724108198820E-1
   -4.276966086545E1  -7.536168223897E-1
   -4.272061306056E1  -7.338373559964E-1
   -4.267156525567E1  -7.124747400022E-1
   -4.262251745077E1  -6.897629238832E-1
   -4.257346964588E1  -6.658994024331E-1
   -4.252442184099E1  -6.403577403945E-1
   -4.247537403610E1  -6.135709663289E-1
   -4.242632623121E1  -5.850778106587E-1
   -4.237727842632E1  -5.552702327000E-1
   -4.232823062143E1  -5.239302950605E-1
   -4.227918281653E1  -4.909150603982E-1
   -4.223013501164E1  -4.565515531452E-1
   -4.218108720675E1  -4.207064343756E-1
   -4.213203940186E1  -3.833308586189E-1
   -4.208299159697E1  -3.446863137232E-1
   -4.203394379208E1  -3.047377451448E-1
   -4.198489598718E1  -2.635754833963E-1
   -4.193584818229E1  -2.213054969086E-1
   -4.188680037740E1  -1.780488916996E-1
   -4.183775257251E1  -1.339410319733E-1
   -4.178870476762E1  -8.913027684106E-2
   -4.173965696273E1  -4.377634425558E-2
   -4.169060915784E1   1.951670259300E-3
   -4.164156135294E1   4.787757539321E-2
   -4.159251354805E1   9.382060642049E-2
   -4.154346574316E1   1.395981151823E-1
   -4.149441793827E1   1.850283449208E-1
   -4.144537013338E1   2.299332023266E-1
   -4.139632232849E1   2.741409381774E-1
   -4.134727452359E1   3.174886520564E-1
   -4.129822671870E1   3.598245460104E-1
   -4.124917891381E1   4.009079723904E-1
   -4.120013110892E1   4.407980336399E-1
   -4.115108330403E1   4.793044830581E-1
   -4.110203549914E1   5.161761244487E-1
   -4.105298769424E1   5.516374368136E-1
   -4.100393988935E1   5.854925203952E-1
   -4.095489208446E1   6.174859134033E-1
   -4.090584427957E1   6.480047536423E-1
   -4.085679647468E1   6.768439332909E-1
   -4.080774866979E1   7.037486056585E-1
   -4.075870086490E1   7.292408203548E-1
   -4.070965306000E1   7.528261196974E-1
   -4.066060525511E1   7.750896524485E-1
   -4.061155745022E1   7.955204145419E-1
   -4.056250964533E1   8.147458837893E-1
   -4.051346184044E1   8.322475049081E-1
   -4.046441403555E1   8.486745834615E-1
   -4.041536623065E1   8.635102921898E-1
   -4.036631842576E1   8.771209086184E-1
   -4.031727062087E1   8.898582320624E-1
   -4.026822281598E1   9.012283172542E-1
   -4.021917501109E1   9.118544681918E-1
   -4.017012720620E1   9.212648498048E-1
   -4.012107940130E1   9.298020104809E-1
   -4.007203159641E1   9.375311448818E-1
   -4.002298379152E1   9.447414253012E-1
   -3.997393598663E1   9.510272471255E-1
   -3.992488818174E1   9.566829268790E-1
   -3.987584037685E1   9.617615769017E-1
   -3.982679257196E1   9.664951847040E-1
   -3.977774476706E1   9.705546363219E-1
   -3.972869696217E1   9.741772666637E-1
   -3.967964915728E1   9.774035304468E-1
   -3.963060135239E1   9.802708986209E-1
   -3.958155354750E1   9.828139806459E-1
   -3.953250574261E1   9.851824844048E-1
   -3.948345793771E1   9.871604680514E-1
   -3.943441013282E1   9.889026554015E-1
   -3.938536232793E1   9.904336168730E-1
   -3.933631452304E1   9.917757674660E-1
   -3.928726671815E1   9.929495106409E-1
   -3.923821891326E1   9.939733784614E-1
   -3.918917110836E1   9.948641669999E-1
   -3.914012330347E1   9.956370662717E-1
   -3.909107549858E1   9.963057841998E-1
   -3.904202769369E1   9.968826642779E-1
   -3.899297988880E1   9.973787967734E-1
   -3.894393208391E1   9.978041234136E-1
   -3.889488427902E1   9.981675356038E-1
   -3.884583647412E1   9.984769662939E-1
   -3.879678866923E1   9.987394756683E-1
   -3.874774086434E1   9.989413984898E-1
   -3.869869305945E1   9.991308422183E-1
   -3.864964525456E1   9.992897858382E-1
   -3.860059744967E1   9.994225613508E-1
   -3.855154964477E1   9.995329717969E-1
   -3.850250183988E1   9.996243449338E-1
   -3.845345403499E1   9.996995825728E-1
   -3.840440623010E1   9.997546399196E-1
   -3.835535842521E1   9.998059272785E-1
   -3.830631062032E1   9.998475093261E-1
   -3.825726281543E1   9.998810161457E-1
   -3.820821501053E1   9.999078413955E-1
   -3.815916720564E1   9.999266537778E-1
   -3.811011940075E1   9.999439821607E-1
   -3.806107159586E1   9.999575804644E-1
   -3.801202379097E1   9.999681664881E-1
   -3.796297598608E1   9.999753034247E-1
   -3.791392818118E1   9.999817840448E-1
   -3.786488037629E1   9.999867054271E-1
   -3.781583257140E1   9.999899152271E-1
   -3.776678476651E1   9.999927876720E-1
   -3.771773696162E1   9.999949059608E-1
   -3.766868915673E1   9.999962367101E-1
   -3.761964135183E1   9.999974051311E-1
   -3.757059354694E1   9.999982371961E-1
   -3.752154574205E1   9.999987379725E-1
   -3.747249793716E1   9.999991669428E-1
   -3.742345013227E1   9.999994172691E-1
   -3.737440232738E1   9.999996275999E-1
   -3.732535452249E1   9.999997667842E-1
   -3.727630671759E1   9.999998436606E-1
   -3.722725891270E1   9.999999058782E-1
   -3.717821110781E1   9.999999388851E-1
   -3.712916330292E1   9.999999648260E-1
   -3.708011549803E1   9.999999779786E-1
   -3.703106769314E1   9.999999879641E-1
   -3.698201988824E1   9.999999927740E-1
   -3.693297208335E1   9.999999962795E-1
   -3.688392427846E1   9.999999978722E-1
   -3.683487647357E1   9.999999989779E-1
   -3.678582866868E1   9.999999994476E-1
   -3.673678086379E1   9.999999997554E-1
   -3.668773305889E1   9.999999998763E-1
   -3.663868525400E1   9.999999999503E-1
   -3.658963744911E1   9.999999999768E-1
   -3.654058964422E1   9.999999999917E-1
   -3.649154183933E1   9.999999999965E-1
   -3.644249403444E1   9.999999999989E-1
   -3.639344622955E1   9.999999999996E-1
   -3.634439842465E1   9.999999999999E-1
   -3.629535061976E1    1.000000000000E0
   -3.624630281487E1    1.000000000000E0
   -3.619725500998E1    1.000000000000E0
   -3.614820720509E1    1.000000000000E0
   -3.609915940020E1    1.000000000000E0
   -3.605011159530E1    1.000000000000E0
   -3.600106379041E1    1.000000000000E0
   -3.595201598552E1    1.000000000000E0
   -3.590296818063E1    1.000000000000E0
   -3.585392037574E1    1.000000000000E0
   -3.580487257085E1    1.000000000000E0
   -3.575582476596E1    1.000000000000E0
   -3.570677696106E1    1.000000000000E0
   -3.565772915617E1    1.000000000000E0
   -3.560868135128E1    1.000000000000E0
   -3.555963354639E1    1.000000000000E0
   -3.551058574150E1    1.000000000000E0
   -3.546153793661E1    1.000000000000E0
   -3.541249013171E1    1.000000000000E0
   -3.536344232682E1    1.000000000000E0
   -3.531439452193E1    1.000000000000E0
   -3.526534671704E1    1.000000000000E0
   -3.521629891215E1    1.000000000000E0
   -3.516725110726E1    1.000000000000E0
   -3.511820330236E1    1.000000000000E0
   -3.506915549747E1    1.000000000000E0
   -3.502010769258E1    1.000000000000E0
   -3.497105988769E1    1.000000000000E0
   -3.492201208280E1    1.000000000000E0
   -3.487296427791E1   -1.000000000000E0
   -3.482391647302E1   -1.000000000000E0
   -3.477486866812E1   -1.000000000000E0
   -3.472582086323E1   -1.000000000000E0
   -3.467677305834E1   -1.000000000000E0
   -3.462772525345E1   -1.000000000000E0
   -3.457867744856E1   -1.000000000000E0
   -3.452962964367E1   -1.000000000000E0
   -3.448058183877E1   -1.000000000000E0
   -3.443153403388E1   -1.000000000000E0
   -3.438248622899E1   -1.000000000000E0
   -3.433343842410E1   -1.000000000000E0
   -3.428439061921E1   -1.000000000000E0
   -3.423534281432E1   -1.000000000000E0
   -3.418629500942E1   -1.000000000000E0
   -3.413724720453E1   -1.000000000000E0
   -3.408819939964E1   -1.000000000000E0
   -3.403915159475E1   -1.000000000000E0
   -3.399010378986E1   -1.000000000000E0
   -3.394105598497E1   -1.000000000000E0
   -3.389200818008E1   -1.000000000000E0
   -3.384296037518E1   -1.000000000000E0
   -3.379391257029E1   -1.000000000000E0
   -3.374486476540E1   -1.000000000000E0
   -3.369581696051E1   -1.000000000000E0
   -3.364676915562E1   -1.000000000000E0
   -3.359772135073E1   -1.000000000000E0
   -3.354867354583E1   -1.000000000000E0
   -3.349962574094E1   -1.000000000000E0
   -3.345057793605E1   -1.000000000000E0
   -3.340153013116E1   -1.000000000000E0
   -3.335248232627E1   -1.000000000000E0
   -3.330343452138E1   -1.000000000000E0
   -3.325438671648E1  -9.999999999999E-1
   -3.320533891159E1  -9.999999999999E-1
   -3.315629110670E1  -9.999999999997E-1
   -3.310724330181E1  -9.999999999993E-1
   -3.305819549692E1  -9.999999999986E-1
   -3.300914769203E1  -9.999999999972E-1
   -3.296009988714E1  -9.999999999945E-1
   -3.291105208224E1  -9.999999999894E-1
   -3.286200427735E1  -9.999999999804E-1
   -3.281295647246E1  -9.999999999645E-1
   -3.276390866757E1  -9.999999999373E-1
   -3.271486086268E1  -9.999999998918E-1
   -3.266581305779E1  -9.999999998173E-1
   -3.261676525289E1  -9.999999996976E-1
   -3.256771744800E1  -9.999999995089E-1
   -3.251866964311E1  -9.999999992165E-1
   -3.246962183822E1  -9.999999987708E-1
   -3.242057403333E1  -9.999999981019E-1
   -3.237152622844E1  -9.999999971124E-1
   -3.232247842355E1  -9.999999956685E-1
   -3.227343061865E1  -9.999999935888E-1
   -3.222438281376E1  -9.999999906295E-1
   -3.217533500887E1  -9.999999864672E-1
   -3.212628720398E1  -9.999999806764E-1
   -3.207723939909E1  -9.999999727034E-1
   -3.202819159420E1  -9.999999618330E-1
   -3.197914378930E1  -9.999999522792E-1
   -3.193009598441E1  -9.999999342874E-1
   -3.188104817952E1  -9.999999103214E-1
   -3.183200037463E1  -9.999998786582E-1
   -3.178295256974E1  -9.999998371504E-1
   -3.173390476485E1  -9.999997831398E-1
   -3.168485695995E1  -9.999997133562E-1
   -3.163580915506E1  -9.999996238003E-1
   -3.158676135017E1  -9.999995096085E-1
   -3.153771354528E1  -9.999993648975E-1
   -3.148866574039E1  -9.999991825869E-1
   -3.143961793550E1  -9.999989541963E-1
   -3.139057013061E1  -9.999987567370E-1
   -3.134152232571E1  -9.999984234974E-1
   -3.129247452082E1  -9.999980115890E-1
   -3.124342671593E1  -9.999975048836E-1
   -3.119437891104E1  -9.999968844315E-1
   -3.114533110615E1  -9.999961280505E-1
   -3.109628330126E1  -9.999952098641E-1
   -3.104723549636E1  -9.999940997875E-1
   -3.099818769147E1  -9.999931332731E-1
   -3.094913988658E1  -9.999915970924E-1
   -3.090009208169E1  -9.999897578332E-1
   -3.085104427680E1  -9.999875634454E-1
   -3.080199647191E1  -9.999849542145E-1
   -3.075294866701E1  -9.999818618080E-1
   -3.070390086212E1  -9.999782082239E-1
   -3.065485305723E1  -9.999749851251E-1
   -3.060580525234E1  -9.999700989303E-1
   -3.055675744745E1  -9.999643690982E-1
   -3.050770964256E1  -9.999576683221E-1
   -3.045866183767E1  -9.999498526936E-1
   -3.040961403277E1  -9.999407598465E-1
   -3.036056622788E1  -9.999326202732E-1
   -3.031151842299E1  -9.999207332515E-1
   -3.026247061810E1  -9.999069871953E-1
   -3.021342281321E1  -9.998911267259E-1
   -3.016437500832E1  -9.998728658718E-1
   -3.011532720342E1  -9.998562943652E-1
   -3.006627939853E1  -9.998327853729E-1
   -3.001723159364E1  -9.998058565605E-1
   -2.996818378875E1  -9.997750686862E-1
   -2.991913598386E1  -9.997399328705E-1
   -2.987008817897E1  -9.997075749137E-1
   -2.982104037407E1  -9.996629214371E-1
   -2.977199256918E1  -9.996121822834E-1
   -2.972294476429E1  -9.995546207092E-1
   -2.967389695940E1  -9.994894207169E-1
   -2.962484915451E1  -9.994284448844E-1
   -2.957580134962E1  -9.993464814374E-1
   -2.952675354473E1  -9.992539825105E-1
   -2.947770573983E1  -9.991497369966E-1
   -2.942865793494E1  -9.990510388611E-1
   -2.937961013005E1  -9.989209434409E-1
   -2.933056232516E1  -9.987748017176E-1
   -2.928151452027E1  -9.986108335471E-1
   -2.923246671538E1  -9.984536587753E-1
   -2.918341891048E1  -9.982503368770E-1
   -2.913437110559E1  -9.980228656233E-1
   -2.908532330070E1  -9.977686500364E-1
   -2.903627549581E1  -9.975219492446E-1
   -2.898722769092E1  -9.972084895467E-1
   -2.893817988603E1  -9.968590615511E-1
   -2.888913208114E1  -9.964699096751E-1
   -2.884008427624E1  -9.960876557488E-1
   -2.879103647135E1  -9.956101940606E-1
   -2.874198866646E1  -9.950796487975E-1
   -2.869294086157E1  -9.944906204208E-1
   -2.864389305668E1  -9.939051561931E-1
   -2.859484525179E1  -9.931856568091E-1
   -2.854579744689E1  -9.923884564506E-1
   -2.849674964200E1  -9.915894873831E-1
   -2.844770183711E1  -9.906185218776E-1
   -2.839865403222E1  -9.895447267647E-1
   -2.834960622733E1  -9.883580678853E-1
   -2.830055842244E1  -9.871556270151E-1
   -2.825151061754E1  -9.857158072079E-1
   -2.820246281265E1  -9.841274370885E-1
   -2.815341500776E1  -9.825057520352E-1
   -2.810436720287E1  -9.805835738391E-1
   -2.805531939798E1  -9.784666881063E-1
   -2.800627159309E1  -9.762899220376E-1
   -2.795722378820E1  -9.737349186026E-1
   -2.790817598330E1  -9.709258887530E-1
   -2.785912817841E1  -9.678396171745E-1
   -2.781008037352E1  -9.646370469960E-1
   -2.776103256863E1  -9.609263633837E-1
   -2.771198476374E1  -9.568566991587E-1
   -2.766293695885E1  -9.526087635356E-1
   -2.761388915395E1  -9.477308750583E-1
   -2.756484134906E1  -9.423914065575E-1
   -2.751579354417E1  -9.367889821639E-1
   -2.746674573928E1  -9.304118043251E-1
   -2.741769793439E1  -9.234463216972E-1
   -2.736865012950E1  -9.161055485657E-1
   -2.731960232460E1  -9.078212649061E-1
   -2.727055451971E1  -8.987955666607E-1
   -2.722150671482E1  -8.892504948371E-1
   -2.717245890993E1  -8.785705960120E-1
   -2.712341110504E1  -8.669698847700E-1
   -2.707436330015E1  -8.546723696214E-1
   -2.702531549526E1  -8.410317008550E-1
   -2.697626769036E1  -8.262690282406E-1
   -2.692721988547E1  -8.106022264358E-1
   -2.687817208058E1  -7.933789405923E-1
   -2.682912427569E1  -7.751056648491E-1
   -2.678007647080E1  -7.551361200708E-1
   -2.673102866591E1  -7.336961187567E-1
   -2.668198086101E1  -7.109815344100E-1
   -2.663293305612E1  -6.864004911320E-1
   -2.658388525123E1  -6.601745659193E-1
   -2.653483744634E1  -6.324791700222E-1
   -2.648578964145E1  -6.028217155888E-1
   -2.643674183656E1  -5.714186319846E-1
   -2.638769403167E1  -5.384279228652E-1
   -2.633864622677E1  -5.034992450309E-1
   -2.628959842188E1  -4.669778686917E-1
   -2.624055061699E1  -4.286179554305E-1
   -2.619150281210E1  -3.886372354608E-1
   -2.614245500721E1  -3.471917693469E-1
   -2.609340720232E1  -3.042154309450E-1
   -2.604435939742E1  -2.599717503432E-1
   -2.599531159253E1  -2.145008061148E-1
   -2.594626378764E1  -1.680278097967E-1
   -2.589721598275E1  -1.207408310352E-1
   -2.584816817786E1  -7.280935757090E-2
   -2.579912037297E1  -2.445866176748E-2
   -2.575007256807E1   2.409805145263E-2
   -2.570102476318E1   7.263830112116E-2
   -2.565197695829E1   1.209327035881E-1
   -2.560292915340E1   1.687754514617E-1
   -2.555388134851E1   2.159241272865E-1
   -2.550483354362E1   2.622255767959E-1
   -2.545578573873E1   3.074792748582E-1
   -2.540673793383E1   3.514362201606E-1
   -2.535769012894E1   3.940875270054E-1
   -2.530864232405E1   4.351261571323E-1
   -2.525959451916E1   4.746577784460E-1
   -2.521054671427E1   5.125027435522E-1
   -2.516149890938E1   5.484144648484E-1
   -2.511245110448E1   5.826895880786E-1
   -2.506340329959E1   6.149304315136E-1
   -2.501435549470E1   6.455420102985E-1
   -2.496530768981E1   6.740967747282E-1
   -2.491625988492E1   7.010909200002E-1
   -2.486721208003E1   7.263377272754E-1
   -2.481816427513E1   7.496036541270E-1
   -2.476911647024E1   7.714960229465E-1
   -2.472006866535E1   7.915202185257E-1
   -2.467102086046E1   8.103199183212E-1
   -2.462197305557E1   8.273923408197E-1
   -2.457292525068E1   8.433968591180E-1
   -2.452387744579E1   8.578306350638E-1
   -2.447482964089E1   8.713508306073E-1
   -2.442578183600E1   8.837449802337E-1
   -2.437673403111E1   8.948056504922E-1
   -2.432768622622E1   9.051701189386E-1
   -2.427863842133E1   9.143589320653E-1
   -2.422959061644E1   9.229755865645E-1
   -2.418054281154E1   9.305653127710E-1
   -2.413149500665E1   9.376911459896E-1
   -2.408244720176E1   9.439271163301E-1
   -2.403339939687E1   9.497917162340E-1
   -2.398435159198E1   9.548905894862E-1
   -2.393530378709E1   9.596957480621E-1
   -2.388625598219E1   9.640344971446E-1
   -2.383720817730E1   9.677668033518E-1
   -2.378816037241E1   9.712991319886E-1
   -2.373911256752E1   9.743171343516E-1
   -2.369006476263E1   9.771817809829E-1
   -2.364101695774E1   9.796123626910E-1
   -2.359196915285E1   9.819268117902E-1
   -2.354292134795E1   9.838766201959E-1
   -2.349387354306E1   9.857396562942E-1
   -2.344482573817E1   9.872977234965E-1
   -2.339577793328E1   9.887919018187E-1
   -2.334673012839E1   9.900321134905E-1
   -2.329768232350E1   9.912260577429E-1
   -2.324863451860E1   9.922094058561E-1
   -2.319958671371E1   9.931598871589E-1
   -2.315053890882E1   9.939364785614E-1
   -2.310149110393E1   9.946902587372E-1
   -2.305244329904E1   9.953010751576E-1
   -2.300339549415E1   9.958965162218E-1
   -2.295434768926E1   9.963749358587E-1
   -2.290529988436E1   9.968433887057E-1
   -2.285625207947E1   9.972164877092E-1
   -2.280720427458E1   9.975834789807E-1
   -2.275815646969E1   9.978731350713E-1
   -2.270910866480E1   9.981593737638E-1
   -2.266006085991E1   9.983831953703E-1
   -2.261101305501E1   9.986054211440E-1
   -2.256196525012E1   9.987775249065E-1
   -2.251291744523E1   9.989492191509E-1
   -2.246386964034E1   9.990808771153E-1
   -2.241482183545E1   9.992128562081E-1
   -2.236577403056E1   9.993130320329E-1
   -2.231672622566E1   9.994139402689E-1
   -2.226767842077E1   9.994897315867E-1
   -2.221863061588E1   9.995664492038E-1
   -2.216958281099E1   9.996234511066E-1
   -2.212053500610E1   9.996814308441E-1
   -2.207148720121E1   9.997240334149E-1
   -2.202243939632E1   9.997675771794E-1
   -2.197339159142E1   9.997992081223E-1
   -2.192434378653E1   9.998316936582E-1
   -2.187529598164E1   9.998550154138E-1
   -2.182624817675E1   9.998790813845E-1
   -2.177720037186E1   9.998961506528E-1
   -2.172815256697E1   9.999138472367E-1
   -2.167910476207E1   9.999262435645E-1
   -2.163005695718E1   9.999391545466E-1
   -2.158100915229E1   9.999480835463E-1
   -2.153196134740E1   9.999574249182E-1
   -2.148291354251E1   9.999638007598E-1
   -2.143386573762E1   9.999705000213E-1
   -2.138481793272E1   9.999750110495E-1
   -2.133577012783E1   9.999788619399E-1
   -2.128672232294E1   9.999829313769E-1
   -2.123767451805E1   9.999856194957E-1
   -2.118862671316E1   9.999884713065E-1
   -2.113957890827E1   9.999903280455E-1
   -2.109053110338E1   9.999923051220E-1
   -2.104148329848E1   9.999935733172E-1
   -2.099243549359E1   9.999949283408E-1
   -2.094338768870E1   9.999957842937E-1
   -2.089433988381E1   9.999967017221E-1
   -2.084529207892E1   9.999972721671E-1
   -2.079624427403E1   9.999978853010E-1
   -2.074719646913E1   9.999982603802E-1
   -2.069814866424E1   9.999985717842E-1
   -2.064910085935E1   9.999989076178E-1
   -2.060005305446E1   9.999991083588E-1
   -2.055100524957E1   9.999993252558E-1
   -2.050195744468E1   9.999994526465E-1
   -2.045290963978E1   9.999995904840E-1
   -2.040386183489E1   9.999996699832E-1
   -2.035481403000E1   9.999997560781E-1
   -2.030576622511E1   9.999998048089E-1
   -2.025671842022E1   9.999998442113E-1
   -2.020767061533E1   9.999998869014E-1
   -2.015862281044E1   9.999999104243E-1
   -2.010957500554E1   9.999999358952E-1
   -2.006052720065E1   9.999999496448E-1
   -2.001147939576E1   9.999999645135E-1
   -1.996243159087E1   9.999999723701E-1
   -1.991338378598E1   9.999999785575E-1
   -1.986433598109E1   9.999999852292E-1
   -1.981528817619E1   9.999999886480E-1
   -1.976624037130E1   9.999999923220E-1
   -1.971719256641E1   9.999999941606E-1
   -1.966814476152E1   9.999999961278E-1
   -1.961909695663E1   9.999999970882E-1
   -1.957004915174E1   9.999999978195E-1
   -1.952100134685E1   9.999999985960E-1
   -1.947195354195E1   9.999999989617E-1
   -1.942290573706E1   9.999999993472E-1
   -1.937385793217E1   9.999999995238E-1
   -1.932481012728E1   9.999999997083E-1
   -1.927576232239E1   9.999999997903E-1
   -1.922671451750E1   9.999999998501E-1
   -1.917766671260E1   9.999999999117E-1
   -1.912861890771E1   9.999999999379E-1
   -1.907957110282E1   9.999999999645E-1
   -1.903052329793E1   9.999999999755E-1
   -1.898147549304E1   9.999999999832E-1
   -1.893242768815E1   9.999999999909E-1
   -1.888337988325E1   9.999999999939E-1
   -1.883433207836E1   9.999999999968E-1
   -1.878528427347E1   9.999999999979E-1
   -1.873623646858E1   9.999999999989E-1
   -1.868718866369E1   9.999999999993E-1
   -1.863814085880E1   9.999999999996E-1
   -1.858909305391E1   9.999999999998E-1
   -1.854004524901E1   9.999999999999E-1
   -1.849099744412E1   9.999999999999E-1
   -1.844194963923E1    1.000000000000E0
   -1.839290183434E1    1.000000000000E0
   -1.834385402945E1    1.000000000000E0
   -1.829480622456E1    1.000000000000E0
   -1.824575841966E1    1.000000000000E0
   -1.819671061477E1    1.000000000000E0
   -1.814766280988E1    1.000000000000E0
   -1.809861500499E1    1.000000000000E0
   -1.804956720010E1    1.000000000000E0
   -1.800051939521E1    1.000000000000E0
   -1.795147159031E1    1.000000000000E0
   -1.790242378542E1    1.000000000000E0
   -1.785337598053E1    1.000000000000E0
   -1.780432817564E1    1.000000000000E0
   -1.775528037075E1    1.000000000000E0
   -1.770623256586E1    1.000000000000E0
   -1.765718476097E1    1.000000000000E0
   -1.760813695607E1    1.000000000000E0
   -1.755908915118E1    1.000000000000E0
   -1.751004134629E1    1.000000000000E0
   -1.746099354140E1    1.000000000000E0
   -1.741194573651E1    1.000000000000E0
   -1.736289793162E1    1.000000000000E0
   -1.731385012672E1    1.000000000000E0
   -1.726480232183E1    1.000000000000E0
   -1.721575451694E1    1.000000000000E0
   -1.716670671205E1    1.000000000000E0
   -1.711765890716E1    1.000000000000E0
   -1.706861110227E1    1.000000000000E0
   -1.701956329738E1    1.000000000000E0
   -1.697051549248E1    1.000000000000E0
   -1.692146768759E1    1.000000000000E0
   -1.687241988270E1    1.000000000000E0
   -1.682337207781E1    1.000000000000E0
   -1.677432427292E1    1.000000000000E0
   -1.672527646803E1    1.000000000000E0
   -1.667622866313E1    1.000000000000E0
   -1.662718085824E1    1.000000000000E0
   -1.657813305335E1    1.000000000000E0
   -1.652908524846E1    1.000000000000E0
   -1.648003744357E1    1.000000000000E0
   -1.643098963868E1    1.000000000000E0
   -1.638194183378E1    1.000000000000E0
   -1.633289402889E1    1.000000000000E0
   -1.628384622400E1    1.000000000000E0
   -1.623479841911E1    1.000000000000E0
   -1.618575061422E1    1.000000000000E0
   -1.613670280933E1    1.000000000000E0
   -1.608765500444E1    1.000000000000E0
   -1.603860719954E1    1.000000000000E0
   -1.598955939465E1    1.000000000000E0
   -1.594051158976E1    1.000000000000E0
   -1.589146378487E1    1.000000000000E0
   -1.584241597998E1    1.000000000000E0
   -1.579336817509E1    1.000000000000E0
   -1.574432037019E1    1.000000000000E0
   -1.569527256530E1    1.000000000000E0
   -1.564622476041E1    1.000000000000E0
   -1.559717695552E1    1.000000000000E0
   -1.554812915063E1   -1.000000000000E0
   -1.549908134574E1   -1.000000000000E0
   -1.545003354084E1   -1.000000000000E0
   -1.540098573595E1   -1.000000000000E0
   -1.535193793106E1   -1.000000000000E0
   -1.530289012617E1   -1.000000000000E0
   -1.525384232128E1   -1.000000000000E0
   -1.520479451639E1   -1.000000000000E0
   -1.515574671150E1   -1.000000000000E0
   -1.510669890660E1   -1.000000000000E0
   -1.505765110171E1   -1.000000000000E0
   -1.500860329682E1   -1.000000000000E0
   -1.495955549193E1   -1.000000000000E0
   -1.491050768704E1   -1.000000000000E0
   -1.486145988215E1   -1.000000000000E0
   -1.481241207725E1   -1.000000000000E0
   -1.476336427236E1   -1.000000000000E0
   -1.471431646747E1   -1.000000000000E0
   -1.466526866258E1   -1.000000000000E0
   -1.461622085769E1   -1.000000000000E0
   -1.456717305280E1   -1.000000000000E0
   -1.451812524790E1   -1.000000000000E0
   -1.446907744301E1   -1.000000000000E0
   -1.442002963812E1   -1.000000000000E0
   -1.437098183323E1   -1.000000000000E0
   -1.432193402834E1   -1.000000000000E0
   -1.427288622345E1   -1.000000000000E0
   -1.422383841856E1   -1.000000000000E0
   -1.417479061366E1   -1.000000000000E0
   -1.412574280877E1   -1.000000000000E0
   -1.407669500388E1   -1.000000000000E0
   -1.402764719899E1   -1.000000000000E0
   -1.397859939410E1   -1.000000000000E0
   -1.392955158921E1   -1.000000000000E0
   -1.388050378431E1   -1.000000000000E0
   -1.383145597942E1   -1.000000000000E0
   -1.378240817453E1   -1.000000000000E0
   -1.373336036964E1   -1.000000000000E0
   -1.368431256475E1   -1.000000000000E0
   -1.363526475986E1   -1.000000000000E0
   -1.358621695497E1   -1.000000000000E0
   -1.353716915007E1   -1.000000000000E0
   -1.348812134518E1   -1.000000000000E0
   -1.343907354029E1   -1.000000000000E0
   -1.339002573540E1   -1.000000000000E0
   -1.334097793051E1   -1.000000000000E0
   -1.329193012562E1   -1.000000000000E0
   -1.324288232072E1   -1.000000000000E0
   -1.319383451583E1   -1.000000000000E0
   -1.314478671094E1   -1.000000000000E0
   -1.309573890605E1   -1.000000000000E0
   -1.304669110116E1   -1.000000000000E0
   -1.299764329627E1   -1.000000000000E0
   -1.294859549137E1   -1.000000000000E0
   -1.289954768648E1   -1.000000000000E0
   -1.285049988159E1   -1.000000000000E0
   -1.280145207670E1   -1.000000000000E0
   -1.275240427181E1   -1.000000000000E0
   -1.270335646692E1   -1.000000000000E0
   -1.265430866203E1   -1.000000000000E0
   -1.260526085713E1   -1.000000000000E0
   -1.255621305224E1   -1.000000000000E0
   -1.250716524735E1   -1.000000000000E0
   -1.245811744246E1   -1.000000000000E0
   -1.240906963757E1   -1.000000000000E0
   -1.236002183268E1   -1.000000000000E0
   -1.231097402778E1   -1.000000000000E0
   -1.226192622289E1   -1.000000000000E0
   -1.221287841800E1  -9.999999999999E-1
   -1.216383061311E1  -9.999999999999E-1
   -1.211478280822E1  -9.999999999999E-1
   -1.206573500333E1  -9.999999999998E-1
   -1.201668719843E1  -9.999999999997E-1
   -1.196763939354E1  -9.999999999996E-1
   -1.191859158865E1  -9.999999999994E-1
   -1.186954378376E1  -9.999999999989E-1
   -1.182049597887E1  -9.999999999985E-1
   -1.177144817398E1  -9.999999999979E-1
   -1.172240036909E1  -9.999999999962E-1
   -1.167335256419E1  -9.999999999949E-1
   -1.162430475930E1  -9.999999999931E-1
   -1.157525695441E1  -9.999999999884E-1
   -1.152620914952E1  -9.999999999845E-1
   -1.147716134463E1  -9.999999999793E-1
   -1.142811353974E1  -9.999999999727E-1
   -1.137906573484E1  -9.999999999559E-1
   -1.133001792995E1  -9.999999999423E-1
   -1.128097012506E1  -9.999999999248E-1
   -1.123192232017E1  -9.999999998823E-1
   -1.118287451528E1  -9.999999998482E-1
   -1.113382671039E1  -9.999999998049E-1
   -1.108477890549E1  -9.999999997032E-1
   -1.103573110060E1  -9.999999996222E-1
   -1.098668329571E1  -9.999999995206E-1
   -1.093763549082E1  -9.999999993933E-1
   -1.088858768593E1  -9.999999991054E-1
   -1.083953988104E1  -9.999999988776E-1
   -1.079049207615E1  -9.999999985955E-1
   -1.074144427125E1  -9.999999979752E-1
   -1.069239646636E1  -9.999999974857E-1
   -1.064334866147E1  -9.999999968851E-1
   -1.059430085658E1  -9.999999961500E-1
   -1.054525305169E1  -9.999999945885E-1
   -1.049620524680E1  -9.999999933571E-1
   -1.044715744190E1  -9.999999918625E-1
   -1.039810963701E1  -9.999999887706E-1
   -1.034906183212E1  -9.999999863297E-1
   -1.030001402723E1  -9.999999833899E-1
   -1.025096622234E1  -9.999999798553E-1
   -1.020191841745E1  -9.999999727711E-1
   -1.015287061256E1  -9.999999671609E-1
   -1.010382280766E1  -9.999999604618E-1
   -1.005477500277E1  -9.999999473611E-1
   -1.000572719788E1  -9.999999369467E-1
   -9.956679392989E0  -9.999999245884E-1
   -9.907631588097E0  -9.999999099440E-1
   -9.858583783206E0  -9.999998821414E-1
   -9.809535978314E0  -9.999998599006E-1
   -9.760488173423E0  -9.999998336928E-1
   -9.711440368531E0  -9.999997850753E-1
   -9.662392563639E0  -9.999997459479E-1
   -9.613344758748E0  -9.999997000772E-1
   -9.564296953856E0  -9.999996463624E-1
   -9.515249148965E0  -9.999995494717E-1
   -9.466201344073E0  -9.999994708096E-1
   -9.417153539182E0  -9.999993791183E-1
   -9.368105734290E0  -9.999992723488E-1
   -9.319057929398E0  -9.999990849414E-1
   -9.270010124507E0  -9.999989312815E-1
   -9.220962319615E0  -9.999987530903E-1
   -9.171914514724E0  -9.999984469525E-1
   -9.122866709832E0  -9.999981937770E-1
   -9.073818904941E0  -9.999979012945E-1
   -9.024771100049E0  -9.999975636833E-1
   -8.975723295157E0  -9.999969985838E-1
   -8.926675490266E0  -9.999965258137E-1
   -8.877627685374E0  -9.999959819571E-1
   -8.828579880483E0  -9.999953567897E-1
   -8.779532075591E0  -9.999943366729E-1
   -8.730484270700E0  -9.999934726559E-1
   -8.681436465808E0  -9.999924825091E-1
   -8.632388660916E0  -9.999908988581E-1
   -8.583340856025E0  -9.999895436903E-1
   -8.534293051133E0  -9.999879950750E-1
   -8.485245246242E0  -9.999862264665E-1
   -8.436197441350E0  -9.999834658515E-1
   -8.387149636459E0  -9.999810717320E-1
   -8.338101831567E0  -9.999783444495E-1
   -8.289054026675E0  -9.999752393095E-1
   -8.240006221784E0  -9.999705064120E-1
   -8.190958416892E0  -9.999663447858E-1
   -8.141910612001E0  -9.999616173909E-1
   -8.092862807109E0  -9.999562498688E-1
   -8.043815002218E0  -9.999482560733E-1
   -7.994767197326E0  -9.999411270438E-1
   -7.945719392434E0  -9.999330492675E-1
   -7.896671587543E0  -9.999212356905E-1
   -7.847623782651E0  -9.999105788788E-1
   -7.798575977760E0  -9.998985264832E-1
   -7.749528172868E0  -9.998849009201E-1
   -7.700480367977E0  -9.998654083067E-1
   -7.651432563085E0  -9.998475675965E-1
   -7.602384758193E0  -9.998274319944E-1
   -7.553336953302E0  -9.998047138607E-1
   -7.504289148410E0  -9.997729010282E-1
   -7.455241343519E0  -9.997433569361E-1
   -7.406193538627E0  -9.997100733850E-1
   -7.357145733736E0  -9.996725879101E-1
   -7.308097928844E0  -9.996211707034E-1
   -7.259050123952E0  -9.995727206919E-1
   -7.210002319061E0  -9.995182263783E-1
   -7.160954514169E0  -9.994569490282E-1
   -7.111906709278E0  -9.993745583828E-1
   -7.062858904386E0  -9.992957935095E-1
   -7.013811099495E0  -9.992073284289E-1
   -6.964763294603E0  -9.991079898184E-1
   -6.915715489711E0  -9.989769627729E-1
   -6.866667684820E0  -9.988499058097E-1
   -6.817619879928E0  -9.987073794499E-1
   -6.768572075037E0  -9.985475295615E-1
   -6.719524270145E0  -9.983405304776E-1
   -6.670476465254E0  -9.981369841408E-1
   -6.621428660362E0  -9.979089059851E-1
   -6.572380855470E0  -9.976533796087E-1
   -6.523333050579E0  -9.973282412777E-1
   -6.474285245687E0  -9.970041596021E-1
   -6.425237440796E0  -9.966413709048E-1
   -6.376189635904E0  -9.962353084099E-1
   -6.327141831013E0  -9.957271755338E-1
   -6.278094026121E0  -9.952140233666E-1
   -6.229046221229E0  -9.946400852588E-1
   -6.179998416338E0  -9.939982436867E-1
   -6.130950611446E0  -9.932076596736E-1
   -6.081902806555E0  -9.923992282076E-1
   -6.032855001663E0  -9.914957817339E-1
   -5.983807196772E0  -9.904862883508E-1
   -5.934759391880E0  -9.892612657120E-1
   -5.885711586988E0  -9.879937462373E-1
   -5.836663782097E0  -9.865784548597E-1
   -5.787615977205E0  -9.849984159109E-1
   -5.738568172314E0  -9.831078017579E-1
   -5.689520367422E0  -9.811301426417E-1
   -5.640472562531E0  -9.789240523106E-1
   -5.591424757639E0  -9.764636785720E-1
   -5.542376952747E0  -9.735584776919E-1
   -5.493329147856E0  -9.704894500912E-1
   -5.444281342964E0  -9.670701484473E-1
   -5.395233538073E0  -9.632618181033E-1
   -5.346185733181E0  -9.588212377248E-1
   -5.297137928290E0  -9.540900917459E-1
   -5.248090123398E0  -9.488280376455E-1
   -5.199042318506E0  -9.429784028825E-1
   -5.149994513615E0  -9.364791898885E-1
   -5.100946708723E0  -9.290112548051E-1
   -5.051898903832E0  -9.209917606296E-1
   -5.002851098940E0  -9.121018682633E-1
   -4.953803294049E0  -9.022556479422E-1
   -4.904755489157E0  -8.910784909881E-1
   -4.855707684265E0  -8.790264545180E-1
   -4.806659879374E0  -8.657230808897E-1
   -4.757612074482E0  -8.510580440636E-1
   -4.708564269591E0  -8.346210926267E-1
   -4.659516464699E0  -8.168778247513E-1
   -4.610468659808E0  -7.974170946284E-1
   -4.561420854916E0  -7.761154698090E-1
   -4.512373050025E0  -7.525726093992E-1
   -4.463325245133E0  -7.272282785170E-1
   -4.414277440241E0  -6.996905487777E-1
   -4.365229635350E0  -6.698565581123E-1
   -4.316181830458E0  -6.376372163606E-1
   -4.267134025567E0  -6.027500478185E-1
   -4.218086220675E0  -5.655839367284E-1
   -4.169038415784E0  -5.258940310440E-1
   -4.119990610892E0  -4.836912029769E-1
   -4.070942806000E0  -4.389007749682E-1
   -4.021895001109E0  -3.918713397999E-1
   -3.972847196217E0  -3.425928789505E-1
   -3.923799391326E0  -2.912387056659E-1
   -3.874751586434E0  -2.379888990185E-1
   -3.825703781543E0  -1.831903347983E-1
   -3.776655976651E0  -1.270896475612E-1
   -3.727608171759E0  -7.001831707683E-2
   -3.678560366868E0  -1.233412473999E-2
   -3.629512561976E0   4.558832290113E-2
   -3.580464757085E0   1.033670668127E-1
   -3.531416952193E0   1.606200138164E-1
   -3.482369147302E0   2.169767148492E-1
   -3.433321342410E0   2.721350627978E-1
   -3.384273537518E0   3.256964428150E-1
   -3.335225732627E0   3.774098540060E-1
   -3.286177927735E0   4.270326394308E-1
   -3.237130122844E0   4.743667383894E-1
   -3.188082317952E0   5.194167365363E-1
   -3.139034513061E0   5.617793714886E-1
   -3.089986708169E0   6.015297280725E-1
   -3.040938903277E0   6.386446214902E-1
   -2.991891098386E0   6.733784682456E-1
   -2.942843293494E0   7.053020617341E-1
   -2.893795488603E0   7.347164015815E-1
   -2.844747683711E0   7.617140510847E-1
   -2.795699878820E0   7.864042431126E-1
   -2.746652073928E0   8.091954860786E-1
   -2.697604269036E0   8.296398460696E-1
   -2.648556464145E0   8.481598026561E-1
   -2.599508659253E0   8.648910837342E-1
   -2.550460854362E0   8.802522450448E-1
   -2.501413049470E0   8.937971516068E-1
   -2.452365244579E0   9.059461114036E-1
   -2.403317439687E0   9.168207757387E-1
   -2.354269634795E0   9.265362587335E-1
   -2.305221829904E0   9.354398932670E-1
   -2.256174025012E0   9.431402644271E-1
   -2.207126220121E0   9.499837273671E-1
   -2.158078415229E0   9.560564776120E-1
   -2.109030610338E0   9.614375921298E-1
   -2.059982805446E0   9.663802100160E-1
   -2.010935000554E0   9.705752317793E-1
   -1.961887195663E0   9.742768216138E-1
   -1.912839390771E0   9.775389725420E-1
   -1.863791585880E0   9.805475244139E-1
   -1.814743780988E0   9.830607192301E-1
   -1.765695976097E0   9.852669856247E-1
   -1.716648171205E0   9.872015532402E-1
   -1.667600366313E0   9.888959178332E-1
   -1.618552561422E0   9.904682555134E-1
   -1.569504756530E0   9.917550974529E-1
   -1.520456951639E0   9.928778000713E-1
   -1.471409146747E0   9.938561307082E-1
   -1.422361341856E0   9.947076226084E-1
   -1.373313536964E0   9.955032752476E-1
   -1.324265732072E0   9.961401699232E-1
   -1.275217927181E0   9.966921394538E-1
   -1.226170122289E0   9.971698688221E-1
   -1.177122317398E0   9.976188694702E-1
   -1.128074512506E0   9.979712118931E-1
   -1.079026707615E0   9.982746984015E-1
   -1.029978902723E0   9.985357023357E-1
  -9.809310978314E-1   9.987598133371E-1
  -9.318832929398E-1   9.989716779734E-1
  -8.828354880483E-1   9.991336504928E-1
  -8.337876831567E-1   9.992719154716E-1
  -7.847398782651E-1   9.993897186441E-1
  -7.356920733736E-1   9.994898885438E-1
  -6.866442684820E-1   9.995849028493E-1
  -6.375964635904E-1   9.996555002850E-1
  -5.885486586988E-1   9.997150854496E-1
  -5.395008538073E-1   9.997652523037E-1
  -4.904530489157E-1   9.998073798599E-1
  -4.414052440241E-1   9.998472762892E-1
  -3.923574391326E-1   9.998760196434E-1
  -3.433096342410E-1   9.998999217109E-1
  -2.942618293494E-1   9.999197333935E-1
  -2.452140244579E-1   9.999360995648E-1
  -1.961662195663E-1   9.999514250798E-1
  -1.471184146747E-1   9.999621402403E-1
  -9.807060978314E-2   9.999709036502E-1
  -4.902280489156E-2   9.999780831035E-1
   2.500000000083E-5   9.999841388219E-1
