#             e [au]            f [a.u.]
   -1.152000000000E1   -9.599587687122E0
   -1.150846846847E1   -9.594778454179E0
   -1.149693693694E1   -9.589966783062E0
   -1.148540540541E1   -9.585152669998E0
   -1.147387387387E1   -9.580336110804E0
   -1.146234234234E1   -9.575517101683E0
   -1.145081081081E1   -9.570695638419E0
   -1.143927927928E1   -9.565871717196E0
   -1.142774774775E1   -9.561045333752E0
   -1.141621621622E1   -9.556216484254E0
   -1.140468468468E1   -9.551385164418E0
   -1.139315315315E1   -9.546551370356E0
   -1.138162162162E1   -9.541715097772E0
   -1.137009009009E1   -9.536876342751E0
   -1.135855855856E1   -9.532035100956E0
   -1.134702702703E1   -9.527191368445E0
   -1.133549549550E1   -9.522345140847E0
   -1.132396396396E1   -9.517496414194E0
   -1.131243243243E1   -9.512645184080E0
   -1.130090090090E1   -9.507791446499E0
   -1.128936936937E1   -9.502935197019E0
   -1.127783783784E1   -9.498076431604E0
   -1.126630630631E1   -9.493215145782E0
   -1.125477477477E1   -9.488351335485E0
   -1.124324324324E1   -9.483484996323E0
   -1.123171171171E1   -9.478616123862E0
   -1.122018018018E1   -9.473744713997E0
   -1.120864864865E1   -9.468870762163E0
   -1.119711711712E1   -9.463994264210E0
   -1.118558558559E1   -9.459115215546E0
   -1.117405405405E1   -9.454233611976E0
   -1.116252252252E1   -9.449349448876E0
   -1.115099099099E1   -9.444462722021E0
   -1.113945945946E1   -9.439573426732E0
   -1.112792792793E1   -9.434681558763E0
   -1.111639639640E1   -9.429787113391E0
   -1.110486486486E1   -9.424890086333E0
   -1.109333333333E1   -9.419990472826E0
   -1.108180180180E1   -9.415088268541E0
   -1.107027027027E1   -9.410183468688E0
   -1.105873873874E1   -9.405276068888E0
   -1.104720720721E1   -9.400366064322E0
   -1.103567567568E1   -9.395453450557E0
   -1.102414414414E1   -9.390538222736E0
   -1.101261261261E1   -9.385620376384E0
   -1.100108108108E1   -9.380699906600E0
   -1.098954954955E1   -9.375776808878E0
   -1.097801801802E1   -9.370851078259E0
   -1.096648648649E1   -9.365922710189E0
   -1.095495495495E1   -9.360991699789E0
   -1.094342342342E1   -9.356058042129E0
   -1.093189189189E1   -9.351121732601E0
   -1.092036036036E1   -9.346182766124E0
   -1.090882882883E1   -9.341241138035E0
   -1.089729729730E1   -9.336296843229E0
   -1.088576576577E1   -9.331349876978E0
   -1.087423423423E1   -9.326400234118E0
   -1.086270270270E1   -9.321447909894E0
   -1.085117117117E1   -9.316492899077E0
   -1.083963963964E1   -9.311535196856E0
   -1.082810810811E1   -9.306574797968E0
   -1.081657657658E1   -9.301611697534E0
   -1.080504504505E1   -9.296645890239E0
   -1.079351351351E1   -9.291677371161E0
   -1.078198198198E1   -9.286706134917E0
   -1.077045045045E1   -9.281732176532E0
   -1.075891891892E1   -9.276755490575E0
   -1.074738738739E1   -9.271776072007E0
   -1.073585585586E1   -9.266793915329E0
   -1.072432432432E1   -9.261809015463E0
   -1.071279279279E1   -9.256821366841E0
   -1.070126126126E1   -9.251830964312E0
   -1.068972972973E1   -9.246837802259E0
   -1.067819819820E1   -9.241841875467E0
   -1.066666666667E1   -9.236843178364E0
   -1.065513513514E1   -9.231841705336E0
   -1.064360360360E1   -9.226837451074E0
   -1.063207207207E1   -9.221830409791E0
   -1.062054054054E1   -9.216820576114E0
   -1.060900900901E1   -9.211807944175E0
   -1.059747747748E1   -9.206792508541E0
   -1.058594594595E1   -9.201774263271E0
   -1.057441441441E1   -9.196753202839E0
   -1.056288288288E1   -9.191729321246E0
   -1.055135135135E1   -9.186702612902E0
   -1.053981981982E1   -9.181673071767E0
   -1.052828828829E1   -9.176640692062E0
   -1.051675675676E1   -9.171605467676E0
   -1.050522522523E1   -9.166567392857E0
   -1.049369369369E1   -9.161526461357E0
   -1.048216216216E1   -9.156482667328E0
   -1.047063063063E1   -9.151436004437E0
   -1.045909909910E1   -9.146386466768E0
   -1.044756756757E1   -9.141334047887E0
   -1.043603603604E1   -9.136278741772E0
   -1.042450450450E1   -9.131220541909E0
   -1.041297297297E1   -9.126159442189E0
   -1.040144144144E1   -9.121095436097E0
   -1.038990990991E1   -9.116028517095E0
   -1.037837837838E1   -9.110958678904E0
   -1.036684684685E1   -9.105885914773E0
   -1.035531531532E1   -9.100810218313E0
   -1.034378378378E1   -9.095731582664E0
   -1.033225225225E1   -9.090650001335E0
   -1.032072072072E1   -9.085565467344E0
   -1.030918918919E1   -9.080477974092E0
   -1.029765765766E1   -9.075387514471E0
   -1.028612612613E1   -9.070294081771E0
   -1.027459459459E1   -4.421156744035E0
   -1.026306306306E1   -4.330547100139E0
   -1.025153153153E1   -4.231033050887E0
   -1.024000000000E1   -4.135439388415E0
   -1.022846846847E1   -4.054469103985E0
   -1.021693693694E1   -3.965566534015E0
   -1.020540540541E1   -3.890038311671E0
   -1.019387387387E1   -3.807143100200E0
   -1.018234234234E1   -3.736511837470E0
   -1.017081081081E1   -3.667979580286E0
   -1.015927927928E1   -3.601451946922E0
   -1.014774774775E1   -3.536840317457E0
   -1.013621621622E1   -3.474061394118E0
   -1.012468468468E1   -3.413036809833E0
   -1.011315315315E1   -3.353692762601E0
   -1.010162162162E1   -3.295959687022E0
   -1.009009009009E1   -3.246784159048E0
   -1.007855855856E1   -3.191841253740E0
   -1.006702702703E1   -3.144912852894E0
   -1.005549549550E1   -3.092561166218E0
   -1.004396396396E1   -3.047722344663E0
   -1.003243243243E1   -3.003786776582E0
   -1.002090090090E1   -2.954890437147E0
   -1.000936936937E1   -2.912841668461E0
   -9.997837837838E0   -2.871610332811E0
   -9.986306306306E0   -2.831171968294E0
   -9.974774774775E0   -2.791503133597E0
   -9.963243243243E0   -2.752581349609E0
   -9.951711711712E0   -2.714385052237E0
   -9.940180180180E0   -2.676893541866E0
   -9.928648648649E0   -2.640086942291E0
   -9.917117117117E0   -2.608475668185E0
   -9.905585585586E0   -2.572857418593E0
   -9.894054054054E0   -2.537872449167E0
   -9.882522522523E0   -2.507689951026E0
   -9.870990990991E0   -2.473805346988E0
   -9.859459459459E0   -2.440507686894E0
   -9.847927927928E0   -2.411650254541E0
   -9.836396396396E0   -2.383154628724E0
   -9.824864864865E0   -2.351318706343E0
   -9.813333333333E0   -2.323609049511E0
   -9.801801801802E0   -2.296237951347E0
   -9.790270270270E0   -2.265769014701E0
   -9.778738738739E0   -2.239133847282E0
   -9.767207207207E0   -2.212816010485E0
   -9.755675675676E0   -2.186809345196E0
   -9.744144144144E0   -2.161107855070E0
   -9.732612612613E0   -2.135705696290E0
   -9.721081081081E0   -2.110597175648E0
   -9.709549549550E0   -2.085776740951E0
   -9.698018018018E0   -2.061238979500E0
   -9.686486486486E0   -2.036978609239E0
   -9.674954954955E0   -2.012990476612E0
   -9.663423423423E0   -1.989269549412E0
   -9.651891891892E0   -1.968390976463E0
   -9.640360360360E0   -1.945127576668E0
   -9.628828828829E0   -1.922118145476E0
   -9.617297297297E0   -1.899358068576E0
   -9.605765765766E0   -1.879193010611E0
   -9.594234234234E0   -1.856860201455E0
   -9.582702702703E0   -1.837011605670E0
   -9.571171171171E0   -1.815092768882E0
   -9.559639639640E0   -1.795550881463E0
   -9.548108108108E0   -1.774033189843E0
   -9.536576576577E0   -1.754788584673E0
   -9.525045045045E0   -1.733659647180E0
   -9.513513513514E0   -1.714703202241E0
   -9.501981981982E0   -1.693951033700E0
   -9.490450450450E0   -1.675273908732E0
   -9.478918918919E0   -1.656713535388E0
   -9.467387387387E0   -1.638268364241E0
   -9.455855855856E0   -1.618187284557E0
   -9.444324324324E0   -1.600005694607E0
   -9.432792792793E0   -1.581934250806E0
   -9.421261261261E0   -1.563971473759E0
   -9.409729729730E0   -1.546115896213E0
   -9.398198198198E0   -1.526809299637E0
   -9.386666666667E0   -1.509198946852E0
   -9.375135135135E0   -1.491691004235E0
   -9.363603603604E0   -1.474284060206E0
   -9.352072072072E0   -1.456976716454E0
   -9.340540540541E0   -1.439767582905E0
   -9.329009009009E0   -1.422655281665E0
   -9.317477477477E0   -1.405638441972E0
   -9.305945945946E0   -1.388715704210E0
   -9.294414414414E0   -1.371885714890E0
   -9.282882882883E0   -1.356372696971E0
   -9.271351351351E0   -1.339693477608E0
   -9.259819819820E0   -1.323103417695E0
   -9.248288288288E0   -1.306601188329E0
   -9.236756756757E0   -1.290185468718E0
   -9.225225225225E0   -1.273854941615E0
   -9.213693693694E0   -1.258662820946E0
   -9.202162162162E0   -1.242470411401E0
   -9.190630630631E0   -1.226359676869E0
   -9.179099099099E0   -1.211306630228E0
   -9.167567567568E0   -1.195328090049E0
   -9.156036036036E0   -1.179427721664E0
   -9.144504504505E0   -1.164507276375E0
   -9.132972972973E0   -1.148733182622E0
   -9.121441441441E0   -1.133033766903E0
   -9.109909909910E0   -1.118239405301E0
   -9.098378378378E0   -1.102660331963E0
   -9.086846846847E0   -1.087940063265E0
   -9.075315315315E0   -1.072477583676E0
   -9.063783783784E0   -1.057828790204E0
   -9.052252252252E0   -1.042479135374E0
   -9.040720720721E0   -1.027899171891E0
   -9.029189189189E0   -1.012658548679E0
   -9.017657657658E0  -9.981447393755E-1
   -9.006126126126E0  -9.830093264498E-1
   -8.994594594595E0  -9.685589617888E-1
   -8.983063063063E0  -9.541308817872E-1
   -8.971531531532E0  -9.391352392504E-1
   -8.960000000000E0  -9.247667089524E-1
   -8.948468468468E0  -9.104188324802E-1
   -8.936936936937E0  -8.955551078545E-1
   -8.925405405405E0  -8.812627944447E-1
   -8.913873873874E0  -8.669894599274E-1
   -8.902342342342E0  -8.522496490605E-1
   -8.890810810811E0  -8.380277895494E-1
   -8.879279279279E0  -8.238231810206E-1
   -8.867747747748E0  -8.096353058820E-1
   -8.856216216216E0  -7.950417814275E-1
   -8.844684684685E0  -7.808999189368E-1
   -8.833153153153E0  -7.667729880464E-1
   -8.821621621622E0  -7.526604468363E-1
   -8.810090090090E0  -7.385617445632E-1
   -8.798558558559E0  -7.244763264000E-1
   -8.787027027027E0  -7.100671358766E-1
   -8.775495495495E0  -6.960193698805E-1
   -8.763963963964E0  -6.819829625742E-1
   -8.752432432432E0  -6.679573307498E-1
   -8.740900900901E0  -6.539418816713E-1
   -8.729369369369E0  -6.399360176309E-1
   -8.717837837838E0  -6.259391311021E-1
   -8.706306306306E0  -6.119506091017E-1
   -8.694774774775E0  -5.979698292661E-1
   -8.683243243243E0  -5.839961611526E-1
   -8.671711711712E0  -5.700289679017E-1
   -8.660180180180E0  -5.560676020067E-1
   -8.648648648649E0  -5.421114098173E-1
   -8.637117117117E0  -5.281597266076E-1
   -8.625585585586E0  -5.142118811799E-1
   -8.614054054054E0  -5.002671909070E-1
   -8.602522522523E0  -4.863249662627E-1
   -8.590990990991E0  -4.723845059430E-1
   -8.579459459459E0  -4.584451013548E-1
   -8.567927927928E0  -4.445060317004E-1
   -8.556396396396E0  -4.305665688107E-1
   -8.544864864865E0  -4.167415356441E-1
   -8.533333333333E0  -4.027911524839E-1
   -8.521801801802E0  -3.888383767686E-1
   -8.510270270270E0  -3.748824400398E-1
   -8.498738738739E0  -3.609225603681E-1
   -8.487207207207E0  -3.469579468669E-1
   -8.475675675676E0  -3.330616375774E-1
   -8.464144144144E0  -3.190787157946E-1
   -8.452612612613E0  -3.050888808295E-1
   -8.441081081081E0  -2.910912967846E-1
   -8.429549549550E0  -2.770851129021E-1
   -8.418018018018E0  -2.631154065299E-1
   -8.406486486486E0  -2.490843025157E-1
   -8.394954954955E0  -2.350422556716E-1
   -8.383423423423E0  -2.209883656362E-1
   -8.371891891892E0  -2.069500471213E-1
   -8.360360360360E0  -1.928656691403E-1
   -8.348828828829E0  -1.787669618572E-1
   -8.337297297297E0  -1.646709746604E-1
   -8.325765765766E0  -1.505375014138E-1
   -8.314234234234E0  -1.363870980870E-1
   -8.302702702703E0  -1.222286971627E-1
   -8.291171171171E0  -1.080390467946E-1
   -8.279639639640E0  -9.382974898568E-2
   -8.268108108108E0  -7.960394206404E-2
   -8.256576576577E0  -6.535070081640E-2
   -8.245045045045E0  -5.107496573583E-2
   -8.233513513514E0  -3.677650366056E-2
   -8.221981981982E0  -2.245190155753E-2
   -8.210450450450E0  -8.101870744457E-3
   -8.198918918919E0   6.274815058260E-3
   -8.187387387387E0   2.067892113574E-2
   -8.175855855856E0   3.511074243063E-2
   -8.164324324324E0   4.957225862171E-2
   -8.152792792793E0   6.406161945415E-2
   -8.141261261261E0   7.858403090039E-2
   -8.129729729730E0   9.313337247412E-2
   -8.118198198198E0   1.077202758728E-1
   -8.106666666667E0   1.223420976064E-1
   -8.095135135135E0   1.369872303763E-1
   -8.083603603604E0   1.516794986904E-1
   -8.072072072072E0   1.663913379248E-1
   -8.060540540541E0   1.811579571768E-1
   -8.049009009009E0   1.959392569062E-1
   -8.037477477477E0   2.107842595273E-1
   -8.025945945946E0   2.256378689700E-1
   -8.014414414414E0   2.405267556064E-1
   -8.002882882883E0   2.554942877618E-1
   -7.991351351351E0   2.704596647106E-1
   -7.979819819820E0   2.855158694142E-1
   -7.968288288288E0   3.005608323329E-1
   -7.956756756757E0   3.157102206106E-1
   -7.945225225225E0   3.308379741239E-1
   -7.933693693694E0   3.460852101052E-1
   -7.922162162162E0   3.612990723094E-1
   -7.910630630631E0   3.765539865199E-1
   -7.899099099099E0   3.919523864573E-1
   -7.887567567568E0   4.072982875447E-1
   -7.876036036036E0   4.228064651371E-1
   -7.864504504505E0   4.382469653975E-1
   -7.852972972973E0   4.537320828183E-1
   -7.841441441441E0   4.694090004483E-1
   -7.829909909910E0   4.849940335694E-1
   -7.818378378378E0   5.006259169050E-1
   -7.806846846847E0   5.164825792316E-1
   -7.795315315315E0   5.322199731014E-1
   -7.783783783784E0   5.480065719376E-1
   -7.772252252252E0   5.640545469373E-1
   -7.760720720721E0   5.799525466930E-1
   -7.749189189189E0   5.959022305299E-1
   -7.737657657658E0   6.121536899696E-1
   -7.726126126126E0   6.282209792667E-1
   -7.714594594595E0   6.443425685604E-1
   -7.703063063063E0   6.608103216504E-1
   -7.691531531532E0   6.770560555286E-1
   -7.680000000000E0   6.933588468726E-1
   -7.668468468468E0   7.097195273484E-1
   -7.656936936937E0   7.264902169306E-1
   -7.645405405405E0   7.429840169530E-1
   -7.633873873874E0   7.595386625564E-1
   -7.622342342342E0   7.761550462000E-1
   -7.610810810811E0   7.932528284606E-1
   -7.599279279279E0   8.100119540874E-1
   -7.587747747748E0   8.268359906419E-1
   -7.576216216216E0   8.437258968129E-1
   -7.564684684685E0   8.611766615091E-1
   -7.553153153153E0   8.782196359723E-1
   -7.541621621622E0   8.953318883886E-1
   -7.530090090090E0   9.125144494334E-1
   -7.518558558559E0   9.297683640652E-1
   -7.507027027027E0   9.476926969047E-1
   -7.495495495495E0   9.651133932109E-1
   -7.483963963964E0   9.826091724734E-1
   -7.472432432432E0    1.000181159687E0
   -7.460900900901E0    1.017830501836E0
   -7.449369369369E0    1.035558362474E0
   -7.437837837838E0    1.054105186937E0
   -7.426306306306E0    1.072017745422E0
   -7.414774774775E0    1.090012976157E0
   -7.403243243243E0    1.108092133825E0
   -7.391711711712E0    1.126256497830E0
   -7.380180180180E0    1.144507366843E0
   -7.368648648649E0    1.163748035472E0
   -7.357117117117E0    1.182203575270E0
   -7.345585585586E0    1.200750257993E0
   -7.334054054054E0    1.219389486473E0
   -7.322522522523E0    1.238122691486E0
   -7.310990990991E0    1.256951326234E0
   -7.299459459459E0    1.275876872189E0
   -7.287927927928E0    1.294900837493E0
   -7.276396396396E0    1.314024755032E0
   -7.264864864865E0    1.334435776814E0
   -7.253333333333E0    1.353798022746E0
   -7.241801801802E0    1.373265700162E0
   -7.230270270270E0    1.392840469655E0
   -7.218738738739E0    1.412524025493E0
   -7.207207207207E0    1.432318090086E0
   -7.195675675676E0    1.452224421084E0
   -7.184144144144E0    1.472244805627E0
   -7.172612612613E0    1.492381067584E0
   -7.161081081081E0    1.512635061821E0
   -7.149549549550E0    1.533008681181E0
   -7.138018018018E0    1.553503852183E0
   -7.126486486486E0    1.574122540219E0
   -7.114954954955E0    1.594866745346E0
   -7.103423423423E0    1.615738509324E0
   -7.091891891892E0    1.638528198476E0
   -7.080360360360E0    1.659707488627E0
   -7.068828828829E0    1.681021636005E0
   -7.057297297297E0    1.702472864051E0
   -7.045765765766E0    1.724063436534E0
   -7.034234234234E0    1.745795665371E0
   -7.022702702703E0    1.767671904984E0
   -7.011171171171E0    1.789694560194E0
   -6.999639639640E0    1.811866080783E0
   -6.988108108108E0    1.834188968969E0
   -6.976576576577E0    1.856665774600E0
   -6.965045045045E0    1.879299102324E0
   -6.953513513514E0    1.902091607123E0
   -6.941981981982E0    1.925046001397E0
   -6.930450450450E0    1.948165050595E0
   -6.918918918919E0    1.971451580441E0
   -6.907387387387E0    1.994908472583E0
   -6.895855855856E0    2.015824665843E0
   -6.884324324324E0    2.039566223298E0
   -6.872792792793E0    2.063485837321E0
   -6.861261261261E0    2.087586613291E0
   -6.849729729730E0    2.111871724442E0
   -6.838198198198E0    2.136344409423E0
   -6.826666666667E0    2.161007979695E0
   -6.815135135135E0    2.185865815321E0
   -6.803603603604E0    2.210921373094E0
   -6.792072072072E0    2.236178182247E0
   -6.780540540541E0    2.261639852832E0
   -6.769009009009E0    2.287310071586E0
   -6.757477477477E0    2.313192610355E0
   -6.745945945946E0    2.339291322074E0
   -6.734414414414E0    2.365610149822E0
   -6.722882882883E0    2.392153121927E0
   -6.711351351351E0    2.415028114448E0
   -6.699819819820E0    2.441942532643E0
   -6.688288288288E0    2.469091880526E0
   -6.676756756757E0    2.496480525225E0
   -6.665225225225E0    2.524112939096E0
   -6.653693693694E0    2.551993694749E0
   -6.642162162162E0    2.580127476027E0
   -6.630630630631E0    2.608519073215E0
   -6.619099099099E0    2.637173394339E0
   -6.607567567568E0    2.666095460278E0
   -6.596036036036E0    2.690452674897E0
   -6.584504504505E0    2.719816593351E0
   -6.572972972973E0    2.749461722630E0
   -6.561441441441E0    2.779393530295E0
   -6.549909909910E0    2.809617622241E0
   -6.538378378378E0    2.840139738246E0
   -6.526846846847E0    2.870965764964E0
   -6.515315315315E0    2.902101731627E0
   -6.503783783784E0    2.927822281572E0
   -6.492252252252E0    2.959468277419E0
   -6.480720720721E0    2.991440407401E0
   -6.469189189189E0    3.023745262876E0
   -6.457657657658E0    3.056389608984E0
   -6.446126126126E0    3.089380381628E0
   -6.434594594595E0    3.116233285591E0
   -6.423063063063E0    3.149793052418E0
   -6.411531531532E0    3.183717895828E0
   -6.400000000000E0    3.218015422479E0
   -6.388468468468E0    3.252693445288E0
   -6.376936936937E0    3.287759982794E0
   -6.365405405405E0    3.315871794473E0
   -6.353873873874E0    3.351575388726E0
   -6.342342342342E0    3.387689086403E0
   -6.330810810811E0    3.424221711124E0
   -6.319279279279E0    3.461182334323E0
   -6.307747747748E0    3.490435788493E0
   -6.296216216216E0    3.528097331817E0
   -6.284684684685E0    3.566211310177E0
   -6.273153153153E0    3.604787735202E0
   -6.261621621622E0    3.643836900218E0
   -6.250090090090E0    3.674343037394E0
   -6.238558558559E0    3.714165541541E0
   -6.227027027027E0    3.754488563519E0
   -6.215495495495E0    3.795323499803E0
   -6.203963963964E0    3.836682087202E0
   -6.192432432432E0    3.868566967896E0
   -6.180900900901E0    3.910781349101E0
   -6.169369369369E0    3.953551080729E0
   -6.157837837838E0    3.996889201817E0
   -6.146306306306E0    4.040809143638E0
   -6.134774774775E0    4.074216490007E0
   -6.123243243243E0    4.119086514038E0
   -6.111711711712E0    4.164574706805E0
   -6.100180180180E0    4.210696043689E0
   -6.088648648649E0    4.245405749003E0
   -6.077117117117E0    4.292560371215E0
   -6.065585585586E0    4.340388711641E0
   -6.054054054054E0    4.388907517695E0
   -6.042522522523E0    4.425031039681E0
   -6.030990990991E0    4.474676119616E0
   -6.019459459459E0    4.525057097692E0
   -6.007927927928E0    4.576192761658E0
   -5.996396396396E0    4.613854767169E0
   -5.984864864865E0    4.666220962686E0
   -5.973333333333E0    4.719392881765E0
   -5.961801801802E0    4.773391673863E0
   -5.950270270270E0    4.812732059499E0
   -5.938738738739E0    4.868078666818E0
   -5.927207207207E0    4.924309681570E0
   -5.915675675676E0    4.964953000479E0
   -5.904144144144E0    5.022625291480E0
   -5.892612612613E0    5.081244831431E0
   -5.881081081081E0    5.140837766326E0
   -5.869549549550E0    5.183442428968E0
   -5.858018018018E0    5.244621437848E0
   -5.846486486486E0    5.306845147904E0
   -5.834954954955E0    5.350978318954E0
   -5.823423423423E0    5.414904130607E0
   -5.811891891892E0    5.479952910861E0
   -5.800360360360E0    5.546157360081E0
   -5.788828828829E0    5.592602751214E0
   -5.777297297297E0    5.660690174265E0
   -5.765765765766E0    5.730022712052E0
   -5.754234234234E0    5.778278003391E0
   -5.742702702703E0    5.849639349524E0
   -5.731171171171E0    5.922344544055E0
   -5.719639639640E0    5.972547937162E0
   -5.708108108108E0    6.047443044102E0
   -5.696576576577E0    6.123791234319E0
   -5.685045045045E0    6.201638445385E0
   -5.673513513514E0    6.254812018771E0
   -5.661981981982E0    6.335102817285E0
   -5.650450450450E0    6.417018950450E0
   -5.638918918919E0    6.472534492333E0
   -5.627387387387E0    6.557100834018E0
   -5.615855855856E0    6.643433190736E0
   -5.604324324324E0    6.701486966653E0
   -5.592792792793E0    6.790699891059E0
   -5.581261261261E0    6.881835955726E0
   -5.569729729730E0    6.942646963696E0
   -5.558198198198E0    7.036921202360E0
   -5.546666666667E0    7.133294641267E0
   -5.535135135135E0    7.197107991150E0
   -5.523603603604E0    7.296908607803E0
   -5.512072072072E0    7.399006337839E0
   -5.500540540541E0    7.466097290334E0
   -5.489009009009E0    7.571947531956E0
   -5.477477477477E0    7.641176446659E0
   -5.465945945946E0    7.750996907288E0
   -5.454414414414E0    7.863487608659E0
   -5.442882882883E0    7.936511474099E0
   -5.431351351351E0    8.053368922696E0
   -5.419819819820E0    8.173169756918E0
   -5.408288288288E0    8.250367333659E0
   -5.396756756757E0    8.374985728504E0
   -5.385225225225E0    8.502858821685E0
   -5.373693693694E0    8.584661313831E0
   -5.362162162162E0    8.717866685341E0
   -5.350630630631E0    8.802697570358E0
   -5.339099099099E0    8.941583610831E0
   -5.327567567568E0    9.084322671558E0
   -5.316036036036E0    9.174584888762E0
   -5.304504504505E0    9.323647657917E0
   -5.292972972973E0    9.477010689991E0
   -5.281441441441E0    9.573321880632E0
   -5.269909909910E0    9.733752073499E0
   -5.258378378378E0    9.834071119816E0
   -5.246846846847E0    1.000207685330E1
   -5.235315315315E0    1.017525736204E1
   -5.223783783784E0    1.028282986222E1
   -5.212252252252E0    1.046453543931E1
   -5.200720720721E0    1.057694001167E1
   -5.189189189189E0    1.076782475689E1
   -5.177657657658E0    1.096501072759E1
   -5.166126126126E0    1.108621737254E1
   -5.154594594595E0    1.129381470553E1
   -5.143063063063E0    1.142092171106E1
   -5.131531531532E0    1.163978639348E1
   -5.120000000000E0    1.186642813321E1
   -5.108468468468E0    1.200436258394E1
   -5.096936936937E0    1.224389995683E1
   -5.085405405405E0    1.238914483798E1
   -5.073873873874E0    1.264271998129E1
   -5.062342342342E0    1.290604390131E1
   -5.050810810811E0    1.306481731266E1
   -5.039279279279E0    1.334437608637E1
   -5.027747747748E0    1.351236051766E1
   -5.016216216216E0    1.380971266065E1
   -5.004684684685E0    1.398779596892E1
   -4.993153153153E0    1.430470540708E1
   -4.981621621622E0    1.463533132634E1
   -4.970090090090E0    1.483236484166E1
   -4.958558558559E0    1.518600470090E1
   -4.947027027027E0    1.539612299966E1
   -4.935495495495E0    1.577527522207E1
   -4.923963963964E0    1.617247277488E1
   -4.912432432432E0    1.640744710904E1
   -4.900900900901E0    1.683513400074E1
   -4.889369369369E0    1.708748900410E1
   -4.877837837838E0    1.754932361361E1
   -4.866306306306E0    1.782116733961E1
   -4.854774774775E0    1.832141627559E1
   -4.843243243243E0    1.861521313163E1
   -4.831711711712E0    1.915888304607E1
   -4.820180180180E0    1.973385248525E1
   -4.808648648649E0    2.007053768498E1
   -4.797117117117E0    2.069928394398E1
   -4.785585585586E0    2.106685248861E1
   -4.774054054054E0    2.175729142187E1
   -4.762522522523E0    2.216036767087E1
   -4.750990990991E0    2.292204589341E1
   -4.739459459459E0    2.336622830758E1
   -4.727927927928E0    2.421076562899E1
   -4.716396396396E0    2.470289774561E1
   -4.704864864865E0    2.564458186112E1
   -4.693333333333E0    2.665877632086E1
   -4.681801801802E0    2.724971730504E1
   -4.670270270270E0    2.839281338923E1
   -4.658738738739E0    2.905911792456E1
   -4.647207207207E0    3.035732251541E1
   -4.635675675676E0    3.111475523808E1
   -4.624144144144E0    3.260188467479E1
   -4.612612612613E0    3.347094424618E1
   -4.601081081081E0    3.519140027488E1
   -4.589549549550E0    3.619924126660E1
   -4.578018018018E0    3.821250106491E1
   -4.566486486486E0    3.939587471703E1
   -4.554954954955E0    4.178347691208E1
   -4.543423423423E0    4.319338174444E1
   -4.531891891892E0    4.607019094460E1
   -4.520360360360E0    4.777951678249E1
   -4.508828828829E0    5.131266898915E1
   -4.497297297297E0    5.540344940535E1
   -4.485765765766E0    5.787176675887E1
   -4.474234234234E0    6.311166832925E1
   -4.462702702703E0    6.631614965782E1
   -4.451171171171E0    7.326686236550E1
   -4.439639639640E0    7.759704253319E1
   -4.428108108108E0    8.725654247701E1
   -4.416576576577E0    9.343497462653E1
   -4.405045045045E0    1.077617141156E2
   -4.393513513514E0    1.172945953401E2
   -4.381981981982E0    1.407222348855E2
   -4.370450450450E0    1.573449288243E2
   -4.358918918919E0    2.024499270545E2
   -4.347387387387E0    2.385473153992E2
   -4.335855855856E0    3.598070765775E2
   -4.324324324324E0    4.914195264906E2
   -4.312792792793E0    1.599560810890E3
   -4.301261261261E0   -8.602848371871E3
   -4.289729729730E0   -6.565393528655E2
   -4.278198198198E0   -4.421282440897E2
   -4.266666666667E0   -2.727767388514E2
   -4.255135135135E0   -2.271665129743E2
   -4.243603603604E0   -1.723022028040E2
   -4.232072072072E0   -1.529663444313E2
   -4.220540540541E0   -1.259963998305E2
   -4.209009009009E0   -1.153654804793E2
   -4.197477477477E0   -9.935156633029E1
   -4.185945945946E0   -9.263942021514E1
   -4.174414414414E0   -8.678451384340E1
   -4.162882882883E0   -7.741723130187E1
   -4.151351351351E0   -7.329542485193E1
   -4.139819819820E0   -6.650763715222E1
   -4.128288288288E0   -6.344949203359E1
   -4.116756756757E0   -5.830428045965E1
   -4.105225225225E0   -5.594541657701E1
   -4.093693693694E0   -5.191047409929E1
   -4.082162162162E0   -5.003570962899E1
   -4.070630630631E0   -4.678627553103E1
   -4.059099099099E0   -4.526040888101E1
   -4.047567567568E0   -4.258712386276E1
   -4.036036036036E0   -4.132095797515E1
   -4.024504504505E0   -3.908279615324E1
   -4.012972972973E0   -3.801511770249E1
   -4.001441441441E0   -3.611361364754E1
   -3.989909909910E0   -3.520102368943E1
   -3.978378378378E0   -3.356534434313E1
   -3.966846846847E0   -3.277622130015E1
   -3.955315315315E0   -3.202368971936E1
   -3.943783783784E0   -3.066486933637E1
   -3.932252252252E0   -3.000551349910E1
   -3.920720720721E0   -2.880962562884E1
   -3.909189189189E0   -2.822704200533E1
   -3.897657657658E0   -2.716633088009E1
   -3.886126126126E0   -2.664774725174E1
   -3.874594594595E0   -2.570042614408E1
   -3.863063063063E0   -2.523575008865E1
   -3.851531531532E0   -2.438447836247E1
   -3.840000000000E0   -2.396562992243E1
   -3.828468468468E0   -2.356089356899E1
   -3.816936936937E0   -2.281686795152E1
   -3.805405405405E0   -2.244945669601E1
   -3.793873873874E0   -2.177271998584E1
   -3.782342342342E0   -2.143762089998E1
   -3.770810810811E0   -2.081938663144E1
   -3.759279279279E0   -2.051244409801E1
   -3.747747747748E0   -1.994539314460E1
   -3.736216216216E0   -1.966313326223E1
   -3.724684684685E0   -1.938860647403E1
   -3.713153153153E0   -1.888061610353E1
   -3.701621621622E0   -1.862694928118E1
   -3.690090090090E0   -1.815721128091E1
   -3.678558558559E0   -1.792205456247E1
   -3.667027027027E0   -1.748637165535E1
   -3.655495495495E0   -1.726771437109E1
   -3.643963963964E0   -1.686248239347E1
   -3.632432432432E0   -1.665859404371E1
   -3.620900900901E0   -1.645938384423E1
   -3.609369369369E0   -1.609008384820E1
   -3.597837837838E0   -1.590367906795E1
   -3.586306306306E0   -1.555817987763E1
   -3.574774774775E0   -1.538333772536E1
   -3.563243243243E0   -1.505938768194E1
   -3.551711711712E0   -1.489502055681E1
   -3.540180180180E0   -1.473399039045E1
   -3.528648648649E0   -1.443579574879E1
   -3.517117117117E0   -1.428398449185E1
   -3.505585585586E0   -1.400307861929E1
   -3.494054054054E0   -1.385967745018E1
   -3.482522522523E0   -1.359458170873E1
   -3.470990990991E0   -1.345887329750E1
   -3.459459459459E0   -1.332562534742E1
   -3.447927927928E0   -1.307961918761E1
   -3.436396396396E0   -1.295322363683E1
   -3.424864864865E0   -1.272017263677E1
   -3.413333333333E0   -1.260008074636E1
   -3.401801801802E0   -1.248200898254E1
   -3.390270270270E0   -1.226469370311E1
   -3.378738738739E0   -1.215227730789E1
   -3.367207207207E0   -1.194571180465E1
   -3.355675675676E0   -1.183852389701E1
   -3.344144144144E0   -1.164191780267E1
   -3.332612612613E0   -1.153957312659E1
   -3.321081081081E0   -1.143878355381E1
   -3.309549549550E0   -1.125436178911E1
   -3.298018018018E0   -1.115795558873E1
   -3.286486486486E0   -1.098192595672E1
   -3.274954954955E0   -1.088959718227E1
   -3.263423423423E0   -1.079857858428E1
   -3.251891891892E0   -1.063285994957E1
   -3.240360360360E0   -1.054555130283E1
   -3.228828828829E0   -1.038697059929E1
   -3.217297297297E0   -1.030312586984E1
   -3.205765765766E0   -1.022039451897E1
   -3.194234234234E0   -1.007061702792E1
   -3.182702702703E0   -9.991052428618E0
   -3.171171171171E0   -9.847397170538E0
   -3.159639639640E0   -9.770799223123E0
   -3.148108108108E0   -9.695154757171E0
   -3.136576576577E0   -9.559075321576E0
   -3.125045045045E0   -9.486154611614E0
   -3.113513513514E0   -9.355365990300E0
   -3.101981981982E0   -9.285004629837E0
   -3.090450450450E0   -9.215465476626E0
   -3.078918918919E0   -9.091243313513E0
   -3.067387387387E0   -9.024063037951E0
   -3.055855855856E0   -8.904444475611E0
   -3.044324324324E0   -8.839486740709E0
   -3.032792792793E0   -8.775242446870E0
   -3.021261261261E0   -8.661352540272E0
   -3.009729729730E0   -8.599163857366E0
   -2.998198198198E0   -8.537634579454E0
   -2.986666666667E0   -8.429057411867E0
   -2.975135135135E0   -8.369432884076E0
   -2.963603603604E0   -8.264600879691E0
   -2.952072072072E0   -8.206777820810E0
   -2.940540540541E0   -8.149531874584E0
   -2.929009009009E0   -8.049376950323E0
   -2.917477477477E0   -7.993805283222E0
   -2.905945945946E0   -7.896957859706E0
   -2.894414414414E0   -7.842973065432E0
   -2.882882882883E0   -7.789495797920E0
   -2.871351351351E0   -7.696786989938E0
   -2.859819819820E0   -7.644788599299E0
   -2.848288288288E0   -7.593262626140E0
   -2.836756756757E0   -7.504421162695E0
   -2.825225225225E0   -7.454275435366E0
   -2.813693693694E0   -7.368181376917E0
   -2.802162162162E0   -7.319347743776E0
   -2.790630630631E0   -7.270932332924E0
   -2.779099099099E0   -7.188285145906E0
   -2.767567567568E0   -7.141097227549E0
   -2.756036036036E0   -7.094299971540E0
   -2.744504504505E0   -7.014886205953E0
   -2.732972972973E0   -6.969238751284E0
   -2.721441441441E0   -6.892131563651E0
   -2.709909909910E0   -6.847579964351E0
   -2.698378378378E0   -6.803376171234E0
   -2.686846846847E0   -6.729169110082E0
   -2.675315315315E0   -6.685993924215E0
   -2.663783783784E0   -6.643144593991E0
   -2.652252252252E0   -6.571667308938E0
   -2.640720720721E0   -6.529784523505E0
   -2.629189189189E0   -6.488207325009E0
   -2.617657657658E0   -6.419302374012E0
   -2.606126126126E0   -6.378634346509E0
   -2.594594594595E0   -6.311573725883E0
   -2.583063063063E0   -6.271774794205E0
   -2.571531531532E0   -6.232249645516E0
   -2.560000000000E0   -6.167513324327E0
   -2.548468468468E0   -6.128807057154E0
   -2.536936936937E0   -6.090358141520E0
   -2.525405405405E0   -6.027818293634E0
   -2.513873873874E0   -5.990141635078E0
   -2.502342342342E0   -5.952707057309E0
   -2.490810810811E0   -5.892244852838E0
   -2.479279279279E0   -5.855539173830E0
   -2.467747747748E0   -5.819061369784E0
   -2.456216216216E0   -5.760566174028E0
   -2.444684684685E0   -5.724776889374E0
   -2.433153153153E0   -5.689202233709E0
   -2.421621621622E0   -5.632570905168E0
   -2.410090090090E0   -5.597647108938E0
   -2.398558558559E0   -5.542361270809E0
   -2.387027027027E0   -5.508061822826E0
   -2.375495495495E0   -5.473955984275E0
   -2.363963963964E0   -5.420369587914E0
   -2.352432432432E0   -5.386854643360E0
   -2.340900900901E0   -5.353522307330E0
   -2.329369369369E0   -5.301549687678E0
   -2.317837837838E0   -5.268776926010E0
   -2.306306306306E0   -5.236176469959E0
   -2.294774774775E0   -5.185737353063E0
   -2.283243243243E0   -5.153667108932E0
   -2.271711711712E0   -5.121759496559E0
   -2.260180180180E0   -5.072778575217E0
   -2.248648648649E0   -5.041373611286E0
   -2.237117117117E0   -5.010122192500E0
   -2.225585585586E0   -4.962528720360E0
   -2.214054054054E0   -4.931754039709E0
   -2.202522522523E0   -4.901124350413E0
   -2.190990990991E0   -4.854851791890E0
   -2.179459459459E0   -4.824674453477E0
   -2.167927927928E0   -4.794634047092E0
   -2.156396396396E0   -4.749619745049E0
   -2.144864864865E0   -4.720008705374E0
   -2.133333333333E0   -4.690526989939E0
   -2.121801801802E0   -4.646711872220E0
   -2.110270270270E0   -4.617637833248E0
   -2.098738738739E0   -4.588685930333E0
   -2.087207207207E0   -4.546014235050E0
   -2.075675675676E0   -4.517449512250E0
   -2.064144144144E0   -4.489000120016E0
   -2.052612612613E0   -4.447419149022E0
   -2.041081081081E0   -4.419337543699E0
   -2.029549549550E0   -4.391364820073E0
   -2.018018018018E0   -4.350824710635E0
   -2.006486486486E0   -4.323201399340E0
   -1.994954954955E0   -4.295680846379E0
   -1.983423423423E0   -4.256134363961E0
   -1.971891891892E0   -4.228945790553E0
   -1.960360360360E0   -4.201854155472E0
   -1.948828828829E0   -4.163256498942E0
   -1.937297297297E0   -4.136480281351E0
   -1.925765765766E0   -4.109795457083E0
   -1.914234234234E0   -4.072104086884E0
   -1.902702702703E0   -4.045718923183E0
   -1.891171171171E0   -4.019419868056E0
   -1.879639639640E0   -3.982594336114E0
   -1.868108108108E0   -3.956579929040E0
   -1.856576576577E0   -3.930646577128E0
   -1.845045045045E0   -3.894648384909E0
   -1.833513513514E0   -3.868985356763E0
   -1.821981981982E0   -3.843398551640E0
   -1.810450450450E0   -3.817886729817E0
   -1.798918918919E0   -3.782860832193E0
   -1.787387387387E0   -3.757602248108E0
   -1.775855855856E0   -3.732414060208E0
   -1.764324324324E0   -3.698135273194E0
   -1.752792792793E0   -3.673187358363E0
   -1.741261261261E0   -3.648305427050E0
   -1.729729729730E0   -3.614740652347E0
   -1.718198198198E0   -3.590086559041E0
   -1.706666666667E0   -3.565494203900E0
   -1.695135135135E0   -3.532611754970E0
   -1.683603603604E0   -3.508235290425E0
   -1.672072072072E0   -3.483916464008E0
   -1.660540540541E0   -3.451685970346E0
   -1.649009009009E0   -3.427571535032E0
   -1.637477477477E0   -3.403510772476E0
   -1.625945945946E0   -3.371903079559E0
   -1.614414414414E0   -3.348035618788E0
   -1.602882882883E0   -3.324217989823E0
   -1.591351351351E0   -3.300449175156E0
   -1.579819819820E0   -3.269570022829E0
   -1.568288288288E0   -3.245981076072E0
   -1.556756756757E0   -3.222437233766E0
   -1.545225225225E0   -3.192119194758E0
   -1.533693693694E0   -3.168744919653E0
   -1.522162162162E0   -3.145412127575E0
   -1.510630630631E0   -3.115629383697E0
   -1.499099099099E0   -3.092456156091E0
   -1.487567567568E0   -3.069320875720E0
   -1.476036036036E0   -3.046222584874E0
   -1.464504504505E0   -3.017063013025E0
   -1.452972972973E0   -2.994112037820E0
   -1.441441441441E0   -2.971194596603E0
   -1.429909909910E0   -2.942515141021E0
   -1.418378378378E0   -2.919735561829E0
   -1.406846846847E0   -2.896986111211E0
   -1.395315315315E0   -2.868763466336E0
   -1.383783783784E0   -2.846142621870E0
   -1.372252252252E0   -2.823548545943E0
   -1.360720720721E0   -2.800980305891E0
   -1.349189189189E0   -2.773285471728E0
   -1.337657657658E0   -2.750834349708E0
   -1.326126126126E0   -2.728405733236E0
   -1.314594594595E0   -2.701117289974E0
   -1.303063063063E0   -2.678796857576E0
   -1.291531531532E0   -2.656495613716E0
   -1.280000000000E0   -2.629592031091E0
   -1.268468468468E0   -2.607390135052E0
   -1.256936936937E0   -2.585204112975E0
   -1.245405405405E0   -2.563033016938E0
   -1.233873873874E0   -2.536568826981E0
   -1.222342342342E0   -2.514485928950E0
   -1.210810810811E0   -2.492414617133E0
   -1.199279279279E0   -2.466287996965E0
   -1.187747747748E0   -2.444296133392E0
   -1.176216216216E0   -2.422312484669E0
   -1.164684684685E0   -2.400336064916E0
   -1.153153153153E0   -2.374590006429E0
   -1.141621621622E0   -2.352681842228E0
   -1.130090090090E0   -2.330777464955E0
   -1.118558558559E0   -2.305322864271E0
   -1.107027027027E0   -2.283477892734E0
   -1.095495495495E0   -2.261633198354E0
   -1.083963963964E0   -2.239787726642E0
   -1.072432432432E0   -2.214655633033E0
   -1.060900900901E0   -2.192858069833E0
   -1.049369369369E0   -2.171056093447E0
   -1.037837837838E0   -2.146169647703E0
   -1.026306306306E0   -2.124406411444E0
   -1.014774774775E0   -2.102635005144E0
   -1.003243243243E0   -2.080854276127E0
  -9.917117117117E-1   -2.056231847578E0
  -9.801801801802E-1   -2.034477735756E0
  -9.686486486486E-1   -2.012710345423E0
  -9.571171171171E-1   -1.988287050558E0
  -9.455855855856E-1   -1.966536514608E0
  -9.340540540541E-1   -1.944768566859E0
  -9.225225225225E-1   -1.922981901472E0
  -9.109909909910E-1   -1.898762239368E0
  -8.994594594595E-1   -1.876979265085E0
  -8.879279279279E-1   -1.855173142720E0
  -8.763963963964E-1   -1.833342452406E0
  -8.648648648649E-1   -1.809290984803E0
  -8.533333333333E-1   -1.787449981169E0
  -8.418018018018E-1   -1.765579608559E0
  -8.302702702703E-1   -1.741650084317E0
  -8.187387387387E-1   -1.719757908074E0
  -8.072072072072E-1   -1.697831223935E0
  -7.956756756757E-1   -1.675868346789E0
  -7.841441441441E-1   -1.652039595865E0
  -7.726126126126E-1   -1.630038874276E0
  -7.610810810811E-1   -1.607996276131E0
  -7.495495495495E-1   -1.584234326044E0
  -7.380180180180E-1   -1.562140530181E0
  -7.264864864865E-1   -1.539998677874E0
  -7.149549549550E-1   -1.517806691207E0
  -7.034234234234E-1   -1.494069826915E0
  -6.918918918919E-1   -1.471807527842E0
  -6.803603603604E-1   -1.449488099823E0
  -6.688288288288E-1   -1.427109157935E0
  -6.572972972973E-1   -1.403349249748E0
  -6.457657657658E-1   -1.380878443679E0
  -6.342342342342E-1   -1.358340091927E0
  -6.227027027027E-1   -1.335731418133E0
  -6.111711711712E-1   -1.311894876980E0
  -5.996396396396E-1   -1.289169653211E0
  -5.881081081081E-1   -1.266364737598E0
  -5.765765765766E-1   -1.242445840172E0
  -5.650450450450E-1   -1.219502958108E0
  -5.535135135135E-1   -1.196469746137E0
  -5.419819819820E-1   -1.173342436027E0
  -5.304504504505E-1   -1.149233667113E0
  -5.189189189189E-1   -1.125935711190E0
  -5.073873873874E-1   -1.102530844363E0
  -4.958558558559E-1   -1.079014461670E0
  -4.843243243243E-1   -1.054636577377E0
  -4.727927927928E-1   -1.030910093462E0
  -4.612612612613E-1   -1.007056327164E0
  -4.497297297297E-1  -9.830695209837E-1
  -4.381981981982E-1  -9.583272617540E-1
  -4.266666666667E-1  -9.340815581340E-1
  -4.151351351351E-1  -9.096829231577E-1
  -4.036036036036E-1  -8.851239651128E-1
  -3.920720720721E-1  -8.598996280746E-1
  -3.805405405405E-1  -8.350197042954E-1
  -3.690090090090E-1  -8.099536056417E-1
  -3.574774774775E-1  -7.846915328949E-1
  -3.459459459459E-1  -7.588349006103E-1
  -3.344144144144E-1  -7.331702093853E-1
  -3.228828828829E-1  -7.072747070955E-1
  -3.113513513513E-1  -6.808253313006E-1
  -2.998198198198E-1  -6.544465835796E-1
  -2.882882882883E-1  -6.277921528253E-1
  -2.767567567568E-1  -6.008442524114E-1
  -2.652252252252E-1  -5.733634550537E-1
  -2.536936936937E-1  -5.457854321006E-1
  -2.421621621622E-1  -5.178478349100E-1
  -2.306306306306E-1  -4.895235290789E-1
  -2.190990990991E-1  -4.606399067131E-1
  -2.075675675676E-1  -4.314617294242E-1
  -1.960360360360E-1  -4.017917390983E-1
  -1.845045045045E-1  -3.715846500917E-1
  -1.729729729730E-1  -3.407101498790E-1
  -1.614414414414E-1  -3.092747933072E-1
  -1.499099099099E-1  -2.771154831880E-1
  -1.383783783784E-1  -2.441456064481E-1
  -1.268468468468E-1  -2.102303817265E-1
  -1.153153153153E-1  -1.753080260167E-1
  -1.037837837838E-1  -1.391769405820E-1
  -9.225225225225E-2  -1.016277503450E-1
  -8.072072072072E-2  -6.238058306067E-2
  -6.918918918919E-2  -2.106251304240E-2
  -5.765765765766E-2   2.288084646273E-2
  -4.612612612613E-2   7.028999838364E-2
  -3.459459459459E-2   1.225891283712E-1
  -2.306306306306E-2   1.825262324768E-1
  -1.153153153153E-2   2.572229394133E-1
    0.000000000000E0   4.215774626089E-1
