#             R [au]          psi [a.u.]
    0.000000000000E0    0.000000000000E0
   5.002501250625E-3   1.289020906649E-2
   1.000500250125E-2   2.577827624655E-2
   1.500750375188E-2   3.866206000966E-2
   2.001000500250E-2   5.153941953705E-2
   2.501250625313E-2   6.440821507742E-2
   3.001500750375E-2   7.726630830250E-2
   3.501750875438E-2   9.011156266234E-2
   4.002001000500E-2   1.029418437404E-1
   4.502251125563E-2   1.157550196080E-1
   5.002501250625E-2   1.285489611790E-1
   5.502751375688E-2   1.413215425631E-1
   6.003001500750E-2   1.540706414193E-1
   6.503251625813E-2   1.667941393086E-1
   7.003501750875E-2   1.794899220459E-1
   7.503751875938E-2   1.921558800515E-1
   8.004002001001E-2   2.047899087013E-1
   8.504252126063E-2   2.173899086769E-1
   9.004502251126E-2   2.299537863139E-1
   9.504752376188E-2   2.424794539506E-1
   1.000500250125E-1   2.549648302740E-1
   1.050525262631E-1   2.674078406664E-1
   1.100550275138E-1   2.798064175494E-1
   1.150575287644E-1   2.921585007282E-1
   1.200600300150E-1   3.044620377334E-1
   1.250625312656E-1   3.167149841623E-1
   1.300650325163E-1   3.289153040184E-1
   1.350675337669E-1   3.410609700498E-1
   1.400700350175E-1   3.531499640864E-1
   1.450725362681E-1   3.651802773747E-1
   1.500750375188E-1   3.771499109117E-1
   1.550775387694E-1   3.890568757774E-1
   1.600800400200E-1   4.008991934650E-1
   1.650825412706E-1   4.126748962097E-1
   1.700850425213E-1   4.243820273157E-1
   1.750875437719E-1   4.360186414813E-1
   1.800900450225E-1   4.475828051223E-1
   1.850925462731E-1   4.590725966930E-1
   1.900950475238E-1   4.704861070056E-1
   1.950975487744E-1   4.818214395477E-1
   2.001000500250E-1   4.930767107971E-1
   2.051025512756E-1   5.042500505349E-1
   2.101050525263E-1   5.153396021561E-1
   2.151075537769E-1   5.263435229786E-1
   2.201100550275E-1   5.372599845487E-1
   2.251125562781E-1   5.480871729455E-1
   2.301150575288E-1   5.588232890819E-1
   2.351175587794E-1   5.694665490039E-1
   2.401200600300E-1   5.800151841866E-1
   2.451225612806E-1   5.904674418285E-1
   2.501250625313E-1   6.008215851425E-1
   2.551275637819E-1   6.110758936446E-1
   2.601300650325E-1   6.212286634396E-1
   2.651325662831E-1   6.312782075045E-1
   2.701350675338E-1   6.412228559686E-1
   2.751375687844E-1   6.510609563912E-1
   2.801400700350E-1   6.607908740358E-1
   2.851425712856E-1   6.704109921421E-1
   2.901450725363E-1   6.799197121946E-1
   2.951475737869E-1   6.893154541878E-1
   3.001500750375E-1   6.985966568895E-1
   3.051525762881E-1   7.077617780994E-1
   3.101550775388E-1   7.168092949060E-1
   3.151575787894E-1   7.257377039394E-1
   3.201600800400E-1   7.345455216208E-1
   3.251625812906E-1   7.432312844098E-1
   3.301650825413E-1   7.517935490466E-1
   3.351675837919E-1   7.602308927927E-1
   3.401700850425E-1   7.685419136667E-1
   3.451725862931E-1   7.767252306778E-1
   3.501750875438E-1   7.847794840545E-1
   3.551775887944E-1   7.927033354714E-1
   3.601800900450E-1   8.004954682711E-1
   3.651825912956E-1   8.081545876829E-1
   3.701850925463E-1   8.156794210383E-1
   3.751875937969E-1   8.230687179822E-1
   3.801900950475E-1   8.303212506808E-1
   3.851925962981E-1   8.374358140254E-1
   3.901950975488E-1   8.444112258331E-1
   3.951975987994E-1   8.512463270428E-1
   4.002001000500E-1   8.579399819079E-1
   4.052026013007E-1   8.644910781851E-1
   4.102051025513E-1   8.708985273191E-1
   4.152076038019E-1   8.771612646239E-1
   4.202101050525E-1   8.832782494589E-1
   4.252126063032E-1   8.892484654027E-1
   4.302151075538E-1   8.950709204212E-1
   4.352176088044E-1   9.007446470331E-1
   4.402201100550E-1   9.062687024703E-1
   4.452226113057E-1   9.116421688346E-1
   4.502251125563E-1   9.168641532503E-1
   4.552276138069E-1   9.219337880125E-1
   4.602301150575E-1   9.268502307313E-1
   4.652326163082E-1   9.316126644718E-1
   4.702351175588E-1   9.362202978898E-1
   4.752376188094E-1   9.406723653632E-1
   4.802401200600E-1   9.449681271196E-1
   4.852426213107E-1   9.491068693588E-1
   4.902451225613E-1   9.530879043714E-1
   4.952476238119E-1   9.569105706536E-1
   5.002501250625E-1   9.605742330164E-1
   5.052526263132E-1   9.640782826917E-1
   5.102551275638E-1   9.674221374332E-1
   5.152576288144E-1   9.706052416133E-1
   5.202601300650E-1   9.736270663151E-1
   5.252626313157E-1   9.764871094207E-1
   5.302651325663E-1   9.791848956945E-1
   5.352676338169E-1   9.817199768619E-1
   5.402701350675E-1   9.840919316842E-1
   5.452726363182E-1   9.863003660282E-1
   5.502751375688E-1   9.883449129321E-1
   5.552776388194E-1   9.902252326662E-1
   5.602801400700E-1   9.919410127893E-1
   5.652826413207E-1   9.934919682008E-1
   5.702851425713E-1   9.948778411881E-1
   5.752876438219E-1   9.960984014693E-1
   5.802901450725E-1   9.971534462312E-1
   5.852926463232E-1   9.980428001638E-1
   5.902951475738E-1   9.987663154884E-1
   5.952976488244E-1   9.993238719832E-1
   6.003001500750E-1   9.997153770022E-1
   6.053026513257E-1   9.999407654916E-1
   6.103051525763E-1    1.000000000000E0
   6.153076538269E-1   9.998930706847E-1
   6.203101550775E-1   9.998515219700E-1
   6.253126563282E-1   9.995369047880E-1
   6.303151575788E-1   9.990562007319E-1
   6.353176588294E-1   9.984094896775E-1
   6.403201600800E-1   9.975968790846E-1
   6.453226613307E-1   9.966185039799E-1
   6.503251625813E-1   9.954745269338E-1
   6.553276638319E-1   9.941651380339E-1
   6.603301650825E-1   9.926905548532E-1
   6.653326663332E-1   9.910510224143E-1
   6.703351675838E-1   9.892468131480E-1
   6.753376688344E-1   9.872782268487E-1
   6.803401700850E-1   9.851455906241E-1
   6.853426713357E-1   9.828492588414E-1
   6.903451725863E-1   9.803896130676E-1
   6.953476738369E-1   9.777670620071E-1
   7.003501750875E-1   9.749820414329E-1
   7.053526763382E-1   9.720350141146E-1
   7.103551775888E-1   9.689264697417E-1
   7.153576788394E-1   9.656569248417E-1
   7.203601800900E-1   9.622269226946E-1
   7.253626813407E-1   9.586370332429E-1
   7.303651825913E-1   9.548878529962E-1
   7.353676838419E-1   9.509800049326E-1
   7.403701850925E-1   9.469141383952E-1
   7.453726863432E-1   9.426909289838E-1
   7.503751875938E-1   9.383110784431E-1
   7.553776888444E-1   9.337753145459E-1
   7.603801900950E-1   9.290843909719E-1
   7.653826913457E-1   9.242390871829E-1
   7.703851925963E-1   9.192402082933E-1
   7.753876938469E-1   9.140885849358E-1
   7.803901950975E-1   9.087850731238E-1
   7.853926963482E-1   9.033305541091E-1
   7.903951975988E-1   8.977259342355E-1
   7.953976988494E-1   8.919721447881E-1
   8.004002001000E-1   8.860701418385E-1
   8.054027013507E-1   8.800209060860E-1
   8.104052026013E-1   8.738254426949E-1
   8.154077038519E-1   8.674847811270E-1
   8.204102051026E-1   8.609999749708E-1
   8.254127063532E-1   8.543721017667E-1
   8.304152076038E-1   8.476022628272E-1
   8.354177088544E-1   8.406915830548E-1
   8.404202101051E-1   8.336412107545E-1
   8.454227113557E-1   8.264523174429E-1
   8.504252126063E-1   8.191260976542E-1
   8.554277138569E-1   8.116637687411E-1
   8.604302151076E-1   8.040665706726E-1
   8.654327163582E-1   7.963357658282E-1
   8.704352176088E-1   7.884726387880E-1
   8.754377188594E-1   7.804784961193E-1
   8.804402201101E-1   7.723546661593E-1
   8.854427213607E-1   7.641024987948E-1
   8.904452226113E-1   7.557233652375E-1
   8.954477238619E-1   7.472186577961E-1
   9.004502251126E-1   7.385897896454E-1
   9.054527263632E-1   7.298381945911E-1
   9.104552276138E-1   7.209653268317E-1
   9.154577288644E-1   7.119726607169E-1
   9.204602301151E-1   7.028616905024E-1
   9.254627313657E-1   6.936339301019E-1
   9.304652326163E-1   6.842909128354E-1
   9.354677338669E-1   6.748341911742E-1
   9.404702351176E-1   6.652653364835E-1
   9.454727363682E-1   6.555859387607E-1
   9.504752376188E-1   6.457976063716E-1
   9.554777388694E-1   6.359019657829E-1
   9.604802401201E-1   6.259006612921E-1
   9.654827413707E-1   6.157953547541E-1
   9.704852426213E-1   6.055877253054E-1
   9.754877438719E-1   5.952794690847E-1
   9.804902451226E-1   5.848722989512E-1
   9.854927463732E-1   5.743679442002E-1
   9.904952476238E-1   5.637681502753E-1
   9.954977488744E-1   5.530746784790E-1
    1.000500250125E0   5.422893056792E-1
    1.005502751376E0   5.314393582788E-1
    1.010505252626E0   5.207814697014E-1
    1.015507753877E0   5.103373225174E-1
    1.020510255128E0   5.001026301944E-1
    1.025512756378E0   4.900731921657E-1
    1.030515257629E0   4.802448921057E-1
    1.035517758879E0   4.706136962407E-1
    1.040520260130E0   4.611756516936E-1
    1.045522761381E0   4.519268848611E-1
    1.050525262631E0   4.428635998240E-1
    1.055527763882E0   4.339820767897E-1
    1.060530265133E0   4.252786705648E-1
    1.065532766383E0   4.167498090595E-1
    1.070535267634E0   4.083919918214E-1
    1.075537768884E0   4.002017885989E-1
    1.080540270135E0   3.921758379332E-1
    1.085542771386E0   3.843108457787E-1
    1.090545272636E0   3.766035841512E-1
    1.095547773887E0   3.690508898029E-1
    1.100550275138E0   3.616496629242E-1
    1.105552776388E0   3.543968658713E-1
    1.110555277639E0   3.472895219199E-1
    1.115557778889E0   3.403247140428E-1
    1.120560280140E0   3.334995837135E-1
    1.125562781391E0   3.268113297322E-1
    1.130565282641E0   3.202572070767E-1
    1.135567783892E0   3.138345257755E-1
    1.140570285143E0   3.075406498038E-1
    1.145572786393E0   3.013729960018E-1
    1.150575287644E0   2.953290330141E-1
    1.155577788894E0   2.894062802513E-1
    1.160580290145E0   2.836023068713E-1
    1.165582791396E0   2.779147307823E-1
    1.170585292646E0   2.723412176644E-1
    1.175587793897E0   2.668794800124E-1
    1.180590295148E0   2.615272761960E-1
    1.185592796398E0   2.562824095405E-1
    1.190595297649E0   2.511427274250E-1
    1.195597798899E0   2.461061203987E-1
    1.200600300150E0   2.411705213157E-1
    1.205602801401E0   2.363339044858E-1
    1.210605302651E0   2.315942848437E-1
    1.215607803902E0   2.269497171342E-1
    1.220610305153E0   2.223982951136E-1
    1.225612806403E0   2.179381507674E-1
    1.230615307654E0   2.135674535440E-1
    1.235617808904E0   2.092844096028E-1
    1.240620310155E0   2.050872610781E-1
    1.245622811406E0   2.009742853582E-1
    1.250625312656E0   1.969437943776E-1
    1.255627813907E0   1.929941339247E-1
    1.260630315158E0   1.891236829628E-1
    1.265632816408E0   1.853308529645E-1
    1.270635317659E0   1.816140872600E-1
    1.275637818909E0   1.779718603983E-1
    1.280640320160E0   1.744026775207E-1
    1.285642821411E0   1.709050737478E-1
    1.290645322661E0   1.674776135777E-1
    1.295647823912E0   1.641188902974E-1
    1.300650325163E0   1.608275254051E-1
    1.305652826413E0   1.576021680444E-1
    1.310655327664E0   1.544414944503E-1
    1.315657828914E0   1.513442074054E-1
    1.320660330165E0   1.483090357076E-1
    1.325662831416E0   1.453347336485E-1
    1.330665332666E0   1.424200805022E-1
    1.335667833917E0   1.395638800242E-1
    1.340670335168E0   1.367649599601E-1
    1.345672836418E0   1.340221715651E-1
    1.350675337669E0   1.313343891320E-1
    1.355677838919E0   1.287005095294E-1
    1.360680340170E0   1.261194517492E-1
    1.365682841421E0   1.235901564623E-1
    1.370685342671E0   1.211115855843E-1
    1.375687843922E0   1.186827218494E-1
    1.380690345173E0   1.163025683929E-1
    1.385692846423E0   1.139701483418E-1
    1.390695347674E0   1.116845044142E-1
    1.395697848924E0   1.094446985260E-1
    1.400700350175E0   1.072498114065E-1
    1.405702851426E0   1.050989422206E-1
    1.410705352676E0   1.029912081991E-1
    1.415707853927E0   1.009257442768E-1
    1.420710355178E0   9.890170273686E-2
    1.425712856428E0   9.691825286349E-2
    1.430715357679E0   9.497458060052E-2
    1.435717858929E0   9.306988821755E-2
    1.440720360180E0   9.120339398244E-2
    1.445722861431E0   8.937433184054E-2
    1.450725362681E0   8.758195110020E-2
    1.455727863932E0   8.582551612474E-2
    1.460730365183E0   8.410430603048E-2
    1.465732866433E0   8.241761439090E-2
    1.470735367684E0   8.076474894669E-2
    1.475737868934E0   7.914503132163E-2
    1.480740370185E0   7.755779674418E-2
    1.485742871436E0   7.600239377462E-2
    1.490745372686E0   7.447818403771E-2
    1.495747873937E0   7.298454196066E-2
    1.500750375188E0   7.152085451642E-2
    1.505752876438E0   7.008652097202E-2
    1.510755377689E0   6.868095264204E-2
    1.515757878939E0   6.730357264704E-2
    1.520760380190E0   6.595381567674E-2
    1.525762881441E0   6.463112775800E-2
    1.530765382691E0   6.333496602751E-2
    1.535767883942E0   6.206479850894E-2
    1.540770385193E0   6.082010389462E-2
    1.545772886443E0   5.960037133158E-2
    1.550775387694E0   5.840510021188E-2
    1.555777888944E0   5.723379996715E-2
    1.560780390195E0   5.608598986726E-2
    1.565782891446E0   5.496119882300E-2
    1.570785392696E0   5.385896519275E-2
    1.575787893947E0   5.277883659298E-2
    1.580790395198E0   5.172036971263E-2
    1.585792896448E0   5.068313013112E-2
    1.590795397699E0   4.966669214007E-2
    1.595797898949E0   4.867063856860E-2
    1.600800400200E0   4.769456061206E-2
    1.605802901451E0   4.673805766429E-2
    1.610805402701E0   4.580073715321E-2
    1.615807903952E0   4.488221437966E-2
    1.620810405203E0   4.398211235952E-2
    1.625812906453E0   4.310006166903E-2
    1.630815407704E0   4.223570029309E-2
    1.635817908954E0   4.138867347677E-2
    1.640820410205E0   4.055863357963E-2
    1.645822911456E0   3.974523993309E-2
    1.650825412706E0   3.894815870061E-2
    1.655827913957E0   3.816706274063E-2
    1.660830415208E0   3.740163147236E-2
    1.665832916458E0   3.665155074417E-2
    1.670835417709E0   3.591651270467E-2
    1.675837918959E0   3.519621567636E-2
    1.680840420210E0   3.449036403180E-2
    1.685842921461E0   3.379866807229E-2
    1.690845422711E0   3.312084390898E-2
    1.695847923962E0   3.245661334631E-2
    1.700850425213E0   3.180570376791E-2
    1.705852926463E0   3.116784802463E-2
    1.710855427714E0   3.054278432494E-2
    1.715857928964E0   2.993025612750E-2
    1.720860430215E0   2.933001203580E-2
    1.725862931466E0   2.874180569508E-2
    1.730865432716E0   2.816539569111E-2
    1.735867933967E0   2.760054545122E-2
    1.740870435218E0   2.704702314710E-2
    1.745872936468E0   2.650460159972E-2
    1.750875437719E0   2.597305818609E-2
    1.755877938969E0   2.545217474784E-2
    1.760880440220E0   2.494173750173E-2
    1.765882941471E0   2.444153695189E-2
    1.770885442721E0   2.395136780382E-2
    1.775887943972E0   2.347102888020E-2
    1.780890445223E0   2.300032303821E-2
    1.785892946473E0   2.253905708874E-2
    1.790895447724E0   2.208704171699E-2
    1.795897948974E0   2.164409140487E-2
    1.800900450225E0   2.121002435478E-2
    1.805902951476E0   2.078466241502E-2
    1.810905452726E0   2.036783100672E-2
    1.815907953977E0   1.995935905211E-2
    1.820910455228E0   1.955907890436E-2
    1.825912956478E0   1.916682627875E-2
    1.830915457729E0   1.878244018525E-2
    1.835917958979E0   1.840576286245E-2
    1.840920460230E0   1.803663971281E-2
    1.845922961481E0   1.767491923920E-2
    1.850925462731E0   1.732045298274E-2
    1.855927963982E0   1.697309546184E-2
    1.860930465233E0   1.663270411252E-2
    1.865932966483E0   1.629913922989E-2
    1.870935467734E0   1.597226391079E-2
    1.875937968984E0   1.565194399763E-2
    1.880940470235E0   1.533804802334E-2
    1.885942971486E0   1.503044715735E-2
    1.890945472736E0   1.472901515278E-2
    1.895947973987E0   1.443362829460E-2
    1.900950475238E0   1.414416534886E-2
    1.905952976488E0   1.386050751291E-2
    1.910955477739E0   1.358253836667E-2
    1.915957978989E0   1.331014382484E-2
    1.920960480240E0   1.304321209006E-2
    1.925962981491E0   1.278163360706E-2
    1.930965482741E0   1.252530101765E-2
    1.935967983992E0   1.227410911670E-2
    1.940970485243E0   1.202795480894E-2
    1.945972986493E0   1.178673706665E-2
    1.950975487744E0   1.155035688820E-2
    1.955977988994E0   1.131871725740E-2
    1.960980490245E0   1.109172310371E-2
    1.965982991496E0   1.086928126321E-2
    1.970985492746E0   1.065130044035E-2
    1.975987993997E0   1.043769117048E-2
    1.980990495248E0   1.022836578318E-2
    1.985992996498E0   1.002323836620E-2
    1.990995497749E0   9.822224730255E-3
    1.995997998999E0   9.625242374457E-3
    2.001000500250E0   9.432210452453E-3
    2.006003001501E0   9.243049739241E-3
    2.011005502751E0   9.057682598660E-3
    2.016008004002E0   8.876032951523E-3
    2.021010505253E0   8.698026244393E-3
    2.026013006503E0   8.523589418983E-3
    2.031015507754E0   8.352650882174E-3
    2.036018009005E0   8.185140476628E-3
    2.041020510255E0   8.020989451998E-3
    2.046023011506E0   7.860130436706E-3
    2.051025512756E0   7.702497410298E-3
    2.056028014007E0   7.548025676340E-3
    2.061030515258E0   7.396651835873E-3
    2.066033016508E0   7.248313761388E-3
    2.071035517759E0   7.102950571328E-3
    2.076038019010E0   6.960502605101E-3
    2.081040520260E0   6.820911398593E-3
    2.086043021511E0   6.684119660176E-3
    2.091045522761E0   6.550071247188E-3
    2.096048024012E0   6.418711142900E-3
    2.101050525263E0   6.289985433925E-3
    2.106053026513E0   6.163841288099E-3
    2.111055527764E0   6.040226932794E-3
    2.116058029015E0   5.919091633669E-3
    2.121060530265E0   5.800385673848E-3
    2.126063031516E0   5.684060333516E-3
    2.131065532766E0   5.570067869920E-3
    2.136068034017E0   5.458361497780E-3
    2.141070535268E0   5.348895370079E-3
    2.146073036518E0   5.241624559255E-3
    2.151075537769E0   5.136505038755E-3
    2.156078039020E0   5.033493664969E-3
    2.161080540270E0   4.932548159521E-3
    2.166083041521E0   4.833627091919E-3
    2.171085542771E0   4.736689862547E-3
    2.176088044022E0   4.641696686008E-3
    2.181090545273E0   4.548608574789E-3
    2.186093046523E0   4.457387323264E-3
    2.191095547774E0   4.367995492008E-3
    2.196098049025E0   4.280396392440E-3
    2.201100550275E0   4.194554071755E-3
    2.206103051526E0   4.110433298177E-3
    2.211105552776E0   4.027999546490E-3
    2.216108054027E0   3.947218983877E-3
    2.221110555278E0   3.868058456029E-3
    2.226113056528E0   3.790485473537E-3
    2.231115557779E0   3.714468198561E-3
    2.236118059030E0   3.639975431761E-3
    2.241120560280E0   3.566976599492E-3
    2.246123061531E0   3.495441741256E-3
    2.251125562781E0   3.425341497406E-3
    2.256128064032E0   3.356647097094E-3
    2.261130565283E0   3.289330346467E-3
    2.266133066533E0   3.223363617092E-3
    2.271135567784E0   3.158719834617E-3
    2.276138069035E0   3.095372467659E-3
    2.281140570285E0   3.033295516918E-3
    2.286143071536E0   2.972463504501E-3
    2.291145572786E0   2.912851463470E-3
    2.296148074037E0   2.854434927591E-3
    2.301150575288E0   2.797189921297E-3
    2.306153076538E0   2.741092949843E-3
    2.311155577789E0   2.686120989666E-3
    2.316158079040E0   2.632251478936E-3
    2.321160580290E0   2.579462308293E-3
    2.326163081541E0   2.527731811778E-3
    2.331165582791E0   2.477038757935E-3
    2.336168084042E0   2.427362341101E-3
    2.341170585293E0   2.378682172865E-3
    2.346173086543E0   2.330978273700E-3
    2.351175587794E0   2.284231064766E-3
    2.356178089045E0   2.238421359869E-3
    2.361180590295E0   2.193530357592E-3
    2.366183091546E0   2.149539633574E-3
    2.371185592796E0   2.106431132951E-3
    2.376188094047E0   2.064187162945E-3
    2.381190595298E0   2.022790385603E-3
    2.386193096548E0   1.982223810679E-3
    2.391195597799E0   1.942470788663E-3
    2.396198099050E0   1.903515003948E-3
    2.401200600300E0   1.865340468130E-3
    2.406203101551E0   1.827931513452E-3
    2.411205602801E0   1.791272786366E-3
    2.416208104052E0   1.755349241241E-3
    2.421210605303E0   1.720146134176E-3
    2.426213106553E0   1.685649016962E-3
    2.431215607804E0   1.651843731141E-3
    2.436218109055E0   1.618716402200E-3
    2.441220610305E0   1.586253433877E-3
    2.446223111556E0   1.554441502581E-3
    2.451225612806E0   1.523267551919E-3
    2.456228114057E0   1.492718787344E-3
    2.461230615308E0   1.462782670899E-3
    2.466233116558E0   1.433446916073E-3
    2.471235617809E0   1.404699482758E-3
    2.476238119060E0   1.376528572308E-3
    2.481240620310E0   1.348922622694E-3
    2.486243121561E0   1.321870303764E-3
    2.491245622811E0   1.295360512587E-3
    2.496248124062E0   1.269382368899E-3
    2.501250625313E0   1.243925210638E-3
    2.506253126563E0   1.218978589566E-3
    2.511255627814E0   1.194532266983E-3
    2.516258129065E0   1.170576209523E-3
    2.521260630315E0   1.147100585036E-3
    2.526263131566E0   1.124095758555E-3
    2.531265632816E0   1.101552288339E-3
    2.536268134067E0   1.079460921999E-3
    2.541270635318E0   1.057812592700E-3
    2.546273136568E0   1.036598415441E-3
    2.551275637819E0   1.015809683408E-3
    2.556278139070E0   9.954378643981E-4
    2.561280640320E0   9.754745973212E-4
    2.566283141571E0   9.559116887666E-4
    2.571285642821E0   9.367411096403E-4
    2.576288144072E0   9.179549918700E-4
    2.581290645323E0   8.995456251755E-4
    2.586293146573E0   8.815054539047E-4
    2.591295647824E0   8.638270739320E-4
    2.596298149075E0   8.465032296200E-4
    2.601300650325E0   8.295268108412E-4
    2.606303151576E0   8.128908500600E-4
    2.611305652826E0   7.965885194731E-4
    2.616308154077E0   7.806131282073E-4
    2.621310655328E0   7.649581195729E-4
    2.626313156578E0   7.496170683734E-4
    2.631315657829E0   7.345836782679E-4
    2.636318159080E0   7.198517791870E-4
    2.641320660330E0   7.054153248008E-4
    2.646323161581E0   6.912683900370E-4
    2.651325662831E0   6.774051686490E-4
    2.656328164082E0   6.638199708334E-4
    2.661330665333E0   6.505072208942E-4
    2.666333166583E0   6.374614549548E-4
    2.671335667834E0   6.246773187153E-4
    2.676338169085E0   6.121495652548E-4
    2.681340670335E0   5.998730528785E-4
    2.686343171586E0   5.878427430067E-4
    2.691345672836E0   5.760536981074E-4
    2.696348174087E0   5.645010796696E-4
    2.701350675338E0   5.531801462174E-4
    2.706353176588E0   5.420862513642E-4
    2.711355677839E0   5.312148419054E-4
    2.716358179090E0   5.205614559499E-4
    2.721360680340E0   5.101217210887E-4
    2.726363181591E0   4.998913526006E-4
    2.731365682841E0   4.898661516933E-4
    2.736368184092E0   4.800420037801E-4
    2.741370685343E0   4.704148767918E-4
    2.746373186593E0   4.609808195209E-4
    2.751375687844E0   4.517359600008E-4
    2.756378189095E0   4.426765039159E-4
    2.761380690345E0   4.337987330450E-4
    2.766383191596E0   4.250990037348E-4
    2.771385692846E0   4.165737454046E-4
    2.776388194097E0   4.082194590808E-4
    2.781390695348E0   4.000327159610E-4
    2.786393196598E0   3.920101560064E-4
    2.791395697849E0   3.841484865631E-4
    2.796398199100E0   3.764444810107E-4
    2.801400700350E0   3.688949774376E-4
    2.806403201601E0   3.614968773439E-4
    2.811405702851E0   3.542471443691E-4
    2.816408204102E0   3.471428030464E-4
    2.821410705353E0   3.401809375810E-4
    2.826413206603E0   3.333586906541E-4
    2.831415707854E0   3.266732622492E-4
    2.836418209105E0   3.201219085039E-4
    2.841420710355E0   3.137019405830E-4
    2.846423211606E0   3.074107235756E-4
    2.851425712856E0   3.012456754128E-4
    2.856428214107E0   2.952042658090E-4
    2.861430715358E0   2.892840152224E-4
    2.866433216608E0   2.834824938382E-4
    2.871435717859E0   2.777973205707E-4
    2.876438219110E0   2.722261620865E-4
    2.881440720360E0   2.667667318464E-4
    2.886443221611E0   2.614167891673E-4
    2.891445722861E0   2.561741383026E-4
    2.896448224112E0   2.510366275408E-4
    2.901450725363E0   2.460021483222E-4
    2.906453226613E0   2.410686343742E-4
    2.911455727864E0   2.362340608623E-4
    2.916458229115E0   2.314964435601E-4
    2.921460730365E0   2.268538380340E-4
    2.926463231616E0   2.223043388457E-4
    2.931465732866E0   2.178460787700E-4
    2.936468234117E0   2.134772280284E-4
    2.941470735368E0   2.091959935381E-4
    2.946473236618E0   2.050006181764E-4
    2.951475737869E0   2.008893800590E-4
    2.956478239120E0   1.968605918338E-4
    2.961480740370E0   1.929125999880E-4
    2.966483241621E0   1.890437841695E-4
    2.971485742871E0   1.852525565223E-4
    2.976488244122E0   1.815373610342E-4
    2.981490745373E0   1.778966728985E-4
    2.986493246623E0   1.743289978881E-4
    2.991495747874E0   1.708328717425E-4
    2.996498249125E0   1.674068595663E-4
    3.001500750375E0   1.640495552406E-4
    3.006503251626E0   1.607595808462E-4
    3.011505752876E0   1.575355860974E-4
    3.016508254127E0   1.543762477882E-4
    3.021510755378E0   1.512802692494E-4
    3.026513256628E0   1.482463798159E-4
    3.031515757879E0   1.452733343057E-4
    3.036518259130E0   1.423599125085E-4
    3.041520760380E0   1.395049186851E-4
    3.046523261631E0   1.367071810765E-4
    3.051525762881E0   1.339655514231E-4
    3.056528264132E0   1.312789044933E-4
    3.061530765383E0   1.286461376219E-4
    3.066533266633E0   1.260661702572E-4
    3.071535767884E0   1.235379435178E-4
    3.076538269135E0   1.210604197578E-4
    3.081540770385E0   1.186325821413E-4
    3.086543271636E0   1.162534342246E-4
    3.091545772886E0   1.139219995475E-4
    3.096548274137E0   1.116373212323E-4
    3.101550775388E0   1.093984615915E-4
    3.106553276638E0   1.072045017426E-4
    3.111555777889E0   1.050545412311E-4
    3.116558279140E0   1.029476976608E-4
    3.121560780390E0   1.008831063318E-4
    3.126563281641E0   9.885991988568E-5
    3.131565782891E0   9.687730795734E-5
    3.136568284142E0   9.493445683462E-5
    3.141570785393E0   9.303056912413E-5
    3.146573286643E0   9.116486342399E-5
    3.151575787894E0   8.933657400318E-5
    3.156578289145E0   8.754495048719E-5
    3.161580790395E0   8.578925755013E-5
    3.166583291646E0   8.406877461287E-5
    3.171585792896E0   8.238279554733E-5
    3.176588294147E0   8.073062838665E-5
    3.181590795398E0   7.911159504122E-5
    3.186593296648E0   7.752503102033E-5
    3.191595797899E0   7.597028515949E-5
    3.196598299150E0   7.444671935313E-5
    3.201600800400E0   7.295370829278E-5
    3.206603301651E0   7.149063921033E-5
    3.211605802901E0   7.005691162663E-5
    3.216608304152E0   6.865193710496E-5
    3.221610805403E0   6.727513900958E-5
    3.226613306653E0   6.592595226904E-5
    3.231615807904E0   6.460382314424E-5
    3.236618309155E0   6.330820900122E-5
    3.241620810405E0   6.203857808838E-5
    3.246623311656E0   6.079440931829E-5
    3.251625812906E0   5.957519205380E-5
    3.256628314157E0   5.838042589846E-5
    3.261630815408E0   5.720962049116E-5
    3.266633316658E0   5.606229530485E-5
    3.271635817909E0   5.493797944934E-5
    3.276638319160E0   5.383621147805E-5
    3.281640820410E0   5.275653919856E-5
    3.286643321661E0   5.169851948709E-5
    3.291645822911E0   5.066171810660E-5
    3.296648324162E0   4.964570952856E-5
    3.301650825413E0   4.865007675831E-5
    3.306653326663E0   4.767441116393E-5
    3.311655827914E0   4.671831230851E-5
    3.316658329165E0   4.578138778579E-5
    3.321660830415E0   4.486325305915E-5
    3.326663331666E0   4.396353130374E-5
    3.331665832916E0   4.308185325185E-5
    3.336668334167E0   4.221785704135E-5
    3.341670835418E0   4.137118806715E-5
    3.346673336668E0   4.054149883569E-5
    3.351675837919E0   3.972844882233E-5
    3.356678339170E0   3.893170433153E-5
    3.361680840420E0   3.815093835997E-5
    3.366683341671E0   3.738583046228E-5
    3.371685842921E0   3.663606661955E-5
    3.376688344172E0   3.590133911045E-5
    3.381690845423E0   3.518134638492E-5
    3.386693346673E0   3.447579294043E-5
    3.391695847924E0   3.378438920066E-5
    3.396698349175E0   3.310685139668E-5
    3.401700850425E0   3.244290145048E-5
    3.406703351676E0   3.179226686085E-5
    3.411705852926E0   3.115468059151E-5
    3.416708354177E0   3.052988096153E-5
    3.421710855428E0   2.991761153794E-5
    3.426713356678E0   2.931762103045E-5
    3.431715857929E0   2.872966318836E-5
    3.436718359180E0   2.815349669945E-5
    3.441720860430E0   2.758888509097E-5
    3.446723361681E0   2.703559663257E-5
    3.451725862931E0   2.649340424120E-5
    3.456728364182E0   2.596208538790E-5
    3.461730865433E0   2.544142200648E-5
    3.466733366683E0   2.493120040401E-5
    3.471735867934E0   2.443121117313E-5
    3.476738369185E0   2.394124910608E-5
    3.481740870435E0   2.346111311050E-5
    3.486743371686E0   2.299060612689E-5
    3.491745872936E0   2.252953504774E-5
    3.496748374187E0   2.207771063824E-5
    3.501750875438E0   2.163494745866E-5
    3.506753376688E0   2.120106378821E-5
    3.511755877939E0   2.077588155046E-5
    3.516758379190E0   2.035922624029E-5
    3.521760880440E0   1.995092685220E-5
    3.526763381691E0   1.955081581019E-5
    3.531765882941E0   1.915872889894E-5
    3.536768384192E0   1.877450519645E-5
    3.541770885443E0   1.839798700794E-5
    3.546773386693E0   1.802901980120E-5
    3.551775887944E0   1.766745214309E-5
    3.556778389195E0   1.731313563744E-5
    3.561780890445E0   1.696592486414E-5
    3.566783391696E0   1.662567731944E-5
    3.571785892946E0   1.629225335745E-5
    3.576788394197E0   1.596551613286E-5
    3.581790895448E0   1.564533154478E-5
    3.586793396698E0   1.533156818163E-5
    3.591795897949E0   1.502409726731E-5
    3.596798399200E0   1.472279260826E-5
    3.601800900450E0   1.442753054172E-5
    3.606803401701E0   1.413818988494E-5
    3.611805902951E0   1.385465188549E-5
    3.616808404202E0   1.357680017245E-5
    3.621810905453E0   1.330452070872E-5
    3.626813406703E0   1.303770174418E-5
    3.631815907954E0   1.277623376984E-5
    3.636818409205E0   1.252000947287E-5
    3.641820910455E0   1.226892369258E-5
    3.646823411706E0   1.202287337726E-5
    3.651825912956E0   1.178175754186E-5
    3.656828414207E0   1.154547722658E-5
    3.661830915458E0   1.131393545622E-5
    3.666833416708E0   1.108703720041E-5
    3.671835917959E0   1.086468933457E-5
    3.676838419210E0   1.064680060173E-5
    3.681840920460E0   1.043328157505E-5
    3.686843421711E0   1.022404462112E-5
    3.691845922961E0   1.001900386401E-5
    3.696848424212E0   9.818075149986E-6
    3.701850925463E0   9.621176013023E-6
    3.706853426713E0   9.428225640920E-6
    3.711855927964E0   9.239144842145E-6
    3.716858429215E0   9.053856013337E-6
    3.721860930465E0   8.872283107449E-6
    3.726863431716E0   8.694351602540E-6
    3.731865932966E0   8.519988471189E-6
    3.736868434217E0   8.349122150522E-6
    3.741870935468E0   8.181682512842E-6
    3.746873436718E0   8.017600836844E-6
    3.751875937969E0   7.856809779415E-6
    3.756878439220E0   7.699243347990E-6
    3.761880940470E0   7.544836873469E-6
    3.766883441721E0   7.393526983678E-6
    3.771885942971E0   7.245251577352E-6
    3.776888444222E0   7.099949798657E-6
    3.781890945473E0   6.957562012204E-6
    3.786893446723E0   6.818029778580E-6
    3.791895947974E0   6.681295830359E-6
    3.796898449225E0   6.547304048600E-6
    3.801900950475E0   6.415999439814E-6
    3.806903451726E0   6.287328113393E-6
    3.811905952976E0   6.161237259492E-6
    3.816908454227E0   6.037675127354E-6
    3.821910955478E0   5.916591004074E-6
    3.826913456728E0   5.797935193778E-6
    3.831915957979E0   5.681658997235E-6
    3.836918459230E0   5.567714691861E-6
    3.841920960480E0   5.456055512141E-6
    3.846923461731E0   5.346635630428E-6
    3.851925962981E0   5.239410138139E-6
    3.856928464232E0   5.134335027322E-6
    3.861930965483E0   5.031367172593E-6
    3.866933466733E0   4.930464313439E-6
    3.871935967984E0   4.831585036869E-6
    3.876938469235E0   4.734688760421E-6
    3.881940970485E0   4.639735715504E-6
    3.886943471736E0   4.546686931077E-6
    3.891945972986E0   4.455504217654E-6
    3.896948474237E0   4.366150151629E-6
    3.901950975488E0   4.278588059918E-6
    3.906953476738E0   4.192782004908E-6
    3.911955977989E0   4.108696769704E-6
    3.916958479240E0   4.026297843678E-6
    3.921960980490E0   3.945551408306E-6
    3.926963481741E0   3.866424323285E-6
    3.931965982991E0   3.788884112933E-6
    3.936968484242E0   3.712898952859E-6
    3.941970985493E0   3.638437656904E-6
    3.946973486743E0   3.565469664340E-6
    3.951975987994E0   3.493965027326E-6
    3.956978489245E0   3.423894398619E-6
    3.961980990495E0   3.355229019526E-6
    3.966983491746E0   3.287940708104E-6
    3.971985992996E0   3.222001847592E-6
    3.976988494247E0   3.157385375076E-6
    3.981990995498E0   3.094064770384E-6
    3.986993496748E0   3.032014045197E-6
    3.991995997999E0   2.971207732388E-6
    3.996998499250E0   2.911620875564E-6
    4.002001000500E0   2.853229018830E-6
    4.007003501751E0   2.796008196746E-6
    4.012006003002E0   2.739934924494E-6
    4.017008504252E0   2.684986188237E-6
    4.022011005503E0   2.631139435677E-6
    4.027013506753E0   2.578372566795E-6
    4.032016008004E0   2.526663924783E-6
    4.037018509255E0   2.475992287157E-6
    4.042021010505E0   2.426336857043E-6
    4.047023511756E0   2.377677254643E-6
    4.052026013007E0   2.329993508872E-6
    4.057028514257E0   2.283266049159E-6
    4.062031015508E0   2.237475697418E-6
    4.067033516758E0   2.192603660174E-6
    4.072036018009E0   2.148631520850E-6
    4.077038519260E0   2.105541232210E-6
    4.082041020510E0   2.063315108949E-6
    4.087043521761E0   2.021935820440E-6
    4.092046023012E0   1.981386383615E-6
    4.097048524262E0   1.941650155998E-6
    4.102051025513E0   1.902710828873E-6
    4.107053526763E0   1.864552420594E-6
    4.112056028014E0   1.827159270019E-6
    4.117058529265E0   1.790516030090E-6
    4.122061030515E0   1.754607661529E-6
    4.127063531766E0   1.719419426668E-6
    4.132066033017E0   1.684936883398E-6
    4.137068534267E0   1.651145879244E-6
    4.142071035518E0   1.618032545555E-6
    4.147073536768E0   1.585583291814E-6
    4.152076038019E0   1.553784800055E-6
    4.157078539270E0   1.522624019405E-6
    4.162081040520E0   1.492088160720E-6
    4.167083541771E0   1.462164691340E-6
    4.172086043022E0   1.432841329946E-6
    4.177088544272E0   1.404106041515E-6
    4.182091045523E0   1.375947032386E-6
    4.187093546773E0   1.348352745416E-6
    4.192096048024E0   1.321311855237E-6
    4.197098549275E0   1.294813263611E-6
    4.202101050525E0   1.268846094870E-6
    4.207103551776E0   1.243399691456E-6
    4.212106053027E0   1.218463609545E-6
    4.217108554277E0   1.194027614762E-6
    4.222111055528E0   1.170081677981E-6
    4.227113556778E0   1.146615971205E-6
    4.232116058029E0   1.123620863538E-6
    4.237118559280E0   1.101086917227E-6
    4.242121060530E0   1.079004883793E-6
    4.247123561781E0   1.057365700231E-6
    4.252126063032E0   1.036160485293E-6
    4.257128564282E0   1.015380535844E-6
    4.262131065533E0   9.950173232850E-7
    4.267133566783E0   9.750624900590E-7
    4.272136068034E0   9.555078462165E-7
    4.277138569285E0   9.363453660555E-7
    4.282141070535E0   9.175671848276E-7
    4.287143571786E0   8.991655955102E-7
    4.292146073037E0   8.811330456429E-7
    4.297148574287E0   8.634621342284E-7
    4.302151075538E0   8.461456086944E-7
    4.307153576788E0   8.291763619173E-7
    4.312156078039E0   8.125474293050E-7
    4.317158579290E0   7.962519859388E-7
    4.322161080540E0   7.802833437721E-7
    4.327163581791E0   7.646349488853E-7
    4.332166083042E0   7.493003787963E-7
    4.337168584292E0   7.342733398241E-7
    4.342171085543E0   7.195476645061E-7
    4.347173586793E0   7.051173090667E-7
    4.352176088044E0   6.909763509368E-7
    4.357178589295E0   6.771189863228E-7
    4.362181090545E0   6.635395278249E-7
    4.367183591796E0   6.502324021029E-7
    4.372186093047E0   6.371921475883E-7
    4.377188594297E0   6.244134122432E-7
    4.382191095548E0   6.118909513636E-7
    4.387193596798E0   5.996196254267E-7
    4.392196098049E0   5.875943979815E-7
    4.397198599300E0   5.758103335820E-7
    4.402201100550E0   5.642625957613E-7
    4.407203601801E0   5.529464450465E-7
    4.412206103052E0   5.418572370141E-7
    4.417208604302E0   5.309904203830E-7
    4.422211105553E0   5.203415351472E-7
    4.427213606803E0   5.099062107449E-7
    4.432216108054E0   4.996801642649E-7
    4.437218609305E0   4.896591986889E-7
    4.442221110555E0   4.798392011685E-7
    4.447223611806E0   4.702161413378E-7
    4.452226113057E0   4.607860696587E-7
    4.457228614307E0   4.515451158002E-7
    4.462231115558E0   4.424894870499E-7
    4.467233616808E0   4.336154667573E-7
    4.472236118059E0   4.249194128084E-7
    4.477238619310E0   4.163977561311E-7
    4.482241120560E0   4.080469992299E-7
    4.487243621811E0   3.998637147509E-7
    4.492246123062E0   3.918445440749E-7
    4.497248624312E0   3.839861959391E-7
    4.502251125563E0   3.762854450861E-7
    4.507253626813E0   3.687391309403E-7
    4.512256128064E0   3.613441563106E-7
    4.517258629315E0   3.540974861195E-7
    4.522261130565E0   3.469961461569E-7
    4.527263631816E0   3.400372218603E-7
    4.532266133067E0   3.332178571175E-7
    4.537268634317E0   3.265352530954E-7
    4.542271135568E0   3.199866670905E-7
    4.547273636818E0   3.135694114037E-7
    4.552276138069E0   3.072808522370E-7
    4.557278639320E0   3.011184086128E-7
    4.562281140570E0   2.950795513140E-7
    4.567283641821E0   2.891618018466E-7
    4.572286143072E0   2.833627314223E-7
    4.577288644322E0   2.776799599613E-7
    4.582291145573E0   2.721111551159E-7
    4.587293646823E0   2.666540313129E-7
    4.592296148074E0   2.613063488160E-7
    4.597298649325E0   2.560659128060E-7
    4.602301150575E0   2.509305724804E-7
    4.607303651826E0   2.458982201706E-7
    4.612306153077E0   2.409667904766E-7
    4.617308654327E0   2.361342594197E-7
    4.622311155578E0   2.313986436114E-7
    4.627313656828E0   2.267579994398E-7
    4.632316158079E0   2.222104222715E-7
    4.637318659330E0   2.177540456701E-7
    4.642321160580E0   2.133870406301E-7
    4.647323661831E0   2.091076148265E-7
    4.652326163082E0   2.049140118786E-7
    4.657328664332E0   2.008045106297E-7
    4.662331165583E0   1.967774244405E-7
    4.667333666833E0   1.928311004967E-7
    4.672336168084E0   1.889639191310E-7
    4.677338669335E0   1.851742931579E-7
    4.682341170585E0   1.814606672227E-7
    4.687343671836E0   1.778215171630E-7
    4.692346173087E0   1.742553493828E-7
    4.697348674337E0   1.707607002403E-7
    4.702351175588E0   1.673361354462E-7
    4.707353676838E0   1.639802494758E-7
    4.712356178089E0   1.606916649918E-7
    4.717358679340E0   1.574690322791E-7
    4.722361180590E0   1.543110286908E-7
    4.727363681841E0   1.512163581053E-7
    4.732366183092E0   1.481837503944E-7
    4.737368684342E0   1.452119609022E-7
    4.742371185593E0   1.422997699339E-7
    4.747373686843E0   1.394459822553E-7
    4.752376188094E0   1.366494266027E-7
    4.757378689345E0   1.339089552013E-7
    4.762381190595E0   1.312234432952E-7
    4.767383691846E0   1.285917886848E-7
    4.772386193097E0   1.260129112749E-7
    4.777388694347E0   1.234857526316E-7
    4.782391195598E0   1.210092755473E-7
    4.787393696848E0   1.185824636157E-7
    4.792396198099E0   1.162043208140E-7
    4.797398699350E0   1.138738710944E-7
    4.802401200600E0   1.115901579838E-7
    4.807403701851E0   1.093522441906E-7
    4.812406203102E0   1.071592112206E-7
    4.817408704352E0   1.050101589996E-7
    4.822411205603E0   1.029042055043E-7
    4.827413706853E0   1.008404864001E-7
    4.832416208104E0   9.881815468642E-8
    4.837418709355E0   9.683638034911E-8
    4.842421210605E0   9.489435001974E-8
    4.847423711856E0   9.299126664178E-8
    4.852426213107E0   9.112634914348E-8
    4.857428714357E0   8.929883211730E-8
    4.862431215608E0   8.750796550576E-8
    4.867433716858E0   8.575301429361E-8
    4.872436218109E0   8.403325820615E-8
    4.877438719360E0   8.234799141361E-8
    4.882441220610E0   8.069652224147E-8
    4.887443721861E0   7.907817288658E-8
    4.892446223112E0   7.749227913897E-8
    4.897448724362E0   7.593819010923E-8
    4.902451225613E0   7.441526796139E-8
    4.907453726863E0   7.292288765114E-8
    4.912456228114E0   7.146043666925E-8
    4.917458729365E0   7.002731479025E-8
    4.922461230615E0   6.862293382602E-8
    4.927463731866E0   6.724671738443E-8
    4.932466233117E0   6.589810063274E-8
    4.937468734367E0   6.457653006582E-8
    4.942471235618E0   6.328146327892E-8
    4.947473736868E0   6.201236874512E-8
    4.952476238119E0   6.076872559711E-8
    4.957478739370E0   5.955002341347E-8
    4.962481240620E0   5.835576200916E-8
    4.967483741871E0   5.718545123023E-8
    4.972486243122E0   5.603861075264E-8
    4.977488744372E0   5.491476988513E-8
    4.982491245623E0   5.381346737606E-8
    4.987493746873E0   5.273425122407E-8
    4.992496248124E0   5.167667849258E-8
    4.997498749375E0   5.064031512798E-8
    5.002501250625E0   4.962473578153E-8
    5.007503751876E0   4.862952363474E-8
    5.012506253127E0   4.765427022831E-8
    5.017508754377E0   4.669857529451E-8
    5.022511255628E0   4.576204659287E-8
    5.027513756878E0   4.484429974920E-8
    5.032516258129E0   4.394495809787E-8
    5.037518759380E0   4.306365252716E-8
    5.042521260630E0   4.220002132781E-8
    5.047523761881E0   4.135371004456E-8
    5.052526263132E0   4.052437133064E-8
    5.057528764382E0   3.971166480528E-8
    5.062531265633E0   3.891525691391E-8
    5.067533766883E0   3.813482079135E-8
    5.072536268134E0   3.737003612762E-8
    5.077538769385E0   3.662058903648E-8
    5.082541270635E0   3.588617192658E-8
    5.087543771886E0   3.516648337529E-8
    5.092546273137E0   3.446122800488E-8
    5.097548774387E0   3.377011636138E-8
    5.102551275638E0   3.309286479577E-8
    5.107553776888E0   3.242919534749E-8
    5.112556278139E0   3.177883563046E-8
    5.117558779390E0   3.114151872122E-8
    5.122561280640E0   3.051698304938E-8
    5.127563781891E0   2.990497229032E-8
    5.132566283142E0   2.930523525990E-8
    5.137568784392E0   2.871752581146E-8
    5.142571285643E0   2.814160273472E-8
    5.147573786893E0   2.757722965685E-8
    5.152576288144E0   2.702417494538E-8
    5.157578789395E0   2.648221161320E-8
    5.162581290645E0   2.595111722537E-8
    5.167583791896E0   2.543067380781E-8
    5.172586293147E0   2.492066775788E-8
    5.177588794397E0   2.442088975668E-8
    5.182591295648E0   2.393113468316E-8
    5.187593796898E0   2.345120152990E-8
    5.192596298149E0   2.298089332066E-8
    5.197598799400E0   2.252001702950E-8
    5.202601300650E0   2.206838350157E-8
    5.207603801901E0   2.162580737547E-8
    5.212606303152E0   2.119210700719E-8
    5.217608804402E0   2.076710439554E-8
    5.222611305653E0   2.035062510910E-8
    5.227613806903E0   1.994249821463E-8
    5.232616308154E0   1.954255620692E-8
    5.237618809405E0   1.915063494003E-8
    5.242621310655E0   1.876657355993E-8
    5.247623811906E0   1.839021443849E-8
    5.252626313157E0   1.802140310876E-8
    5.257628814407E0   1.765998820158E-8
    5.262631315658E0   1.730582138349E-8
    5.267633816908E0   1.695875729580E-8
    5.272636318159E0   1.661865349495E-8
    5.277638819410E0   1.628537039407E-8
    5.282641320660E0   1.595877120566E-8
    5.287643821911E0   1.563872188547E-8
    5.292646323162E0   1.532509107745E-8
    5.297648824412E0   1.501775005990E-8
    5.302651325663E0   1.471657269257E-8
    5.307653826913E0   1.442143536494E-8
    5.312656328164E0   1.413221694547E-8
    5.317658829415E0   1.384879873188E-8
    5.322661330665E0   1.357106440243E-8
    5.327663831916E0   1.329889996819E-8
    5.332666333167E0   1.303219372625E-8
    5.337668834417E0   1.277083621389E-8
    5.342671335668E0   1.251472016360E-8
    5.347673836918E0   1.226374045914E-8
    5.352676338169E0   1.201779409232E-8
    5.357678839420E0   1.177678012076E-8
    5.362681340670E0   1.154059962646E-8
    5.367683841921E0   1.130915567520E-8
    5.372686343172E0   1.108235327674E-8
    5.377688844422E0   1.086009934587E-8
    5.382691345673E0   1.064230266415E-8
    5.387693846923E0   1.042887384253E-8
    5.392696348174E0   1.021972528462E-8
    5.397698849425E0   1.001477115076E-8
    5.402701350675E0   9.813927322783E-9
    5.407703851926E0   9.617111369497E-9
    5.412706353177E0   9.424242512843E-9
    5.417708854427E0   9.235241594744E-9
    5.422711355678E0   9.050031044625E-9
    5.427713856928E0   8.868534847565E-9
    5.432716358179E0   8.690678513107E-9
    5.437718859430E0   8.516389044681E-9
    5.442721360680E0   8.345594909648E-9
    5.447723861931E0   8.178226009935E-9
    5.452726363182E0   8.014213653272E-9
    5.457728864432E0   7.853490524995E-9
    5.462731365683E0   7.695990660420E-9
    5.467733866933E0   7.541649417767E-9
    5.472736368184E0   7.390403451633E-9
    5.477738869435E0   7.242190686992E-9
    5.482741370685E0   7.096950293717E-9
    5.487743871936E0   6.954622661615E-9
    5.492746373187E0   6.815149375960E-9
    5.497748874437E0   6.678473193521E-9
    5.502751375688E0   6.544538019065E-9
    5.507753876938E0   6.413288882337E-9
    5.512756378189E0   6.284671915494E-9
    5.517758879440E0   6.158634331003E-9
    5.522761380690E0   6.035124399971E-9
    5.527763881941E0   5.914091430915E-9
    5.532766383192E0   5.795485748958E-9
    5.537768884442E0   5.679258675442E-9
    5.542771385693E0   5.565362507945E-9
    5.547773886943E0   5.453750500707E-9
    5.552776388194E0   5.344376845444E-9
    5.557778889445E0   5.237196652545E-9
    5.562781390695E0   5.132165932650E-9
    5.567783891946E0   5.029241578594E-9
    5.572786393197E0   4.928381347716E-9
    5.577788894447E0   4.829543844523E-9
    5.582791395698E0   4.732688503697E-9
    5.587793896948E0   4.637775573447E-9
    5.592796398199E0   4.544766099198E-9
    5.597798899450E0   4.453621907597E-9
    5.602801400700E0   4.364305590848E-9
    5.607803901951E0   4.276780491360E-9
    5.612806403202E0   4.191010686702E-9
    5.617808904452E0   4.106960974859E-9
    5.622811405703E0   4.024596859782E-9
    5.627813906953E0   3.943884537233E-9
    5.632816408204E0   3.864790880911E-9
    5.637818909455E0   3.787283428852E-9
    5.642821410705E0   3.711330370113E-9
    5.647823911956E0   3.636900531708E-9
    5.652826413207E0   3.563963365821E-9
    5.657828914457E0   3.492488937261E-9
    5.662831415708E0   3.422447911185E-9
    5.667833916958E0   3.353811541050E-9
    5.672836418209E0   3.286551656818E-9
    5.677838919460E0   3.220640653396E-9
    5.682841420710E0   3.156051479303E-9
    5.687843921961E0   3.092757625569E-9
    5.692846423212E0   3.030733114858E-9
    5.697848924462E0   2.969952490798E-9
    5.702851425713E0   2.910390807543E-9
    5.707853926963E0   2.852023619527E-9
    5.712856428214E0   2.794826971437E-9
    5.717858929465E0   2.738777388374E-9
    5.722861430715E0   2.683851866226E-9
    5.727863931966E0   2.630027862221E-9
    5.732866433217E0   2.577283285677E-9
    5.737868934467E0   2.525596488937E-9
    5.742871435718E0   2.474946258480E-9
    5.747873936968E0   2.425311806219E-9
    5.752876438219E0   2.376672760967E-9
    5.757878939470E0   2.329009160075E-9
    5.762881440720E0   2.282301441241E-9
    5.767883941971E0   2.236530434480E-9
    5.772886443222E0   2.191677354257E-9
    5.777888944472E0   2.147723791775E-9
    5.782891445723E0   2.104651707423E-9
    5.787893946973E0   2.062443423369E-9
    5.792896448224E0   2.021081616305E-9
    5.797898949475E0   1.980549310338E-9
    5.802901450725E0   1.940829870024E-9
    5.807903951976E0   1.901906993538E-9
    5.812906453227E0   1.863764705982E-9
    5.817908954477E0   1.826387352835E-9
    5.822911455728E0   1.789759593520E-9
    5.827913956978E0   1.753866395112E-9
    5.832916458229E0   1.718693026171E-9
    5.837918959480E0   1.684225050688E-9
    5.842921460730E0   1.650448322168E-9
    5.847923961981E0   1.617348977819E-9
    5.852926463232E0   1.584913432864E-9
    5.857928964482E0   1.553128374966E-9
    5.862931465733E0   1.521980758763E-9
    5.867933966983E0   1.491457800515E-9
    5.872936468234E0   1.461546972858E-9
    5.877938969485E0   1.432235999659E-9
    5.882941470735E0   1.403512850981E-9
    5.887943971986E0   1.375365738146E-9
    5.892946473237E0   1.347783108892E-9
    5.897948974487E0   1.320753642637E-9
    5.902951475738E0   1.294266245830E-9
    5.907953976988E0   1.268310047399E-9
    5.912956478239E0   1.242874394288E-9
    5.917958979490E0   1.217948847086E-9
    5.922961480740E0   1.193523175741E-9
    5.927963981991E0   1.169587355363E-9
    5.932966483242E0   1.146131562108E-9
    5.937968984492E0   1.123146169149E-9
    5.942971485743E0   1.100621742720E-9
    5.947973986993E0   1.078549038249E-9
    5.952976488244E0   1.056918996560E-9
    5.957978989495E0   1.035722740157E-9
    5.962981490745E0   1.014951569581E-9
    5.967983991996E0  9.945969598372E-10
    5.972986493247E0  9.746505568991E-10
    5.977988994497E0  9.551041742771E-10
    5.982991495748E0  9.359497896598E-10
    5.987993996998E0  9.171795416214E-10
    5.992996498249E0  8.987857263953E-10
    5.997998999500E0  8.807607947118E-10
    6.003001500750E0  8.630973487002E-10
    6.008004002001E0  8.457881388523E-10
    6.013006503252E0  8.288260610469E-10
    6.018009004502E0  8.122041536344E-10
    6.023011505753E0  7.959155945793E-10
    6.028014007004E0  7.799536986604E-10
    6.033016508254E0  7.643119147271E-10
    6.038019009505E0  7.489838230104E-10
    6.043021510755E0  7.339631324884E-10
    6.048024012006E0  7.192436783040E-10
    6.053026513257E0  7.048194192348E-10
    6.058029014507E0  6.906844352139E-10
    6.063031515758E0  6.768329248995E-10
    6.068034017009E0  6.632592032947E-10
    6.073036518259E0  6.499576994137E-10
    6.078039019510E0  6.369229539955E-10
    6.083041520760E0  6.241496172633E-10
    6.088044022011E0  6.116324467286E-10
    6.093046523262E0  5.993663050400E-10
    6.098049024512E0  5.873461578743E-10
    6.103051525763E0  5.755670718704E-10
    6.108054027014E0  5.640242126048E-10
    6.113056528264E0  5.527128426070E-10
    6.118059029515E0  5.416283194153E-10
    6.123061530765E0  5.307660936717E-10
    6.128064032016E0  5.201217072541E-10
    6.133066533267E0  5.096907914474E-10
    6.138069034517E0  4.994690651496E-10
    6.143071535768E0  4.894523331156E-10
    6.148074037019E0  4.796364842346E-10
    6.153076538269E0  4.700174898432E-10
    6.158079039520E0  4.605914020721E-10
    6.163081540770E0  4.513543522252E-10
    6.168084042021E0  4.423025491926E-10
    6.173086543272E0  4.334322778938E-10
    6.178089044522E0  4.247398977535E-10
    6.183091545773E0  4.162218412074E-10
    6.188094047024E0  4.078746122377E-10
    6.193096548274E0  3.996947849384E-10
    6.198099049525E0  3.916790021092E-10
    6.203101550775E0  3.838239738778E-10
    6.208104052026E0  3.761264763492E-10
    6.213106553277E0  3.685833502832E-10
    6.218109054527E0  3.611914997972E-10
    6.223111555778E0  3.539478910957E-10
    6.228114057029E0  3.468495512254E-10
    6.233116558279E0  3.398935668548E-10
    6.238119059530E0  3.330770830787E-10
    6.243121560780E0  3.263973022461E-10
    6.248124062031E0  3.198514828123E-10
    6.253126563282E0  3.134369382137E-10
    6.258129064532E0  3.071510357650E-10
    6.263131565783E0  3.009911955789E-10
    6.268134067034E0  2.949548895069E-10
    6.273136568284E0  2.890396401022E-10
    6.278139069535E0  2.832430196022E-10
    6.283141570785E0  2.775626489330E-10
    6.288144072036E0  2.719961967320E-10
    6.293146573287E0  2.665413783918E-10
    6.298149074537E0  2.611959551221E-10
    6.303151575788E0  2.559577330311E-10
    6.308154077039E0  2.508245622250E-10
    6.313156578289E0  2.457943359253E-10
    6.318159079540E0  2.408649896049E-10
    6.323161580790E0  2.360345001400E-10
    6.328164082041E0  2.313008849801E-10
    6.333166583292E0  2.266622013344E-10
    6.338169084542E0  2.221165453740E-10
    6.343171585793E0  2.176620514512E-10
    6.348174087044E0  2.132968913332E-10
    6.353176588294E0  2.090192734520E-10
    6.358179089545E0  2.048274421691E-10
    6.363181590795E0  2.007196770550E-10
    6.368184092046E0  1.966942921827E-10
    6.373186593297E0  1.927496354364E-10
    6.378189094547E0  1.888840878329E-10
    6.383191595798E0  1.850960628573E-10
    6.388194097049E0  1.813840058120E-10
    6.393196598299E0  1.777463931784E-10
    6.398199099550E0  1.741817319917E-10
    6.403201600800E0  1.706885592282E-10
    6.408204102051E0  1.672654412048E-10
    6.413206603302E0  1.639109729904E-10
    6.418209104552E0  1.606237778297E-10
    6.423211605803E0  1.574025065777E-10
    6.428214107054E0  1.542458371463E-10
    6.433216608304E0  1.511524739616E-10
    6.438219109555E0  1.481211474319E-10
    6.443221610805E0  1.451506134270E-10
    6.448224112056E0  1.422396527675E-10
    6.453226613307E0  1.393870707243E-10
    6.458229114557E0  1.365916965283E-10
    6.463231615808E0  1.338523828897E-10
    6.468234117059E0  1.311680055277E-10
    6.473236618309E0  1.285374627083E-10
    6.478239119560E0  1.259596747929E-10
    6.483241620810E0  1.234335837944E-10
    6.488244122061E0  1.209581529436E-10
    6.493246623312E0  1.185323662635E-10
    6.498249124562E0  1.161552281521E-10
    6.503251625813E0  1.138257629741E-10
    6.508254127064E0  1.115430146603E-10
    6.513256628314E0  1.093060463152E-10
    6.518259129565E0  1.071139398324E-10
    6.523261630815E0  1.049657955182E-10
    6.528264132066E0  1.028607317219E-10
    6.533266633317E0  1.007978844739E-10
    6.538269134567E0  9.877640713164E-11
    6.543271635818E0  9.679547003151E-11
    6.548274137069E0  9.485426014872E-11
    6.553276638319E0  9.295198076348E-11
    6.558279139570E0  9.108785113403E-11
    6.563281640820E0  8.926110617617E-11
    6.568284142071E0  8.747099614932E-11
    6.573286643322E0  8.571678634872E-11
    6.578289144572E0  8.399775680399E-11
    6.583291645823E0  8.231320198353E-11
    6.588294147074E0  8.066243050505E-11
    6.593296648324E0  7.904476485174E-11
    6.598299149575E0  7.745954109423E-11
    6.603301650825E0  7.590610861811E-11
    6.608304152076E0  7.438382985687E-11
    6.613306653327E0  7.289208003024E-11
    6.618309154577E0  7.143024688779E-11
    6.623311655828E0  6.999773045760E-11
    6.628314157079E0  6.859394280005E-11
    6.633316658329E0  6.721830776651E-11
    6.638319159580E0  6.587026076288E-11
    6.643321660830E0  6.454924851786E-11
    6.648324162081E0  6.325472885585E-11
    6.653326663332E0  6.198617047447E-11
    6.658329164582E0  6.074305272648E-11
    6.663331665833E0  5.952486540609E-11
    6.668334167084E0  5.833110853957E-11
    6.673336668334E0  5.716129218005E-11
    6.678339169585E0  5.601493620640E-11
    6.683341670835E0  5.489157012623E-11
    6.688344172086E0  5.379073288275E-11
    6.693346673337E0  5.271197266556E-11
    6.698349174587E0  5.165484672520E-11
    6.703351675838E0  5.061892119145E-11
    6.708354177089E0  4.960377089525E-11
    6.713356678339E0  4.860897919422E-11
    6.718359179590E0  4.763413780161E-11
    6.723361680840E0  4.667884661878E-11
    6.728364182091E0  4.574271357098E-11
    6.733366683342E0  4.482535444642E-11
    6.738369184592E0  4.392639273858E-11
    6.743371685843E0  4.304545949169E-11
    6.748374187094E0  4.218219314930E-11
    6.753376688344E0  4.133623940588E-11
    6.758379189595E0  4.050725106143E-11
    6.763381690845E0  3.969488787894E-11
    6.768384192096E0  3.889881644479E-11
    6.773386693347E0  3.811871003189E-11
    6.778389194597E0  3.735424846557E-11
    6.783391695848E0  3.660511799220E-11
    6.788394197099E0  3.587101115038E-11
    6.793396698349E0  3.515162664480E-11
    6.798399199600E0  3.444666922255E-11
    6.803401700850E0  3.375584955194E-11
    6.808404202101E0  3.307888410375E-11
    6.813406703352E0  3.241549503490E-11
    6.818409204602E0  3.176541007434E-11
    6.823411705853E0  3.112836241140E-11
    6.828414207104E0  3.050409058620E-11
    6.833416708354E0  2.989233838238E-11
    6.838419209605E0  2.929285472195E-11
    6.843421710855E0  2.870539356222E-11
    6.848424212106E0  2.812971379483E-11
    6.853426713357E0  2.756557914678E-11
    6.858429214607E0  2.701275808349E-11
    6.863431715858E0  2.647102371374E-11
    6.868434217109E0  2.594015369653E-11
    6.873436718359E0  2.541993014991E-11
    6.878439219610E0  2.491013956146E-11
    6.883441720860E0  2.441057270071E-11
    6.888444222111E0  2.392102453327E-11
    6.893446723362E0  2.344129413663E-11
    6.898449224612E0  2.297118461778E-11
    6.903451725863E0  2.251050303233E-11
    6.908454227114E0  2.205906030532E-11
    6.913456728364E0  2.161667115368E-11
    6.918459229615E0  2.118315401013E-11
    6.923461730865E0  2.075833094868E-11
    6.928464232116E0  2.034202761161E-11
    6.933466733367E0  1.993407313789E-11
    6.938469234617E0  1.953430009306E-11
    6.943471735868E0  1.914254440055E-11
    6.948474237119E0  1.875864527428E-11
    6.953476738369E0  1.838244515271E-11
    6.958479239620E0  1.801378963413E-11
    6.963481740870E0  1.765252741336E-11
    6.968484242121E0  1.729851021958E-11
    6.973486743372E0  1.695159275552E-11
    6.978489244622E0  1.661163263781E-11
    6.983491745873E0  1.627849033853E-11
    6.988494247124E0  1.595202912798E-11
    6.993496748374E0  1.563211501854E-11
    6.998499249625E0  1.531861670965E-11
    7.003501750875E0  1.501140553398E-11
    7.008504252126E0  1.471035540460E-11
    7.013506753377E0  1.441534276318E-11
    7.018509254627E0  1.412624652938E-11
    7.023511755878E0  1.384294805104E-11
    7.028514257129E0  1.356533105559E-11
    7.033516758379E0  1.329328160225E-11
    7.038519259630E0  1.302668803529E-11
    7.043521760880E0  1.276544093823E-11
    7.048524262131E0  1.250943308890E-11
    7.053526763382E0  1.225855941545E-11
    7.058529264632E0  1.201271695321E-11
    7.063531765883E0  1.177180480246E-11
    7.068534267134E0  1.153572408697E-11
    7.073536768384E0  1.130437791349E-11
    7.078539269635E0  1.107767133189E-11
    7.083541770885E0  1.085551129630E-11
    7.088544272136E0  1.063780662681E-11
    7.093546773387E0  1.042446797214E-11
    7.098549274637E0  1.021540777290E-11
    7.103551775888E0  1.001054022570E-11
    7.108554277139E0  9.809781247906E-12
    7.113556778389E0  9.613048443156E-12
    7.118559279640E0  9.420261067512E-12
    7.123561780890E0  9.231339996343E-12
    7.128564282141E0  9.046207691841E-12
    7.133566783392E0  8.864788171202E-12
    7.138569284642E0  8.687006975438E-12
    7.143571785893E0  8.512791138818E-12
    7.148574287144E0  8.342069158922E-12
    7.153576788394E0  8.174770967292E-12
    7.158579289645E0  8.010827900679E-12
    7.163581790895E0  7.850172672856E-12
    7.168584292146E0  7.692739347008E-12
    7.173586793397E0  7.538463308664E-12
    7.178589294647E0  7.387281239182E-12
    7.183591795898E0  7.239131089761E-12
    7.188594297149E0  7.093952055973E-12
    7.193596798399E0  6.951684552808E-12
    7.198599299650E0  6.812270190219E-12
    7.203601800900E0  6.675651749158E-12
    7.208604302151E0  6.541773158091E-12
    7.213606803402E0  6.410579469985E-12
    7.218609304652E0  6.282016839755E-12
    7.223611805903E0  6.156032502170E-12
    7.228614307154E0  6.032574750190E-12
    7.233616808404E0  5.911592913747E-12
    7.238619309655E0  5.793037338952E-12
    7.243621810905E0  5.676859367709E-12
    7.248624312156E0  5.563011317752E-12
    7.253626813407E0  5.451446463069E-12
    7.258629314657E0  5.342119014727E-12
    7.263631815908E0  5.234984102080E-12
    7.268634317159E0  5.129997754352E-12
    7.273636818409E0  5.027116882591E-12
    7.278639319660E0  4.926299261981E-12
    7.283641820910E0  4.827503514516E-12
    7.288644322161E0  4.730689092018E-12
    7.293646823412E0  4.635816259489E-12
    7.298649324662E0  4.542846078811E-12
    7.303651825913E0  4.451740392756E-12
    7.308654327164E0  4.362461809335E-12
    7.313656828414E0  4.274973686442E-12
    7.318659329665E0  4.189240116823E-12
    7.323661830915E0  4.105225913333E-12
    7.328664332166E0  4.022896594498E-12
    7.333666833417E0  3.942218370361E-12
    7.338669334667E0  3.863158128614E-12
    7.343671835918E0  3.785683421011E-12
    7.348674337169E0  3.709762450044E-12
    7.353676838419E0  3.635364055899E-12
    7.358679339670E0  3.562457703665E-12
    7.363681840920E0  3.491013470798E-12
    7.368684342171E0  3.421002034847E-12
    7.373686843422E0  3.352394661414E-12
    7.378689344672E0  3.285163192363E-12
    7.383691845923E0  3.219280034261E-12
    7.388694347174E0  3.154718147058E-12
    7.393696848424E0  3.091451032982E-12
    7.398699349675E0  3.029452725671E-12
    7.403701850925E0  2.968697779509E-12
    7.408704352176E0  2.909161259187E-12
    7.413706853427E0  2.850818729468E-12
    7.418709354677E0  2.793646245158E-12
    7.423711855928E0  2.737620341277E-12
    7.428714357179E0  2.682718023430E-12
    7.433716858429E0  2.628916758369E-12
    7.438719359680E0  2.576194464746E-12
    7.443721860930E0  2.524529504048E-12
    7.448724362181E0  2.473900671717E-12
    7.453726863432E0  2.424287188448E-12
    7.458729364682E0  2.375668691658E-12
    7.463731865933E0  2.328025227135E-12
    7.468734367184E0  2.281337240840E-12
    7.473736868434E0  2.235585570886E-12
    7.478739369685E0  2.190751439675E-12
    7.483741870935E0  2.146816446188E-12
    7.488744372186E0  2.103762558433E-12
    7.493746873437E0  2.061572106048E-12
    7.498749374687E0  2.020227773043E-12
    7.503751875938E0  1.979712590698E-12
    7.508754377189E0  1.940009930595E-12
    7.513756878439E0  1.901103497797E-12
    7.518759379690E0  1.862977324156E-12
    7.523761880940E0  1.825615761761E-12
    7.528764382191E0  1.789003476520E-12
    7.533766883442E0  1.753125441857E-12
    7.538769384692E0  1.717966932555E-12
    7.543771885943E0  1.683513518705E-12
    7.548774387194E0  1.649751059788E-12
    7.553776888444E0  1.616665698868E-12
    7.558779389695E0  1.584243856908E-12
    7.563781890945E0  1.552472227195E-12
    7.568784392196E0  1.521337769878E-12
    7.573786893447E0  1.490827706618E-12
    7.578789394697E0  1.460929515342E-12
    7.583791895948E0  1.431630925105E-12
    7.588794397199E0  1.402919911052E-12
    7.593796898449E0  1.374784689485E-12
    7.598799399700E0  1.347213713022E-12
    7.603801900950E0  1.320195665864E-12
    7.608804402201E0  1.293719459148E-12
    7.613806903452E0  1.267774226392E-12
    7.618809404702E0  1.242349319043E-12
    7.623811905953E0  1.217434302098E-12
    7.628814407204E0  1.193018949829E-12
    7.633816908454E0  1.169093241580E-12
    7.638819409705E0  1.145647357659E-12
    7.643821910955E0  1.122671675304E-12
    7.648824412206E0  1.100156764735E-12
    7.653826913457E0  1.078093385285E-12
    7.658829414707E0  1.056472481607E-12
    7.663831915958E0  1.035285179954E-12
    7.668834417209E0  1.014522784542E-12
    7.673836918459E0  9.941767739797E-13
    7.678839419710E0  9.742387977680E-13
    7.683841920960E0  9.547006728764E-13
    7.688844422211E0  9.355543803826E-13
    7.693846923462E0  9.167920621823E-13
    7.698849424712E0  8.984060177632E-13
    7.703851925963E0  8.803887010450E-13
    7.708854427214E0  8.627327172825E-13
    7.713856928464E0  8.454308200300E-13
    7.718859429715E0  8.284759081677E-13
    7.723861930965E0  8.118610229870E-13
    7.728864432216E0  7.955793453345E-13
    7.733866933467E0  7.796241928134E-13
    7.738869434717E0  7.639890170407E-13
    7.743871935968E0  7.486674009595E-13
    7.748874437219E0  7.336530562056E-13
    7.753876938469E0  7.189398205265E-13
    7.758879439720E0  7.045216552520E-13
    7.763881940970E0  6.903926428162E-13
    7.768884442221E0  6.765469843282E-13
    7.773886943472E0  6.629789971928E-13
    7.778889444722E0  6.496831127779E-13
    7.783891945973E0  6.366538741287E-13
    7.788894447224E0  6.238859337284E-13
    7.793896948474E0  6.113740513037E-13
    7.798899449725E0  5.991130916732E-13
    7.803901950975E0  5.870980226407E-13
    7.808904452226E0  5.753239129293E-13
    7.813906953477E0  5.637859301578E-13
    7.818909454727E0  5.524793388572E-13
    7.823911955978E0  5.413994985271E-13
    7.828914457229E0  5.305418617313E-13
    7.833916958479E0  5.199019722314E-13
    7.838919459730E0  5.094754631577E-13
    7.843921960980E0  4.992580552171E-13
    7.848924462231E0  4.892455549365E-13
    7.853926963482E0  4.794338529421E-13
    7.858929464732E0  4.698189222726E-13
    7.863931965983E0  4.603968167264E-13
    7.868934467234E0  4.511636692419E-13
    7.873936968484E0  4.421156903106E-13
    7.878939469735E0  4.332491664218E-13
    7.883941970985E0  4.245604585381E-13
    7.888944472236E0  4.160460006023E-13
    7.893946973487E0  4.077022980737E-13
    7.898949474737E0  3.995259264935E-13
    7.903951975988E0  3.915135300799E-13
    7.908954477239E0  3.836618203502E-13
    7.913956978489E0  3.759675747716E-13
    7.918959479740E0  3.684276354386E-13
    7.923961980990E0  3.610389077763E-13
    7.928964482241E0  3.537983592711E-13
    7.933966983492E0  3.467030182256E-13
    7.938969484742E0  3.397499725391E-13
    7.943971985993E0  3.329363685125E-13
    7.948974487244E0  3.262594096766E-13
    7.953976988494E0  3.197163556452E-13
    7.958979489745E0  3.133045209894E-13
    7.963981990995E0  3.070212741364E-13
    7.968984492246E0  3.008640362885E-13
    7.973986993497E0  2.948302803656E-13
    7.978989494747E0  2.889175299672E-13
    7.983991995998E0  2.831233583567E-13
    7.988994497249E0  2.774453874649E-13
    7.993996998499E0  2.718812869145E-13
    7.998999499750E0  2.664287730631E-13
    8.004002001001E0  2.610856080662E-13
    8.009004502251E0  2.558495989589E-13
    8.014007003502E0  2.507185967555E-13
    8.019009504752E0  2.456904955679E-13
    8.024012006003E0  2.407632317409E-13
    8.029014507254E0  2.359347830055E-13
    8.034017008504E0  2.312031676488E-13
    8.039019509755E0  2.265664437006E-13
    8.044022011006E0  2.220227081365E-13
    8.049024512256E0  2.175700960970E-13
    8.054027013507E0  2.132067801215E-13
    8.059029514757E0  2.089309693990E-13
    8.064032016008E0  2.047409090327E-13
    8.069034517259E0  2.006348793198E-13
    8.074037018509E0  1.966111950457E-13
    8.079039519760E0  1.926682047925E-13
    8.084042021011E0  1.888042902610E-13
    8.089044522261E0  1.850178656065E-13
    8.094047023512E0  1.813073767883E-13
    8.099049524762E0  1.776713009313E-13
    8.104052026013E0  1.741081457016E-13
    8.109054527264E0  1.706164486935E-13
    8.114057028514E0  1.671947768295E-13
    8.119059529765E0  1.638417257722E-13
    8.124062031016E0  1.605559193478E-13
    8.129064532266E0  1.573360089813E-13
    8.134067033517E0  1.541806731433E-13
    8.139069534767E0  1.510886168069E-13
    8.144072036018E0  1.480585709171E-13
    8.149074537269E0  1.450892918692E-13
    8.154077038519E0  1.421795609988E-13
    8.159079539770E0  1.393281840816E-13
    8.164082041021E0  1.365339908430E-13
    8.169084542271E0  1.337958344781E-13
    8.174087043522E0  1.311125911808E-13
    8.179089544772E0  1.284831596829E-13
    8.184092046023E0  1.259064608016E-13
    8.189094547274E0  1.233814369969E-13
    8.194097048524E0  1.209070519376E-13
    8.199099549775E0  1.184822900759E-13
    8.204102051026E0  1.161061562304E-13
    8.209104552276E0  1.137776751780E-13
    8.214107053527E0  1.114958912534E-13
    8.219109554777E0  1.092598679568E-13
    8.224112056028E0  1.070686875700E-13
    8.229114557279E0  1.049214507790E-13
    8.234117058529E0  1.028172763058E-13
    8.239119559780E0  1.007553005457E-13
    8.244122061031E0  9.873467721389E-14
    8.249124562281E0  9.675457699722E-14
    8.254127063532E0  9.481418721441E-14
    8.259129564782E0  9.291271148224E-14
    8.264132066033E0  9.104936938878E-14
    8.269134567284E0  8.922339617307E-14
    8.274137068534E0  8.743404241126E-14
    8.279139569785E0  8.568057370900E-14
    8.284142071036E0  8.396227040005E-14
    8.289144572286E0  8.227842725089E-14
    8.294147073537E0  8.062835317132E-14
    8.299149574787E0  7.901137093074E-14
    8.304152076038E0  7.742681688029E-14
    8.309154577289E0  7.587404068042E-14
    8.314157078539E0  7.435240503396E-14
    8.319159579790E0  7.286128542460E-14
    8.324162081041E0  7.140006986056E-14
    8.329164582291E0  6.996815862339E-14
    8.334167083542E0  6.856496402187E-14
    8.339169584792E0  6.718991015076E-14
    8.344172086043E0  6.584243265449E-14
    8.349174587294E0  6.452197849549E-14
    8.354177088544E0  6.322800572722E-14
    8.359179589795E0  6.195998327177E-14
    8.364182091046E0  6.071739070183E-14
    8.369184592296E0  5.949971802718E-14
    8.374187093547E0  5.830646548530E-14
    8.379189594797E0  5.713714333630E-14
    8.384192096048E0  5.599127166191E-14
    8.389194597299E0  5.486838016849E-14
    8.394197098549E0  5.376800799404E-14
    8.399199599800E0  5.268970351903E-14
    8.404202101051E0  5.163302418105E-14
    8.409204602301E0  5.059753629318E-14
    8.414207103552E0  4.958281486598E-14
    8.419209604802E0  4.858844343307E-14
    8.424212106053E0  4.761401388021E-14
    8.429214607304E0  4.665912627779E-14
    8.434217108554E0  4.572338871669E-14
    8.439219609805E0  4.480641714744E-14
    8.444222111056E0  4.390783522258E-14
    8.449224612306E0  4.302727414221E-14
    8.454227113557E0  4.216437250263E-14
    8.459229614807E0  4.131877614799E-14
    8.464232116058E0  4.049013802498E-14
    8.469234617309E0  3.967811804033E-14
    8.474237118559E0  3.888238292126E-14
    8.479239619810E0  3.810260607873E-14
    8.484242121061E0  3.733846747331E-14
    8.489244622311E0  3.658965348394E-14
    8.494247123562E0  3.585585677912E-14
    8.499249624812E0  3.513677619082E-14
    8.504252126063E0  3.443211659085E-14
    8.509254627314E0  3.374158876977E-14
    8.514257128564E0  3.306490931814E-14
    8.519259629815E0  3.240180051025E-14
    8.524262131066E0  3.175199019010E-14
    8.529264632316E0  3.111521165971E-14
    8.534267133567E0  3.049120356967E-14
    8.539269634817E0  2.987970981187E-14
    8.544272136068E0  2.928047941439E-14
    8.549274637319E0  2.869326643847E-14
    8.554277138569E0  2.811782987763E-14
    8.559279639820E0  2.755393355869E-14
    8.564282141071E0  2.700134604487E-14
    8.569284642321E0  2.645984054080E-14
    8.574287143572E0  2.592919479945E-14
    8.579289644822E0  2.540919103087E-14
    8.584292146073E0  2.489961581287E-14
    8.589294647324E0  2.440026000337E-14
    8.594297148574E0  2.391091865459E-14
    8.599299649825E0  2.343139092893E-14
    8.604302151076E0  2.296148001653E-14
    8.609304652326E0  2.250099305451E-14
    8.614307153577E0  2.204974104783E-14
    8.619309654827E0  2.160753879166E-14
    8.624312156078E0  2.117420479543E-14
    8.629314657329E0  2.074956120833E-14
    8.634317158579E0  2.033343374630E-14
    8.639319659830E0  1.992565162047E-14
    8.644322161081E0  1.952604746716E-14
    8.649324662331E0  1.913445727908E-14
    8.654327163582E0  1.875072033809E-14
    8.659329664832E0  1.837467914920E-14
    8.664332166083E0  1.800617937595E-14
    8.669334667334E0  1.764506977708E-14
    8.674337168584E0  1.729120214441E-14
    8.679339669835E0  1.694443124204E-14
    8.684342171086E0  1.660461474676E-14
    8.689344672336E0  1.627161318960E-14
    8.694347173587E0  1.594528989862E-14
    8.699349674837E0  1.562551094280E-14
    8.704352176088E0  1.531214507706E-14
    8.709354677339E0  1.500506368843E-14
    8.714357178589E0  1.470414074323E-14
    8.719359679840E0  1.440925273536E-14
    8.724362181091E0  1.412027863560E-14
    8.729364682341E0  1.383709984194E-14
    8.734367183592E0  1.355960013091E-14
    8.739369684842E0  1.328766560988E-14
    8.744372186093E0  1.302118467030E-14
    8.749374687344E0  1.276004794191E-14
    8.754377188594E0  1.250414824783E-14
    8.759379689845E0  1.225338056059E-14
    8.764382191096E0  1.200764195904E-14
    8.769384692346E0  1.176683158608E-14
    8.774387193597E0  1.153085060725E-14
    8.779389694847E0  1.129960217023E-14
    8.784392196098E0  1.107299136502E-14
    8.789394697349E0  1.085092518503E-14
    8.794397198599E0  1.063331248890E-14
    8.799399699850E0  1.042006396308E-14
    8.804402201101E0  1.021109208519E-14
    8.809404702351E0  1.000631108807E-14
    8.814407203602E0  9.805636924616E-15
    8.819409704852E0  9.608987233273E-15
    8.824412206103E0  9.416281304217E-15
    8.829414707354E0  9.227440046244E-15
    8.834417208604E0  9.042385954304E-15
    8.839419709855E0  8.861043077692E-15
    8.844422211106E0  8.683336988878E-15
    8.849424712356E0  8.509194752957E-15
    8.854427213607E0  8.338544897714E-15
    8.859429714857E0  8.171317384296E-15
    8.864432216108E0  8.007443578460E-15
    8.869434717359E0  7.846856222406E-15
    8.874437218609E0  7.689489407174E-15
    8.879439719860E0  7.535278545592E-15
    8.884442221111E0  7.384160345768E-15
    8.889444722361E0  7.236072785114E-15
    8.894447223612E0  7.090955084891E-15
    8.899449724862E0  6.948747685260E-15
    8.904452226113E0  6.809392220844E-15
    8.909454727364E0  6.672831496767E-15
    8.914457228614E0  6.539009465183E-15
    8.919459729865E0  6.407871202274E-15
    8.924462231116E0  6.279362885703E-15
    8.929464732366E0  6.153431772528E-15
    8.934467233617E0  6.030026177555E-15
    8.939469734867E0  5.909095452124E-15
    8.944472236118E0  5.790589963321E-15
    8.949474737369E0  5.674461073609E-15
    8.954477238619E0  5.560661120863E-15
    8.959479739870E0  5.449143398813E-15
    8.964482241121E0  5.339862137872E-15
    8.969484742371E0  5.232772486348E-15
    8.974487243622E0  5.127830492042E-15
    8.979489744872E0  5.024993084205E-15
    8.984492246123E0  4.924218055861E-15
    8.989494747374E0  4.825464046485E-15
    8.994497248624E0  4.728690525028E-15
    8.999499749875E0  4.633857773280E-15
    9.004502251126E0  4.540926869571E-15
    9.009504752376E0  4.449859672797E-15
    9.014507253627E0  4.360618806762E-15
    9.019509754877E0  4.273167644843E-15
    9.024512256128E0  4.187470294954E-15
    9.029514757379E0  4.103491584816E-15
    9.034517258629E0  4.021197047522E-15
    9.039519759880E0  3.940552907391E-15
    9.044522261131E0  3.861526066104E-15
    9.049524762381E0  3.784084089122E-15
    9.054527263632E0  3.708195192372E-15
    9.059529764882E0  3.633828229203E-15
    9.064532266133E0  3.560952677604E-15
    9.069534767384E0  3.489538627673E-15
    9.074537268634E0  3.419556769346E-15
    9.079539769885E0  3.350978380365E-15
    9.084542271136E0  3.283775314490E-15
    9.089544772386E0  3.217919989946E-15
    9.094547273637E0  3.153385378104E-15
    9.099549774887E0  3.090144992390E-15
    9.104552276138E0  3.028172877408E-15
    9.109554777389E0  2.967443598295E-15
    9.114557278639E0  2.907932230276E-15
    9.119559779890E0  2.849614348437E-15
    9.124562281141E0  2.792466017699E-15
    9.129564782391E0  2.736463782996E-15
    9.134567283642E0  2.681584659647E-15
    9.139569784892E0  2.627806123925E-15
    9.144572286143E0  2.575106103809E-15
    9.149574787394E0  2.523462969927E-15
    9.154577288644E0  2.472855526682E-15
    9.159579789895E0  2.423263003545E-15
    9.164582291146E0  2.374665046538E-15
    9.169584792396E0  2.327041709876E-15
    9.174587293647E0  2.280373447783E-15
    9.179589794897E0  2.234641106467E-15
    9.184592296148E0  2.189825916263E-15
    9.189594797399E0  2.145909483925E-15
    9.194597298649E0  2.102873785081E-15
    9.199599799900E0  2.060701156832E-15
    9.204602301151E0  2.019374290504E-15
    9.209604802401E0  1.978876224546E-15
    9.214607303652E0  1.939190337566E-15
    9.219609804902E0  1.900300341508E-15
    9.224612306153E0  1.862190274973E-15
    9.229614807404E0  1.824844496661E-15
    9.234617308654E0  1.788247678956E-15
    9.239619809905E0  1.752384801632E-15
    9.244622311156E0  1.717241145691E-15
    9.249624812406E0  1.682802287323E-15
    9.254627313657E0  1.649054091980E-15
    9.259629814907E0  1.615982708582E-15
    9.264632316158E0  1.583574563828E-15
    9.269634817409E0  1.551816356626E-15
    9.274637318659E0  1.520695052636E-15
    9.279639819910E0  1.490197878916E-15
    9.284642321161E0  1.460312318683E-15
    9.289644822411E0  1.431026106177E-15
    9.294647323662E0  1.402327221623E-15
    9.299649824912E0  1.374203886299E-15
    9.304652326163E0  1.346644557704E-15
    9.309654827414E0  1.319637924820E-15
    9.314657328664E0  1.293172903466E-15
    9.319659829915E0  1.267238631753E-15
    9.324662331166E0  1.241824465625E-15
    9.329664832416E0  1.216919974490E-15
    9.334667333667E0  1.192514936937E-15
    9.339669834917E0  1.168599336546E-15
    9.344672336168E0  1.145163357772E-15
    9.349674837419E0  1.122197381918E-15
    9.354677338669E0  1.099691983189E-15
    9.359679839920E0  1.077637924821E-15
    9.364682341171E0  1.056026155293E-15
    9.369684842421E0  1.034847804607E-15
    9.374687343672E0  1.014094180653E-15
    9.379689844922E0  9.937567656386E-16
    9.384692346173E0  9.738272125933E-16
    9.389694847424E0  9.542973419434E-16
    9.394697348674E0  9.351591381546E-16
    9.399699849925E0  9.164047464422E-16
    9.404702351176E0  8.980264695472E-16
    9.409704852426E0  8.800167645773E-16
    9.414707353677E0  8.623682399113E-16
    9.419709854927E0  8.450736521649E-16
    9.424712356178E0  8.281259032183E-16
    9.429714857429E0  8.115180373028E-16
    9.434717358679E0  7.952432381458E-16
    9.439719859930E0  7.792948261737E-16
    9.444722361181E0  7.636662557697E-16
    9.449724862431E0  7.483511125883E-16
    9.454727363682E0  7.333431109218E-16
    9.459729864932E0  7.186360911209E-16
    9.464732366183E0  7.042240170667E-16
    9.469734867434E0  6.901009736931E-16
    9.474737368684E0  6.762611645594E-16
    9.479739869935E0  6.626989094709E-16
    9.484742371186E0  6.494086421479E-16
    9.489744872436E0  6.363849079412E-16
    9.494747373687E0  6.236223615933E-16
    9.499749874937E0  6.111157650444E-16
    9.504752376188E0  5.988599852829E-16
    9.509754877439E0  5.868499922382E-16
    9.514757378689E0  5.750808567170E-16
    9.519759879940E0  5.635477483795E-16
    9.524762381191E0  5.522459337573E-16
    9.529764882441E0  5.411707743104E-16
    9.534767383692E0  5.303177245239E-16
    9.539769884942E0  5.196823300420E-16
    9.544772386193E0  5.092602258397E-16
    9.549774887444E0  4.990471344318E-16
    9.554777388694E0  4.890388641169E-16
    9.559779889945E0  4.792313072574E-16
    9.564782391196E0  4.696204385930E-16
    9.569784892446E0  4.602023135893E-16
    9.574787393697E0  4.509730668186E-16
    9.579789894947E0  4.419289103732E-16
    9.584792396198E0  4.330661323112E-16
    9.589794897449E0  4.243810951327E-16
    9.594797398699E0  4.158702342870E-16
    9.599799899950E0  4.075300567097E-16
    9.604802401201E0  3.993571393888E-16
    9.609804902451E0  3.913481279600E-16
    9.614807403702E0  3.834997353302E-16
    9.619809904952E0  3.758087403279E-16
    9.624812406203E0  3.682719863815E-16
    9.629814907454E0  3.608863802238E-16
    9.634817408704E0  3.536488906221E-16
    9.639819909955E0  3.465565471346E-16
    9.644822411206E0  3.396064388908E-16
    9.649824912456E0  3.327957133971E-16
    9.654827413707E0  3.261215753659E-16
    9.659829914957E0  3.195812855686E-16
    9.664832416208E0  3.131721597109E-16
    9.669834917459E0  3.068915673316E-16
    9.674837418709E0  3.007369307226E-16
    9.679839919960E0  2.947057238714E-16
    9.684842421211E0  2.887954714237E-16
    9.689844922461E0  2.830037476681E-16
    9.694847423712E0  2.773281755401E-16
    9.699849924962E0  2.717664256469E-16
    9.704852426213E0  2.663162153107E-16
    9.709854927464E0  2.609753076327E-16
    9.714857428714E0  2.557415105742E-16
    9.719859929965E0  2.506126760576E-16
    9.724862431216E0  2.455866990843E-16
    9.729864932466E0  2.406615168710E-16
    9.734867433717E0  2.358351080031E-16
    9.739869934967E0  2.311054916047E-16
    9.744872436218E0  2.264707265263E-16
    9.749874937469E0  2.219289105474E-16
    9.754877438719E0  2.174781795961E-16
    9.759879939970E0  2.131167069842E-16
    9.764882441221E0  2.088427026570E-16
    9.769884942471E0  2.046544124592E-16
    9.774887443722E0  2.005501174145E-16
    9.779889944972E0  1.965281330203E-16
    9.784892446223E0  1.925868085563E-16
    9.789894947474E0  1.887245264069E-16
    9.794897448724E0  1.849397013976E-16
    9.799899949975E0  1.812307801441E-16
    9.804902451226E0  1.775962404146E-16
    9.809904952476E0  1.740345905058E-16
    9.814907453727E0  1.705443686297E-16
    9.819909954977E0  1.671241423143E-16
    9.824912456228E0  1.637725078155E-16
    9.829914957479E0  1.604880895409E-16
    9.834917458729E0  1.572695394852E-16
    9.839919959980E0  1.541155366772E-16
    9.844922461231E0  1.510247866373E-16
    9.849924962481E0  1.479960208465E-16
    9.854927463732E0  1.450279962255E-16
    9.859929964982E0  1.421194946248E-16
    9.864932466233E0  1.392693223246E-16
    9.869934967484E0  1.364763095447E-16
    9.874937468734E0  1.337393099647E-16
    9.879939969985E0  1.310572002533E-16
    9.884942471236E0  1.284288796075E-16
    9.889944972486E0  1.258532693004E-16
    9.894947473737E0  1.233293122388E-16
    9.899949974987E0  1.208559725294E-16
    9.904952476238E0  1.184322350533E-16
    9.909954977489E0  1.160571050497E-16
    9.914957478739E0  1.137296077073E-16
    9.919959979990E0  1.114487877646E-16
    9.924962481241E0  1.092137091176E-16
    9.929964982491E0  1.070234544356E-16
    9.934967483742E0  1.048771247847E-16
    9.939969984992E0  1.027738392590E-16
    9.944972486243E0  1.007127346190E-16
    9.949974987494E0  9.869296493701E-17
    9.954977488744E0  9.671370125049E-17
    9.959979989995E0  9.477413122141E-17
    9.964982491246E0  9.287345880303E-17
    9.969984992496E0  9.101090391310E-17
    9.974987493747E0  8.918570211376E-17
    9.979989994997E0  8.739710429776E-17
    9.984992496248E0  8.564437638100E-17
    9.989994997499E0  8.392679900129E-17
    9.994997498749E0  8.224366722305E-17
    1.000000000000E1  8.059429024802E-17
