#             e [au]            f [a.u.]
   -1.027998208668E1  -9.999999734474E-1
   -1.026969178930E1  -9.999999732052E-1
   -1.025940149191E1  -9.999999729607E-1
   -1.024911119453E1  -9.999999727138E-1
   -1.023882089714E1  -9.999999724645E-1
   -1.022853059976E1  -9.999999722129E-1
   -1.021824030237E1  -9.999999719588E-1
   -1.020795000499E1  -9.999999717022E-1
   -1.019765970761E1  -9.999999714432E-1
   -1.018736941022E1  -9.999999711817E-1
   -1.017707911284E1  -9.999999709176E-1
   -1.016678881545E1  -9.999999706510E-1
   -1.015649851807E1  -9.999999703818E-1
   -1.014620822069E1  -9.999999701100E-1
   -1.013591792330E1  -9.999999698355E-1
   -1.012562762592E1  -9.999999695584E-1
   -1.011533732853E1  -9.999999692787E-1
   -1.010504703115E1  -9.999999689962E-1
   -1.009475673377E1  -9.999999687109E-1
   -1.008446643638E1  -9.999999684229E-1
   -1.007417613900E1  -9.999999681321E-1
   -1.006388584161E1  -9.999999678384E-1
   -1.005359554423E1  -9.999999675419E-1
   -1.004330524685E1  -9.999999672425E-1
   -1.003301494946E1  -9.999999669402E-1
   -1.002272465208E1  -9.999999666349E-1
   -1.001243435469E1  -9.999999663267E-1
   -1.000214405731E1  -9.999999660155E-1
   -9.991853759925E0  -9.999999657012E-1
   -9.981563462541E0  -9.999999653838E-1
   -9.971273165157E0  -9.999999650634E-1
   -9.960982867773E0  -9.999999647398E-1
   -9.950692570389E0  -9.999999644130E-1
   -9.940402273005E0  -9.999999640831E-1
   -9.930111975621E0  -9.999999637499E-1
   -9.919821678237E0  -9.999999634134E-1
   -9.909531380853E0  -9.999999630737E-1
   -9.899241083469E0  -9.999999627306E-1
   -9.888950786085E0  -9.999999623841E-1
   -9.878660488701E0  -9.999999620343E-1
   -9.868370191317E0  -9.999999616810E-1
   -9.858079893932E0  -9.999999613242E-1
   -9.847789596548E0  -9.999999609639E-1
   -9.837499299164E0  -9.999999606001E-1
   -9.827209001780E0  -9.999999602327E-1
   -9.816918704396E0  -9.999999598616E-1
   -9.806628407012E0  -9.999999594869E-1
   -9.796338109628E0  -9.999999591085E-1
   -9.786047812244E0  -9.999999587264E-1
   -9.775757514860E0  -9.999999583405E-1
   -9.765467217476E0  -9.999999579508E-1
   -9.755176920092E0  -9.999999575572E-1
   -9.744886622708E0  -9.999999571597E-1
   -9.734596325324E0  -9.999999567583E-1
   -9.724306027940E0  -9.999999563530E-1
   -9.714015730556E0  -9.999999559436E-1
   -9.703725433172E0  -9.999999555301E-1
   -9.693435135787E0  -9.999999551126E-1
   -9.683144838403E0  -9.999999546908E-1
   -9.672854541019E0  -9.999999542650E-1
   -9.662564243635E0  -9.999999538348E-1
   -9.652273946251E0  -9.999999534004E-1
   -9.641983648867E0  -9.999999529617E-1
   -9.631693351483E0  -9.999999525186E-1
   -9.621403054099E0  -9.999999520711E-1
   -9.611112756715E0  -9.999999516191E-1
   -9.600822459331E0  -9.999999511627E-1
   -9.590532161947E0  -9.999999507016E-1
   -9.580241864563E0  -9.999999502360E-1
   -9.569951567179E0  -9.999999497657E-1
   -9.559661269795E0  -9.999999492907E-1
   -9.549370972411E0  -9.999999488110E-1
   -9.539080675027E0  -9.999999483264E-1
   -9.528790377642E0  -9.999999478370E-1
   -9.518500080258E0  -9.999999473428E-1
   -9.508209782874E0  -9.999999468435E-1
   -9.497919485490E0  -9.999999463393E-1
   -9.487629188106E0  -9.999999458299E-1
   -9.477338890722E0  -9.999999453155E-1
   -9.467048593338E0  -9.999999447959E-1
   -9.456758295954E0  -9.999999442711E-1
   -9.446467998570E0  -9.999999437410E-1
   -9.436177701186E0  -9.999999432055E-1
   -9.425887403802E0  -9.999999426647E-1
   -9.415597106418E0  -9.999999421184E-1
   -9.405306809034E0  -9.999999415667E-1
   -9.395016511650E0  -9.999999410093E-1
   -9.384726214266E0  -9.999999404463E-1
   -9.374435916882E0  -9.999999398777E-1
   -9.364145619497E0  -9.999999393032E-1
   -9.353855322113E0  -9.999999387230E-1
   -9.343565024729E0  -9.999999381369E-1
   -9.333274727345E0  -9.999999375449E-1
   -9.322984429961E0  -9.999999369469E-1
   -9.312694132577E0  -9.999999363428E-1
   -9.302403835193E0  -9.999999357326E-1
   -9.292113537809E0  -9.999999351162E-1
   -9.281823240425E0  -9.999999344936E-1
   -9.271532943041E0  -9.999999338646E-1
   -9.261242645657E0  -9.999999332292E-1
   -9.250952348273E0  -9.999999325874E-1
   -9.240662050889E0  -9.999999319390E-1
   -9.230371753505E0  -9.999999312840E-1
   -9.220081456121E0  -9.999999306224E-1
   -9.209791158737E0  -9.999999299540E-1
   -9.199500861352E0  -9.999999292788E-1
   -9.189210563968E0  -9.999999285967E-1
   -9.178920266584E0  -9.999999279076E-1
   -9.168629969200E0  -9.999999272115E-1
   -9.158339671816E0  -9.999999265083E-1
   -9.148049374432E0  -9.999999257978E-1
   -9.137759077048E0  -9.999999250801E-1
   -9.127468779664E0  -9.999999243551E-1
   -9.117178482280E0  -9.999999236226E-1
   -9.106888184896E0  -9.999999228826E-1
   -9.096597887512E0  -9.999999221350E-1
   -9.086307590128E0  -9.999999213798E-1
   -9.076017292744E0  -9.999999206168E-1
   -9.065726995360E0  -9.999999198459E-1
   -9.055436697976E0  -9.999999190671E-1
   -9.045146400592E0  -9.999999182803E-1
   -9.034856103207E0  -9.999999174854E-1
   -9.024565805823E0  -9.999999166823E-1
   -9.014275508439E0  -9.999999158709E-1
   -9.003985211055E0  -9.999999150511E-1
   -8.993694913671E0  -9.999999142229E-1
   -8.983404616287E0  -9.999999133861E-1
   -8.973114318903E0  -9.999999125407E-1
   -8.962824021519E0  -9.999999116865E-1
   -8.952533724135E0  -9.999999108235E-1
   -8.942243426751E0  -9.999999099516E-1
   -8.931953129367E0  -9.999999090706E-1
   -8.921662831983E0  -9.999999081805E-1
   -8.911372534599E0  -9.999999072811E-1
   -8.901082237215E0  -9.999999063724E-1
   -8.890791939831E0  -9.999999054543E-1
   -8.880501642447E0  -9.999999045266E-1
   -8.870211345062E0  -9.999999035893E-1
   -8.859921047678E0  -9.999999026422E-1
   -8.849630750294E0  -9.999999016853E-1
   -8.839340452910E0  -9.999999007184E-1
   -8.829050155526E0  -9.999998997414E-1
   -8.818759858142E0  -9.999998987542E-1
   -8.808469560758E0  -9.999998977568E-1
   -8.798179263374E0  -9.999998967489E-1
   -8.787888965990E0  -9.999998957304E-1
   -8.777598668606E0  -9.999998947013E-1
   -8.767308371222E0  -9.999998936615E-1
   -8.757018073838E0  -9.999998926107E-1
   -8.746727776454E0  -9.999998915490E-1
   -8.736437479070E0  -9.999998904761E-1
   -8.726147181686E0  -9.999998893920E-1
   -8.715856884301E0  -9.999998882965E-1
   -8.705566586917E0  -9.999998871894E-1
   -8.695276289533E0  -9.999998860708E-1
   -8.684985992149E0  -9.999998849404E-1
   -8.674695694765E0  -9.999998837980E-1
   -8.664405397381E0  -9.999998826437E-1
   -8.654115099997E0  -9.999998814772E-1
   -8.643824802613E0  -9.999998802984E-1
   -8.633534505229E0  -9.999998791071E-1
   -8.623244207845E0  -9.999998779033E-1
   -8.612953910461E0  -9.999998766867E-1
   -8.602663613077E0  -9.999998754573E-1
   -8.592373315693E0  -9.999998742149E-1
   -8.582083018309E0  -9.999998729594E-1
   -8.571792720925E0  -9.999998716905E-1
   -8.561502423541E0  -9.999998704082E-1
   -8.551212126156E0  -9.999998691124E-1
   -8.540921828772E0  -9.999998678027E-1
   -8.530631531388E0  -9.999998664792E-1
   -8.520341234004E0  -9.999998651416E-1
   -8.510050936620E0  -9.999998637897E-1
   -8.499760639236E0  -9.999998624235E-1
   -8.489470341852E0  -9.999998610428E-1
   -8.479180044468E0  -9.999998596473E-1
   -8.468889747084E0  -9.999998582370E-1
   -8.458599449700E0  -9.999998568116E-1
   -8.448309152316E0  -9.999998553710E-1
   -8.438018854932E0  -9.999998539150E-1
   -8.427728557548E0  -9.999998524435E-1
   -8.417438260164E0  -9.999998509562E-1
   -8.407147962780E0  -9.999998494530E-1
   -8.396857665396E0  -9.999998479338E-1
   -8.386567368011E0  -9.999998463982E-1
   -8.376277070627E0  -9.999998448462E-1
   -8.365986773243E0  -9.999998432775E-1
   -8.355696475859E0  -9.999998416920E-1
   -8.345406178475E0  -9.999998400895E-1
   -8.335115881091E0  -9.999998384697E-1
   -8.324825583707E0  -9.999998368325E-1
   -8.314535286323E0  -9.999998351777E-1
   -8.304244988939E0  -9.999998335051E-1
   -8.293954691555E0  -9.999998318145E-1
   -8.283664394171E0  -9.999998301056E-1
   -8.273374096787E0  -9.999998283782E-1
   -8.263083799403E0  -9.999998266323E-1
   -8.252793502019E0  -9.999998248674E-1
   -8.242503204635E0  -9.999998230835E-1
   -8.232212907251E0  -9.999998212803E-1
   -8.221922609866E0  -9.999998194575E-1
   -8.211632312482E0  -9.999998176150E-1
   -8.201342015098E0  -9.999998157525E-1
   -8.191051717714E0  -9.999998138698E-1
   -8.180761420330E0  -9.999998119667E-1
   -8.170471122946E0  -9.999998100429E-1
   -8.160180825562E0  -9.999998080982E-1
   -8.149890528178E0  -9.999998061323E-1
   -8.139600230794E0  -9.999998041450E-1
   -8.129309933410E0  -9.999998021361E-1
   -8.119019636026E0  -9.999998001053E-1
   -8.108729338642E0  -9.999997980523E-1
   -8.098439041258E0  -9.999997959770E-1
   -8.088148743874E0  -9.999997938789E-1
   -8.077858446490E0  -9.999997917580E-1
   -8.067568149106E0  -9.999997896138E-1
   -8.057277851721E0  -9.999997874462E-1
   -8.046987554337E0  -9.999997852548E-1
   -8.036697256953E0  -9.999997830394E-1
   -8.026406959569E0  -9.999997807997E-1
   -8.016116662185E0  -9.999997785354E-1
   -8.005826364801E0  -9.999997762463E-1
   -7.995536067417E0  -9.999997739320E-1
   -7.985245770033E0  -9.999997715923E-1
   -7.974955472649E0  -9.999997692268E-1
   -7.964665175265E0  -9.999997668353E-1
   -7.954374877881E0  -9.999997644174E-1
   -7.944084580497E0  -9.999997619729E-1
   -7.933794283113E0  -9.999997595014E-1
   -7.923503985729E0  -9.999997570025E-1
   -7.913213688345E0  -9.999997544761E-1
   -7.902923390961E0  -9.999997519218E-1
   -7.892633093576E0  -9.999997493391E-1
   -7.882342796192E0  -9.999997467279E-1
   -7.872052498808E0  -9.999997440878E-1
   -7.861762201424E0  -9.999997414184E-1
   -7.851471904040E0  -9.999997387193E-1
   -7.841181606656E0  -9.999997359903E-1
   -7.830891309272E0  -9.999997332310E-1
   -7.820601011888E0  -9.999997304409E-1
   -7.810310714504E0  -9.999997276199E-1
   -7.800020417120E0  -9.999997247674E-1
   -7.789730119736E0  -9.999997218831E-1
   -7.779439822352E0  -9.999997189667E-1
   -7.769149524968E0  -9.999997160178E-1
   -7.758859227584E0  -9.999997130359E-1
   -7.748568930200E0  -9.999997100206E-1
   -7.738278632815E0  -9.999997069717E-1
   -7.727988335431E0  -9.999997038887E-1
   -7.717698038047E0  -9.999997007711E-1
   -7.707407740663E0  -9.999996976186E-1
   -7.697117443279E0  -9.999996944307E-1
   -7.686827145895E0  -9.999996912071E-1
   -7.676536848511E0  -9.999996879473E-1
   -7.666246551127E0  -9.999996846508E-1
   -7.655956253743E0  -9.999996813173E-1
   -7.645665956359E0  -9.999996779462E-1
   -7.635375658975E0  -9.999996745372E-1
   -7.625085361591E0  -9.999996710898E-1
   -7.614795064207E0  -9.999996676035E-1
   -7.604504766823E0  -9.999996640778E-1
   -7.594214469439E0  -9.999996605123E-1
   -7.583924172055E0  -9.999996569066E-1
   -7.573633874670E0  -9.999996532600E-1
   -7.563343577286E0  -9.999996495721E-1
   -7.553053279902E0  -9.999996458425E-1
   -7.542762982518E0  -9.999996420706E-1
   -7.532472685134E0  -9.999996382560E-1
   -7.522182387750E0  -9.999996343980E-1
   -7.511892090366E0  -9.994208463080E-1
   -7.501601792982E0  -9.993825194693E-1
   -7.491311495598E0  -9.993421200597E-1
   -7.481021198214E0  -9.992995602401E-1
   -7.470730900830E0  -9.992547518018E-1
   -7.460440603446E0  -9.992076041740E-1
   -7.450150306062E0  -9.991580244024E-1
   -7.439860008678E0  -9.991059171294E-1
   -7.429569711294E0  -9.990511845744E-1
   -7.419279413910E0  -9.989937265155E-1
   -7.408989116525E0  -9.989334402714E-1
   -7.398698819141E0  -9.988702206849E-1
   -7.388408521757E0  -9.988039601069E-1
   -7.378118224373E0  -9.987345483811E-1
   -7.367827926989E0  -9.986618728299E-1
   -7.357537629605E0  -9.985858182410E-1
   -7.347247332221E0  -9.985062668547E-1
   -7.336957034837E0  -9.984230983527E-1
   -7.326666737453E0  -9.983361898469E-1
   -7.316376440069E0  -9.982454158697E-1
   -7.306086142685E0  -9.981805219357E-1
   -7.295795845301E0  -9.980827533210E-1
   -7.285505547917E0  -9.979807535473E-1
   -7.275215250533E0  -9.978743867800E-1
   -7.264924953149E0  -9.977635145482E-1
   -7.254634655765E0  -9.976479957389E-1
   -7.244344358380E0  -9.975276865941E-1
   -7.234054060996E0  -9.974404287031E-1
   -7.223763763612E0  -9.973114021788E-1
   -7.213473466228E0  -9.971771644467E-1
   -7.203183168844E0  -9.970375610292E-1
   -7.192892871460E0  -9.968924347714E-1
   -7.182602574076E0  -9.967416258417E-1
   -7.172312276692E0  -9.966308746167E-1
   -7.162021979308E0  -9.964696707265E-1
   -7.151731681924E0  -9.963023142109E-1
   -7.141441384540E0  -9.961286343054E-1
   -7.131151087156E0  -9.959484575583E-1
   -7.120860789772E0  -9.958147577591E-1
   -7.110570492388E0  -9.956226432025E-1
   -7.100280195004E0  -9.954235198205E-1
   -7.089989897620E0  -9.952172031038E-1
   -7.079699600235E0  -9.950628432235E-1
   -7.069409302851E0  -9.948432604462E-1
   -7.059119005467E0  -9.946159379460E-1
   -7.048828708083E0  -9.944448404899E-1
   -7.038538410699E0  -9.942032053800E-1
   -7.028248113315E0  -9.939532577279E-1
   -7.017957815931E0  -9.936947933765E-1
   -7.007667518547E0  -9.934986336032E-1
   -6.997377221163E0  -9.932243591834E-1
   -6.987086923779E0  -9.929409598835E-1
   -6.976796626395E0  -9.927245707674E-1
   -6.966506329011E0  -9.924241841274E-1
   -6.956216031627E0  -9.921140372556E-1
   -6.945925734243E0  -9.918757829942E-1
   -6.935635436859E0  -9.915474133316E-1
   -6.925345139475E0  -9.912086206265E-1
   -6.915054842090E0  -9.909467708465E-1
   -6.904764544706E0  -9.905884605812E-1
   -6.894474247322E0  -9.902190367483E-1
   -6.884183949938E0  -9.899317634856E-1
   -6.873893652554E0  -9.895414669158E-1
   -6.863603355170E0  -9.892368081399E-1
   -6.853313057786E0  -9.888247130318E-1
   -6.843022760402E0  -9.884002950745E-1
   -6.832732463018E0  -9.880669649629E-1
   -6.822442165634E0  -9.876192891273E-1
   -6.812151868250E0  -9.872663510370E-1
   -6.801861570866E0  -9.867944191129E-1
   -6.791571273482E0  -9.863088737329E-1
   -6.781280976098E0  -9.859237204618E-1
   -6.770990678714E0  -9.854123524024E-1
   -6.760700381329E0  -9.850051641943E-1
   -6.750410083945E0  -9.844669004785E-1
   -6.740119786561E0  -9.840366557304E-1
   -6.729829489177E0  -9.834703922559E-1
   -6.719539191793E0  -9.828885696318E-1
   -6.709248894409E0  -9.824206348351E-1
   -6.698958597025E0  -9.818090899540E-1
   -6.688668299641E0  -9.813153669742E-1
   -6.678378002257E0  -9.806729178619E-1
   -6.668087704873E0  -9.801522579582E-1
   -6.657797407489E0  -9.794776902106E-1
   -6.647507110105E0  -9.789289064814E-1
   -6.637216812721E0  -9.782209729007E-1
   -6.626926515337E0  -9.776428395659E-1
   -6.616636217953E0  -9.769002598030E-1
   -6.606345920569E0  -9.762915114919E-1
   -6.596055623184E0  -9.755129717146E-1
   -6.585765325800E0  -9.748723027732E-1
   -6.575475028416E0  -9.740564553425E-1
   -6.565184731032E0  -9.733825191513E-1
   -6.554894433648E0  -9.726926674054E-1
   -6.544604136264E0  -9.718193906368E-1
   -6.534313838880E0  -9.710941846401E-1
   -6.524023541496E0  -9.701800705821E-1
   -6.513733244112E0  -9.694180568871E-1
   -6.503442946728E0  -9.684616347989E-1
   -6.493152649344E0  -9.676613166779E-1
   -6.482862351960E0  -9.666610807395E-1
   -6.472572054576E0  -9.658209175962E-1
   -6.462281757192E0  -9.649615186878E-1
   -6.451991459808E0  -9.638937335194E-1
   -6.441701162424E0  -9.629920988766E-1
   -6.431410865039E0  -9.618765579382E-1
   -6.421120567655E0  -9.609310329695E-1
   -6.410830270271E0  -9.599642172060E-1
   -6.400539972887E0  -9.587749876888E-1
   -6.390249675503E0  -9.577617125188E-1
   -6.379959378119E0  -9.565205477696E-1
   -6.369669080735E0  -9.554590412385E-1
   -6.359378783351E0  -9.543740276484E-1
   -6.349088485967E0  -9.530526588517E-1
   -6.338798188583E0  -9.519166613119E-1
   -6.328507891199E0  -9.507557482281E-1
   -6.318217593815E0  -9.493500643064E-1
   -6.307927296431E0  -9.481353011992E-1
   -6.297636999047E0  -9.468941520525E-1
   -6.287346701663E0  -9.453998991524E-1
   -6.277056404279E0  -9.441019191554E-1
   -6.266766106894E0  -9.427760197549E-1
   -6.256475809510E0  -9.411888010573E-1
   -6.246185512126E0  -9.398029743148E-1
   -6.235895214742E0  -9.383876312667E-1
   -6.225604917358E0  -9.367029073398E-1
   -6.215314619974E0  -9.352244243007E-1
   -6.205024322590E0  -9.337147640884E-1
   -6.194734025206E0  -9.319278538041E-1
   -6.184443727822E0  -9.303517247739E-1
   -6.174153430438E0  -9.287426935728E-1
   -6.163863133054E0  -9.268487756785E-1
   -6.153572835670E0  -9.251698311578E-1
   -6.143282538286E0  -9.234561954752E-1
   -6.132992240902E0  -9.217072521050E-1
   -6.122701943518E0  -9.196632028415E-1
   -6.112411646134E0  -9.178395510985E-1
   -6.102121348749E0  -9.159787167301E-1
   -6.091831051365E0  -9.138158100815E-1
   -6.081540753981E0  -9.118765552471E-1
   -6.071250456597E0  -9.098981805025E-1
   -6.060960159213E0  -9.078800170771E-1
   -6.050669861829E0  -9.055505273573E-1
   -6.040379564445E0  -9.034487926296E-1
   -6.030089267061E0  -9.013052495921E-1
   -6.019798969677E0  -8.991192005557E-1
   -6.009508672293E0  -8.966132471804E-1
   -5.999218374909E0  -8.943382819880E-1
   -5.988928077525E0  -8.920187124716E-1
   -5.978637780141E0  -8.896538133812E-1
   -5.968347482757E0  -8.872428524795E-1
   -5.958057185373E0  -8.845018760969E-1
   -5.947766887989E0  -8.819950324140E-1
   -5.937476590604E0  -8.794399362512E-1
   -5.927186293220E0  -8.768358302520E-1
   -5.916895995836E0  -8.738950192371E-1
   -5.906605698452E0  -8.711892953065E-1
   -5.896315401068E0  -8.684323057321E-1
   -5.886025103684E0  -8.656232706656E-1
   -5.875734806300E0  -8.627614047337E-1
   -5.865444508916E0  -8.595553548025E-1
   -5.855154211532E0  -8.565844683309E-1
   -5.844863914148E0  -8.535584252666E-1
   -5.834573616764E0  -8.504764220078E-1
   -5.824283319380E0  -8.473376506299E-1
   -5.813993021996E0  -8.441412991886E-1
   -5.803702724612E0  -8.405936010309E-1
   -5.793412427228E0  -8.372790852123E-1
   -5.783122129843E0  -8.339046029510E-1
   -5.772831832459E0  -8.304693307949E-1
   -5.762541535075E0  -8.269724428917E-1
   -5.752251237691E0  -8.234131113509E-1
   -5.741960940307E0  -8.194980883168E-1
   -5.731670642923E0  -8.158113065620E-1
   -5.721380345539E0  -8.120596683723E-1
   -5.711090048155E0  -8.082423431034E-1
   -5.700799750771E0  -8.043585001899E-1
   -5.690509453387E0  -8.004073095555E-1
   -5.680219156003E0  -7.963879421475E-1
   -5.669928858619E0  -7.920113492370E-1
   -5.659638561235E0  -7.878536875412E-1
   -5.649348263851E0  -7.836254605880E-1
   -5.639057966467E0  -7.793258497088E-1
   -5.628767669083E0  -7.749540398966E-1
   -5.618477371698E0  -7.705092204772E-1
   -5.608187074314E0  -7.659905856765E-1
   -5.597896776930E0  -7.613973352606E-1
   -5.587606479546E0  -7.567286752175E-1
   -5.577316182162E0  -7.517069457164E-1
   -5.567025884778E0  -7.468864984344E-1
   -5.556735587394E0  -7.419883977754E-1
   -5.546445290010E0  -7.370118820115E-1
   -5.536154992626E0  -7.319561991315E-1
   -5.525864695242E0  -7.268206075928E-1
   -5.515574397858E0  -7.216043771817E-1
   -5.505284100474E0  -7.163067897371E-1
   -5.494993803090E0  -7.109271400368E-1
   -5.484703505706E0  -7.054647365862E-1
   -5.474413208322E0  -6.999189025784E-1
   -5.464122910938E0  -6.942889766603E-1
   -5.453832613553E0  -6.883238483535E-1
   -5.443542316169E0  -6.825263625351E-1
   -5.433252018785E0  -6.766429956897E-1
   -5.422961721401E0  -6.706731570161E-1
   -5.412671424017E0  -6.646162756992E-1
   -5.402381126633E0  -6.584718020162E-1
   -5.392090829249E0  -6.522392081988E-1
   -5.381800531865E0  -6.459179895130E-1
   -5.371510234481E0  -6.395076652670E-1
   -5.361219937097E0  -6.330077798081E-1
   -5.350929639713E0  -6.264179035673E-1
   -5.340639342329E0  -6.197376340703E-1
   -5.330349044945E0  -6.129665970416E-1
   -5.320058747561E0  -6.061044474143E-1
   -5.309768450177E0  -5.991508704289E-1
   -5.299478152793E0  -5.921055826305E-1
   -5.289187855408E0  -5.849683330155E-1
   -5.278897558024E0  -5.777389040169E-1
   -5.268607260640E0  -5.704171126409E-1
   -5.258316963256E0  -5.630028115153E-1
   -5.248026665872E0  -5.554958899082E-1
   -5.237736368488E0  -5.478962747754E-1
   -5.227446071104E0  -5.402039319049E-1
   -5.217155773720E0  -5.324188668439E-1
   -5.206865476336E0  -5.245411259632E-1
   -5.196575178952E0  -5.165707974898E-1
   -5.186284881568E0  -5.085080124217E-1
   -5.175994584184E0  -5.003529456534E-1
   -5.165704286800E0  -4.921058167751E-1
   -5.155413989416E0  -4.837668911064E-1
   -5.145123692032E0  -4.753364805709E-1
   -5.134833394648E0  -4.668149445909E-1
   -5.124543097263E0  -4.582026909472E-1
   -5.114252799879E0  -4.495001765866E-1
   -5.103962502495E0  -4.407079084585E-1
   -5.093672205111E0  -4.318264441986E-1
   -5.083381907727E0  -4.228563928818E-1
   -5.073091610343E0  -4.137984157540E-1
   -5.062801312959E0  -4.046532267981E-1
   -5.052511015575E0  -3.954215933147E-1
   -5.042220718191E0  -3.861043364820E-1
   -5.031930420807E0  -3.767023319057E-1
   -5.021640123423E0  -3.672165099484E-1
   -5.011349826039E0  -3.576478562361E-1
   -5.001059528655E0  -3.479974118447E-1
   -4.990769231271E0  -3.382662736766E-1
   -4.980478933887E0  -3.284555946453E-1
   -4.970188636503E0  -3.185665838092E-1
   -4.959898339118E0  -3.086005064162E-1
   -4.949608041734E0  -2.985586839910E-1
   -4.939317744350E0  -2.884962578046E-1
   -4.929027446966E0  -2.783033664581E-1
   -4.918737149582E0  -2.680391257296E-1
   -4.908446852198E0  -2.577050864577E-1
   -4.898156554814E0  -2.473028546160E-1
   -4.887866257430E0  -2.368340909533E-1
   -4.877575960046E0  -2.263005104678E-1
   -4.867285662662E0  -2.157038818120E-1
   -4.856995365278E0  -2.050460266295E-1
   -4.846705067894E0  -1.943288187401E-1
   -4.836414770510E0  -1.835541833962E-1
   -4.826124473126E0  -1.727240964061E-1
   -4.815834175742E0  -1.618405830507E-1
   -4.805543878357E0  -1.509207186606E-1
   -4.795253580973E0  -1.399344180292E-1
   -4.784963283589E0  -1.289012135021E-1
   -4.774672986205E0  -1.178233213255E-1
   -4.764382688821E0  -1.067030009714E-1
   -4.754092391437E0  -9.554255362372E-2
   -4.743802094053E0  -8.434432074881E-2
   -4.733511796669E0  -7.311068241052E-2
   -4.723221499285E0  -6.184405569825E-2
   -4.712931201901E0  -5.054689286820E-2
   -4.702640904517E0  -3.922268004077E-2
   -4.692350607133E0  -2.787140599000E-2
   -4.682060309749E0  -1.649733844862E-2
   -4.671770012365E0  -5.103053853614E-3
   -4.661479714981E0   6.308846046135E-3
   -4.651189417597E0   1.773573638545E-2
   -4.640899120212E0   2.917497118460E-2
   -4.630608822828E0   4.062388566140E-2
   -4.620318525444E0   5.207797360720E-2
   -4.610028228060E0   6.353723175669E-2
   -4.599737930676E0   7.499788362118E-2
   -4.589447633292E0   8.645721197537E-2
   -4.579157335908E0   9.791249265648E-2
   -4.568867038524E0   1.093609967133E-1
   -4.558576741140E0   1.207999931253E-1
   -4.548286443756E0   1.322267509360E-1
   -4.537996146372E0   1.436247130978E-1
   -4.527705848988E0   1.550163699341E-1
   -4.517415551604E0   1.663874294273E-1
   -4.507125254220E0   1.777351880621E-1
   -4.496834956836E0   1.890569549368E-1
   -4.486544659452E0   2.003500539473E-1
   -4.476254362067E0   2.115823562582E-1
   -4.465964064683E0   2.228067116656E-1
   -4.455673767299E0   2.339943119179E-1
   -4.445383469915E0   2.451425681733E-1
   -4.435093172531E0   2.562489182260E-1
   -4.424802875147E0   2.673108287614E-1
   -4.414512577763E0   2.782755102040E-1
   -4.404222280379E0   2.892367408263E-1
   -4.393931982995E0   3.001459821290E-1
   -4.383641685611E0   3.110008427930E-1
   -4.373351388227E0   3.217989706952E-1
   -4.363061090843E0   3.325380548233E-1
   -4.352770793459E0   3.431404160589E-1
   -4.342480496075E0   3.537496275590E-1
   -4.332190198691E0   3.642930170617E-1
   -4.321899901307E0   3.747684616825E-1
   -4.311609603922E0   3.851738880507E-1
   -4.301319306538E0   3.955072736118E-1
   -4.291029009154E0   4.056629096391E-1
   -4.280738711770E0   4.158408438201E-1
   -4.270448414386E0   4.259409176308E-1
   -4.260158117002E0   4.359613315866E-1
   -4.249867819618E0   4.459003429109E-1
   -4.239577522234E0   4.556279894484E-1
   -4.229287224850E0   4.653934667187E-1
   -4.218996927466E0   4.750726262886E-1
   -4.208706630082E0   4.846639677581E-1
   -4.198416332698E0   4.941660511067E-1
   -4.188126035314E0   5.034241894240E-1
   -4.177835737930E0   5.127378891935E-1
   -4.167545440546E0   5.219583756587E-1
   -4.157255143162E0   5.310844612621E-1
   -4.146964845777E0   5.401150202413E-1
   -4.136674548393E0   5.488708992113E-1
   -4.126384251009E0   5.577015814903E-1
   -4.116093953625E0   5.664337619558E-1
   -4.105803656241E0   5.750665685594E-1
   -4.095513358857E0   5.834027781489E-1
   -4.085223061473E0   5.918289603624E-1
   -4.074932764089E0   6.001535731016E-1
   -4.064642466705E0   6.083759930716E-1
   -4.054352169321E0   6.164956563402E-1
   -4.044061871937E0   6.242930666468E-1
   -4.033771574553E0   6.322006010916E-1
   -4.023481277169E0   6.400041187051E-1
   -4.013190979785E0   6.477032918815E-1
   -4.002900682401E0   6.550631115510E-1
   -3.992610385017E0   6.625480394416E-1
   -3.982320087632E0   6.699280707602E-1
   -3.972029790248E0   6.772030999812E-1
   -3.961739492864E0   6.841241456872E-1
   -3.951449195480E0   6.911846868815E-1
   -3.941158898096E0   6.981403317104E-1
   -3.930868600712E0   7.049911796051E-1
   -3.920578303328E0   7.114759996782E-1
   -3.910288005944E0   7.181138366809E-1
   -3.899997708560E0   7.246475825175E-1
   -3.889707411176E0   7.310775223584E-1
   -3.879417113792E0   7.371320378427E-1
   -3.869126816408E0   7.433519924727E-1
   -3.858836519024E0   7.494693838614E-1
   -3.848546221640E0   7.554846622892E-1
   -3.838255924256E0   7.611177798254E-1
   -3.827965626871E0   7.669274651452E-1
   -3.817675329487E0   7.726367512573E-1
   -3.807385032103E0   7.782462322768E-1
   -3.797094734719E0   7.834694424482E-1
   -3.786804437335E0   7.888789019598E-1
   -3.776514139951E0   7.941906741890E-1
   -3.766223842567E0   7.991157947454E-1
   -3.755933545183E0   8.042324492921E-1
   -3.745643247799E0   8.092537940917E-1
   -3.735352950415E0   8.141806240760E-1
   -3.725062653031E0   8.187210485388E-1
   -3.714772355647E0   8.234599495217E-1
   -3.704482058263E0   8.281070026961E-1
   -3.694191760879E0   8.326630895204E-1
   -3.683901463495E0   8.368353541938E-1
   -3.673611166111E0   8.412113810060E-1
   -3.663320868726E0   8.454993367422E-1
   -3.653030571342E0   8.494077449215E-1
   -3.642740273958E0   8.535219468816E-1
   -3.632449976574E0   8.575511056205E-1
   -3.622159679190E0   8.612060670384E-1
   -3.611869381806E0   8.650679983187E-1
   -3.601579084422E0   8.688480163087E-1
   -3.591288787038E0   8.725471379316E-1
   -3.580998489654E0   8.758796559873E-1
   -3.570708192270E0   8.794204222983E-1
   -3.560417894886E0   8.828835165402E-1
   -3.550127597502E0   8.859875979273E-1
   -3.539837300118E0   8.892991524045E-1
   -3.529547002734E0   8.925362989666E-1
   -3.519256705350E0   8.954228171533E-1
   -3.508966407966E0   8.985152757203E-1
   -3.498676110581E0   9.015366075275E-1
   -3.488385813197E0   9.044878693860E-1
   -3.478095515813E0   9.070998897659E-1
   -3.467805218429E0   9.099155279787E-1
   -3.457514921045E0   9.126643709849E-1
   -3.447224623661E0   9.150839314123E-1
   -3.436934326277E0   9.177039276727E-1
   -3.426644028893E0   9.202603761979E-1
   -3.416353731509E0   9.224980098972E-1
   -3.406063434125E0   9.249322955451E-1
   -3.395773136741E0   9.273062382848E-1
   -3.385482839357E0   9.293722612448E-1
   -3.375192541973E0   9.316306031276E-1
   -3.364902244589E0   9.338317509873E-1
   -3.354611947205E0   9.357362227657E-1
   -3.344321649821E0   9.378281853751E-1
   -3.334031352436E0   9.398660355219E-1
   -3.323741055052E0   9.416187265729E-1
   -3.313450757668E0   9.435536399974E-1
   -3.303160460284E0   9.454374456343E-1
   -3.292870162900E0   9.470478107281E-1
   -3.282579865516E0   9.488347440638E-1
   -3.272289568132E0   9.505734894720E-1
   -3.261999270748E0   9.520506466245E-1
   -3.251708973364E0   9.536983863638E-1
   -3.241418675980E0   9.553007668244E-1
   -3.231128378596E0   9.566534812468E-1
   -3.220838081212E0   9.581705141925E-1
   -3.210547783828E0   9.596449202791E-1
   -3.200257486444E0   9.608815928791E-1
   -3.189967189060E0   9.622760931726E-1
   -3.179676891676E0   9.636305990140E-1
   -3.169386594291E0   9.647592588969E-1
   -3.159096296907E0   9.660390787164E-1
   -3.148805999523E0   9.672814338014E-1
   -3.138515702139E0   9.683097343603E-1
   -3.128225404755E0   9.694823978769E-1
   -3.117935107371E0   9.704490650645E-1
   -3.107644809987E0   9.715552401286E-1
   -3.097354512603E0   9.726279403507E-1
   -3.087064215219E0   9.735061342796E-1
   -3.076773917835E0   9.745169593124E-1
   -3.066483620451E0   9.754965574318E-1
   -3.056193323067E0   9.762929302240E-1
   -3.045903025683E0   9.772150410041E-1
   -3.035612728299E0   9.781080679325E-1
   -3.025322430915E0   9.788289057387E-1
   -3.015032133531E0   9.796686102130E-1
   -3.004741836146E0   9.803434748871E-1
   -2.994451538762E0   9.811325003558E-1
   -2.984161241378E0   9.818957831244E-1
   -2.973870943994E0   9.825047555309E-1
   -2.963580646610E0   9.832211585807E-1
   -2.953290349226E0   9.839136868039E-1
   -2.943000051842E0   9.844621156815E-1
   -2.932709754458E0   9.851113521297E-1
   -2.922419457074E0   9.856231788792E-1
   -2.912129159690E0   9.862313844563E-1
   -2.901838862306E0   9.868186053622E-1
   -2.891548564922E0   9.872780262651E-1
   -2.881258267538E0   9.878274630957E-1
   -2.870967970154E0   9.883575233036E-1
   -2.860677672770E0   9.887690264466E-1
   -2.850387375385E0   9.892643543526E-1
   -2.840097078001E0   9.896470900998E-1
   -2.829806780617E0   9.901095950218E-1
   -2.819516483233E0   9.905551935583E-1
   -2.809226185849E0   9.908967861902E-1
   -2.798935888465E0   9.913123025309E-1
   -2.788645591081E0   9.916293053897E-1
   -2.778355293697E0   9.920164466284E-1
   -2.768064996313E0   9.923889072991E-1
   -2.757774698929E0   9.926707681073E-1
   -2.747484401545E0   9.930173038758E-1
   -2.737194104161E0   9.932782586337E-1
   -2.726903806777E0   9.936003886721E-1
   -2.716613509393E0   9.939098349195E-1
   -2.706323212009E0   9.941409366577E-1
   -2.696032914625E0   9.944281575406E-1
   -2.685742617240E0   9.946415848316E-1
   -2.675452319856E0   9.949079259331E-1
   -2.665162022472E0   9.951633666120E-1
   -2.654871725088E0   9.953515786764E-1
   -2.644581427704E0   9.955880707770E-1
   -2.634291130320E0   9.957614286579E-1
   -2.624000832936E0   9.959801582826E-1
   -2.613710535552E0   9.961895730186E-1
   -2.603420238168E0   9.963417613134E-1
   -2.593129940784E0   9.965351158740E-1
   -2.582839643400E0   9.966748981563E-1
   -2.572549346016E0   9.968532328630E-1
   -2.562259048632E0   9.969814778029E-1
   -2.551968751248E0   9.971457785435E-1
   -2.541678453864E0   9.973026745028E-1
   -2.531388156480E0   9.974145047906E-1
   -2.521097859095E0   9.975587816042E-1
   -2.510807561711E0   9.976610651362E-1
   -2.500517264327E0   9.977935812243E-1
   -2.490226966943E0   9.979198647852E-1
   -2.479936669559E0   9.980085855070E-1
   -2.469646372175E0   9.981243400507E-1
   -2.459356074791E0   9.982052185470E-1
   -2.449065777407E0   9.983111872755E-1
   -2.438775480023E0   9.983848203364E-1
   -2.428485182639E0   9.984817039380E-1
   -2.418194885255E0   9.985737448689E-1
   -2.407904587871E0   9.986371090781E-1
   -2.397614290487E0   9.987210698205E-1
   -2.387323993103E0   9.987785469608E-1
   -2.377033695719E0   9.988550290023E-1
   -2.366743398335E0   9.989070906228E-1
   -2.356453100950E0   9.989766591109E-1
   -2.346162803566E0   9.990237453040E-1
   -2.335872506182E0   9.990869307077E-1
   -2.325582208798E0   9.991466900290E-1
   -2.315291911414E0   9.991867514877E-1
   -2.305001614030E0   9.992408876829E-1
   -2.294711316646E0   9.992769694350E-1
   -2.284421019262E0   9.993259322852E-1
   -2.274130721878E0   9.993583758692E-1
   -2.263840424494E0   9.994025858912E-1
   -2.253550127110E0   9.994317083829E-1
   -2.243259829726E0   9.994715582722E-1
   -2.232969532342E0   9.995090532634E-1
   -2.222679234958E0   9.995335096998E-1
   -2.212388937574E0   9.995672060266E-1
   -2.202098640190E0   9.995890536249E-1
   -2.191808342805E0   9.996192794756E-1
   -2.181518045421E0   9.996387592562E-1
   -2.171227748037E0   9.996658196850E-1
   -2.160937450653E0   9.996831540383E-1
   -2.150647153269E0   9.997073322037E-1
   -2.140356855885E0   9.997227260333E-1
   -2.130066558501E0   9.997442843916E-1
   -2.119776261117E0   9.997644189388E-1
   -2.109485963733E0   9.997771076627E-1
   -2.099195666349E0   9.997949961409E-1
   -2.088905368965E0   9.998061996348E-1
   -2.078615071581E0   9.998220567787E-1
   -2.068324774197E0   9.998319261904E-1
   -2.058034476813E0   9.998459498937E-1
   -2.047744179429E0   9.998546234495E-1
   -2.037453882045E0   9.998669957715E-1
   -2.027163584660E0   9.998745996558E-1
   -2.016873287276E0   9.998854877891E-1
   -2.006582989892E0   9.998921369808E-1
   -1.996292692508E0   9.999016941789E-1
   -1.986002395124E0   9.999105245708E-1
   -1.975712097740E0   9.999158597126E-1
   -1.965421800356E0   9.999235756649E-1
   -1.955131502972E0   9.999282073058E-1
   -1.944841205588E0   9.999349302748E-1
   -1.934550908204E0   9.999389395468E-1
   -1.924260610820E0   9.999447800289E-1
   -1.913970313436E0   9.999482401503E-1
   -1.903680016052E0   9.999532984439E-1
   -1.893389718668E0   9.999562753385E-1
   -1.883099421284E0   9.999606422711E-1
   -1.872809123899E0   9.999631951520E-1
   -1.862518826515E0   9.999669527721E-1
   -1.852228529131E0   9.999691346915E-1
   -1.841938231747E0   9.999723569271E-1
   -1.831647934363E0   9.999742152929E-1
   -1.821357636979E0   9.999769685770E-1
   -1.811067339595E0   9.999785456375E-1
   -1.800777042211E0   9.999808895006E-1
   -1.790486744827E0   9.999822227993E-1
   -1.780196447443E0   9.999842104308E-1
   -1.769906150059E0   9.999853332303E-1
   -1.759615852675E0   9.999870120090E-1
   -1.749325555291E0   9.999879536882E-1
   -1.739035257907E0   9.999893656815E-1
   -1.728744960523E0   9.999901521046E-1
   -1.718454663139E0   9.999913345397E-1
   -1.708164365754E0   9.999919883989E-1
   -1.697874068370E0   9.999929741041E-1
   -1.687583770986E0   9.999935152384E-1
   -1.677293473602E0   9.999943330567E-1
   -1.667003176218E0   9.999947787458E-1
   -1.656712878834E0   9.999954539216E-1
   -1.646422581450E0   9.999958191574E-1
   -1.636132284066E0   9.999963736966E-1
   -1.625841986682E0   9.999966714330E-1
   -1.615551689298E0   9.999971244373E-1
   -1.605261391914E0   9.999973658193E-1
   -1.594971094530E0   9.999977337961E-1
   -1.584680797146E0   9.999979283694E-1
   -1.574390499762E0   9.999982255179E-1
   -1.564100202378E0   9.999983814197E-1
   -1.553809904994E0   9.999986198941E-1
   -1.543519607609E0   9.999987440266E-1
   -1.533229310225E0   9.999989341771E-1
   -1.522939012841E0   9.999990323645E-1
   -1.512648715457E0   9.999991829576E-1
   -1.502358418073E0   9.999992600874E-1
   -1.492068120689E0   9.999993785061E-1
   -1.481777823305E0   9.999994386564E-1
   -1.471487525921E0   9.999995310814E-1
   -1.461197228537E0   9.999995776339E-1
   -1.450906931153E0   9.999996492067E-1
   -1.440616633769E0   9.999996849479E-1
   -1.430326336385E0   9.999997399174E-1
   -1.420036039001E0   9.999997671279E-1
   -1.409745741617E0   9.999998089806E-1
   -1.399455444233E0   9.999998295136E-1
   -1.389165146849E0   9.999998610891E-1
   -1.378874849464E0   9.999998764392E-1
   -1.368584552080E0   9.999999000326E-1
   -1.358294254696E0   9.999999113955E-1
   -1.348003957312E0   9.999999288462E-1
   -1.337713659928E0   9.999999371705E-1
   -1.327423362544E0   9.999999499399E-1
   -1.317133065160E0   9.999999559715E-1
   -1.306842767776E0   9.999999652099E-1
   -1.296552470392E0   9.999999695298E-1
   -1.286262173008E0   9.999999761338E-1
   -1.275971875624E0   9.999999791898E-1
   -1.265681578240E0   9.999999818820E-1
   -1.255391280856E0   9.999999859849E-1
   -1.245100983472E0   9.999999878564E-1
   -1.234810686088E0   9.999999907002E-1
   -1.224520388704E0   9.999999919830E-1
   -1.214230091319E0   9.999999939255E-1
   -1.203939793935E0   9.999999947916E-1
   -1.193649496551E0   9.999999960981E-1
   -1.183359199167E0   9.999999966736E-1
   -1.173068901783E0   9.999999975378E-1
   -1.162778604399E0   9.999999979138E-1
   -1.152488307015E0   9.999999984755E-1
   -1.142198009631E0   9.999999987168E-1
   -1.131907712247E0   9.999999990750E-1
   -1.121617414863E0   9.999999992268E-1
   -1.111327117479E0   9.999999993552E-1
   -1.101036820095E0   9.999999995443E-1
   -1.090746522711E0   9.999999996229E-1
   -1.080456225327E0   9.999999997377E-1
   -1.070165927943E0   9.999999997847E-1
   -1.059875630559E0   9.999999998528E-1
   -1.049585333174E0   9.999999998803E-1
   -1.039295035790E0   9.999999999196E-1
   -1.029004738406E0   9.999999999352E-1
   -1.018714441022E0   9.999999999574E-1
   -1.008424143638E0   9.999999999660E-1
  -9.981338462541E-1   9.999999999781E-1
  -9.878435488701E-1   9.999999999827E-1
  -9.775532514860E-1   9.999999999864E-1
  -9.672629541019E-1   9.999999999915E-1
  -9.569726567179E-1   9.999999999934E-1
  -9.466823593338E-1   9.999999999960E-1
  -9.363920619497E-1   9.999999999969E-1
  -9.261017645657E-1   9.999999999982E-1
  -9.158114671816E-1   9.999999999986E-1
  -9.055211697976E-1   9.999999999992E-1
  -8.952308724135E-1   9.999999999994E-1
  -8.849405750294E-1   9.999999999996E-1
  -8.746502776454E-1   9.999999999998E-1
  -8.643599802613E-1   9.999999999998E-1
  -8.540696828772E-1   9.999999999999E-1
  -8.437793854932E-1   9.999999999999E-1
  -8.334890881091E-1    1.000000000000E0
  -8.231987907251E-1    1.000000000000E0
  -8.129084933410E-1    1.000000000000E0
  -8.026181959569E-1    1.000000000000E0
  -7.923278985729E-1    1.000000000000E0
  -7.820376011888E-1    1.000000000000E0
  -7.717473038047E-1    1.000000000000E0
  -7.614570064207E-1    1.000000000000E0
  -7.511667090366E-1    1.000000000000E0
  -7.408764116525E-1    1.000000000000E0
  -7.305861142685E-1    1.000000000000E0
  -7.202958168844E-1    1.000000000000E0
  -7.100055195004E-1    1.000000000000E0
  -6.997152221163E-1    1.000000000000E0
  -6.894249247322E-1    1.000000000000E0
  -6.791346273482E-1    1.000000000000E0
  -6.688443299641E-1    1.000000000000E0
  -6.585540325800E-1    1.000000000000E0
  -6.482637351960E-1    1.000000000000E0
  -6.379734378119E-1    1.000000000000E0
  -6.276831404279E-1    1.000000000000E0
  -6.173928430438E-1    1.000000000000E0
  -6.071025456597E-1    1.000000000000E0
  -5.968122482757E-1    1.000000000000E0
  -5.865219508916E-1    1.000000000000E0
  -5.762316535075E-1    1.000000000000E0
  -5.659413561235E-1    1.000000000000E0
  -5.556510587394E-1    1.000000000000E0
  -5.453607613553E-1    1.000000000000E0
  -5.350704639713E-1    1.000000000000E0
  -5.247801665872E-1    1.000000000000E0
  -5.144898692032E-1    1.000000000000E0
  -5.041995718191E-1    1.000000000000E0
  -4.939092744350E-1    1.000000000000E0
  -4.836189770510E-1    1.000000000000E0
  -4.733286796669E-1    1.000000000000E0
  -4.630383822828E-1    1.000000000000E0
  -4.527480848988E-1    1.000000000000E0
  -4.424577875147E-1    1.000000000000E0
  -4.321674901307E-1    1.000000000000E0
  -4.218771927466E-1    1.000000000000E0
  -4.115868953625E-1    1.000000000000E0
  -4.012965979785E-1    1.000000000000E0
  -3.910063005944E-1    1.000000000000E0
  -3.807160032103E-1    1.000000000000E0
  -3.704257058263E-1    1.000000000000E0
  -3.601354084422E-1    1.000000000000E0
  -3.498451110581E-1    1.000000000000E0
  -3.395548136741E-1    1.000000000000E0
  -3.292645162900E-1    1.000000000000E0
  -3.189742189060E-1    1.000000000000E0
  -3.086839215219E-1    1.000000000000E0
  -2.983936241378E-1    1.000000000000E0
  -2.881033267538E-1    1.000000000000E0
  -2.778130293697E-1    1.000000000000E0
  -2.675227319856E-1    1.000000000000E0
  -2.572324346016E-1    1.000000000000E0
  -2.469421372175E-1    1.000000000000E0
  -2.366518398335E-1    1.000000000000E0
  -2.263615424494E-1    1.000000000000E0
  -2.160712450653E-1    1.000000000000E0
  -2.057809476813E-1    1.000000000000E0
  -1.954906502972E-1    1.000000000000E0
  -1.852003529131E-1    1.000000000000E0
  -1.749100555291E-1   -1.000000000000E0
  -1.646197581450E-1   -1.000000000000E0
  -1.543294607609E-1   -1.000000000000E0
  -1.440391633769E-1   -1.000000000000E0
  -1.337488659928E-1   -1.000000000000E0
  -1.234585686088E-1   -1.000000000000E0
  -1.131682712247E-1   -1.000000000000E0
  -1.028779738406E-1   -1.000000000000E0
  -9.258767645657E-2   -1.000000000000E0
  -8.229737907250E-2   -1.000000000000E0
  -7.200708168844E-2   -1.000000000000E0
  -6.171678430438E-2   -1.000000000000E0
  -5.142648692031E-2   -1.000000000000E0
  -4.113618953625E-2   -1.000000000000E0
  -3.084589215219E-2   -1.000000000000E0
  -2.055559476813E-2   -1.000000000000E0
  -1.026529738406E-2   -1.000000000000E0
   2.500000000083E-5   -1.000000000000E0
