#             e [au]            f [a.u.]
   -5.273642520075E0  -9.999954377625E-1
   -5.268363448483E0  -9.999954079954E-1
   -5.263084376891E0  -9.999953780191E-1
   -5.257805305300E0  -9.999953478319E-1
   -5.252526233708E0  -9.999953174323E-1
   -5.247247162116E0  -9.999952868185E-1
   -5.241968090525E0  -9.999952559891E-1
   -5.236689018933E0  -9.999952249423E-1
   -5.231409947341E0  -9.999951936766E-1
   -5.226130875750E0  -9.999951621902E-1
   -5.220851804158E0  -9.999951304814E-1
   -5.215572732566E0  -9.999950985487E-1
   -5.210293660975E0  -9.999950663902E-1
   -5.205014589383E0  -9.999950340043E-1
   -5.199735517791E0  -9.999950013891E-1
   -5.194456446200E0  -9.999949685431E-1
   -5.189177374608E0  -9.999949354644E-1
   -5.183898303016E0  -9.999949021512E-1
   -5.178619231425E0  -9.999948686017E-1
   -5.173340159833E0  -9.999948348142E-1
   -5.168061088241E0  -9.999948007868E-1
   -5.162782016650E0  -9.999947665177E-1
   -5.157502945058E0  -9.999947320050E-1
   -5.152223873466E0  -9.999946972468E-1
   -5.146944801875E0  -9.999946622414E-1
   -5.141665730283E0  -9.999946269867E-1
   -5.136386658691E0  -9.999945914809E-1
   -5.131107587100E0  -9.999945557220E-1
   -5.125828515508E0  -9.999945197082E-1
   -5.120549443916E0  -9.999944834373E-1
   -5.115270372325E0  -9.999944469076E-1
   -5.109991300733E0  -9.999944101169E-1
   -5.104712229141E0  -9.999943730632E-1
   -5.099433157550E0  -9.999943357446E-1
   -5.094154085958E0  -9.999942981590E-1
   -5.088875014366E0  -9.999942603043E-1
   -5.083595942775E0  -9.999942221784E-1
   -5.078316871183E0  -9.999941837793E-1
   -5.073037799591E0  -9.999941451049E-1
   -5.067758728000E0  -9.999941061529E-1
   -5.062479656408E0  -9.999940669213E-1
   -5.057200584816E0  -9.999940274080E-1
   -5.051921513225E0  -9.999939876106E-1
   -5.046642441633E0  -9.999939475270E-1
   -5.041363370041E0  -9.999939071550E-1
   -5.036084298450E0  -9.999938664924E-1
   -5.030805226858E0  -9.999938255369E-1
   -5.025526155266E0  -9.999937842862E-1
   -5.020247083675E0  -9.999937427380E-1
   -5.014968012083E0  -9.999937008901E-1
   -5.009688940491E0  -9.999936587400E-1
   -5.004409868900E0  -9.999936162854E-1
   -4.999130797308E0  -9.999935735240E-1
   -4.993851725716E0  -9.999935304533E-1
   -4.988572654125E0  -9.999934870710E-1
   -4.983293582533E0  -9.999934433746E-1
   -4.978014510941E0  -9.999933993616E-1
   -4.972735439350E0  -9.999933550296E-1
   -4.967456367758E0  -9.999933103761E-1
   -4.962177296166E0  -9.999932653985E-1
   -4.956898224575E0  -9.999932200944E-1
   -4.951619152983E0  -9.999931744611E-1
   -4.946340081391E0  -9.999931284961E-1
   -4.941061009800E0  -9.999930821968E-1
   -4.935781938208E0  -9.999930355606E-1
   -4.930502866616E0  -9.999929885847E-1
   -4.925223795025E0  -9.999929412666E-1
   -4.919944723433E0  -9.999928936036E-1
   -4.914665651841E0  -9.999928455928E-1
   -4.909386580250E0  -9.999927972317E-1
   -4.904107508658E0  -9.999927485174E-1
   -4.898828437066E0  -9.999926994471E-1
   -4.893549365475E0  -9.999926500181E-1
   -4.888270293883E0  -9.999926002274E-1
   -4.882991222291E0  -9.999925500723E-1
   -4.877712150700E0  -9.999924995499E-1
   -4.872433079108E0  -9.999924486572E-1
   -4.867154007516E0  -9.999923973913E-1
   -4.861874935925E0  -9.999923457494E-1
   -4.856595864333E0  -9.999922937283E-1
   -4.851316792741E0  -9.999922413250E-1
   -4.846037721150E0  -9.999921885367E-1
   -4.840758649558E0  -9.999921353601E-1
   -4.835479577966E0  -9.999920817922E-1
   -4.830200506375E0  -9.999920278299E-1
   -4.824921434783E0  -9.999919734701E-1
   -4.819642363191E0  -9.999919187095E-1
   -4.814363291600E0  -9.999918635451E-1
   -4.809084220008E0  -9.999918079735E-1
   -4.803805148416E0  -9.999917519916E-1
   -4.798526076825E0  -9.999916955960E-1
   -4.793247005233E0  -9.999916387834E-1
   -4.787967933641E0  -9.999915815506E-1
   -4.782688862050E0  -9.999915238942E-1
   -4.777409790458E0  -9.999914658107E-1
   -4.772130718866E0  -9.999914072968E-1
   -4.766851647275E0  -9.999913483489E-1
   -4.761572575683E0  -9.999912889637E-1
   -4.756293504091E0  -9.999912291376E-1
   -4.751014432500E0  -9.999911688671E-1
   -4.745735360908E0  -9.999911081486E-1
   -4.740456289316E0  -9.999910469785E-1
   -4.735177217725E0  -9.999909853532E-1
   -4.729898146133E0  -9.999909232690E-1
   -4.724619074541E0  -9.999908607221E-1
   -4.719340002950E0  -9.999907977090E-1
   -4.714060931358E0  -9.999907342258E-1
   -4.708781859766E0  -9.999906702688E-1
   -4.703502788175E0  -9.999906058340E-1
   -4.698223716583E0  -9.999905409177E-1
   -4.692944644991E0  -9.999904755160E-1
   -4.687665573400E0  -9.999904096249E-1
   -4.682386501808E0  -9.999903432404E-1
   -4.677107430216E0  -9.999902763586E-1
   -4.671828358625E0  -9.999902089755E-1
   -4.666549287033E0  -9.999901410869E-1
   -4.661270215441E0  -9.999900726888E-1
   -4.655991143850E0  -9.999900037771E-1
   -4.650712072258E0  -9.999899343475E-1
   -4.645433000666E0  -9.999898643958E-1
   -4.640153929075E0  -9.999897939179E-1
   -4.634874857483E0  -9.999897229094E-1
   -4.629595785891E0  -9.999896513660E-1
   -4.624316714300E0  -9.999895792833E-1
   -4.619037642708E0  -9.999895066569E-1
   -4.613758571116E0  -9.999894334824E-1
   -4.608479499525E0  -9.999893597554E-1
   -4.603200427933E0  -9.999892854712E-1
   -4.597921356341E0  -9.999892106254E-1
   -4.592642284750E0  -9.999891352133E-1
   -4.587363213158E0  -9.999890592304E-1
   -4.582084141566E0  -9.999889826718E-1
   -4.576805069975E0  -9.999889055330E-1
   -4.571525998383E0  -9.999888278091E-1
   -4.566246926791E0  -9.999887494954E-1
   -4.560967855200E0  -9.999886705869E-1
   -4.555688783608E0  -9.999885910789E-1
   -4.550409712016E0  -9.999885109663E-1
   -4.545130640425E0  -9.999884302442E-1
   -4.539851568833E0  -9.999883489076E-1
   -4.534572497241E0  -9.999882669514E-1
   -4.529293425650E0  -9.999881843705E-1
   -4.524014354058E0  -9.999881011596E-1
   -4.518735282466E0  -9.999880173138E-1
   -4.513456210875E0  -9.999879328276E-1
   -4.508177139283E0  -9.999878476957E-1
   -4.502898067691E0  -9.999877619129E-1
   -4.497618996100E0  -9.999876754738E-1
   -4.492339924508E0  -9.999875883728E-1
   -4.487060852916E0  -9.999875006045E-1
   -4.481781781325E0  -9.999874121634E-1
   -4.476502709733E0  -9.999873230439E-1
   -4.471223638141E0  -9.999872332403E-1
   -4.465944566550E0  -9.999871427470E-1
   -4.460665494958E0  -9.999870515582E-1
   -4.455386423366E0  -9.999869596680E-1
   -4.450107351775E0  -9.999868670708E-1
   -4.444828280183E0  -9.999867737605E-1
   -4.439549208591E0  -9.999866797312E-1
   -4.434270137000E0  -9.999865849770E-1
   -4.428991065408E0  -9.999864894917E-1
   -4.423711993816E0  -9.999863932692E-1
   -4.418432922225E0  -9.999862963034E-1
   -4.413153850633E0  -9.999861985880E-1
   -4.407874779041E0  -9.999861001168E-1
   -4.402595707450E0  -9.999860008834E-1
   -4.397316635858E0  -9.999859008814E-1
   -4.392037564266E0  -9.999858001043E-1
   -4.386758492675E0  -9.999856985458E-1
   -4.381479421083E0  -9.999855961991E-1
   -4.376200349491E0  -9.999854930576E-1
   -4.370921277900E0  -9.999853891147E-1
   -4.365642206308E0  -9.999852843636E-1
   -4.360363134716E0  -9.999851787974E-1
   -4.355084063125E0  -9.999850724094E-1
   -4.349804991533E0  -9.999849651925E-1
   -4.344525919941E0  -9.999848571397E-1
   -4.339246848350E0  -9.999847482441E-1
   -4.333967776758E0  -9.999846384983E-1
   -4.328688705166E0  -9.999845278954E-1
   -4.323409633575E0  -9.999844164279E-1
   -4.318130561983E0  -9.999843040885E-1
   -4.312851490391E0  -9.999841908699E-1
   -4.307572418800E0  -9.999840767646E-1
   -4.302293347208E0  -9.999839617650E-1
   -4.297014275616E0  -9.999838458635E-1
   -4.291735204025E0  -9.999837290525E-1
   -4.286456132433E0  -9.999836113242E-1
   -4.281177060841E0  -9.999834926708E-1
   -4.275897989250E0  -9.999833730843E-1
   -4.270618917658E0  -9.999832525569E-1
   -4.265339846066E0  -9.999831310805E-1
   -4.260060774475E0  -9.999830086470E-1
   -4.254781702883E0  -9.999828852482E-1
   -4.249502631291E0  -9.999827608758E-1
   -4.244223559700E0  -9.999826355215E-1
   -4.238944488108E0  -9.999825091768E-1
   -4.233665416516E0  -9.999823818333E-1
   -4.228386344925E0  -9.999822534824E-1
   -4.223107273333E0  -9.999821241155E-1
   -4.217828201741E0  -9.999819937237E-1
   -4.212549130150E0  -9.999818622984E-1
   -4.207270058558E0  -9.999817298305E-1
   -4.201990986966E0  -9.999815963111E-1
   -4.196711915375E0  -9.999814617312E-1
   -4.191432843783E0  -9.999813260815E-1
   -4.186153772191E0  -9.999811893529E-1
   -4.180874700600E0  -9.999810515360E-1
   -4.175595629008E0  -9.999809126214E-1
   -4.170316557416E0  -9.999807725996E-1
   -4.165037485825E0  -9.999806314610E-1
   -4.159758414233E0  -9.999804891960E-1
   -4.154479342641E0  -9.999803457947E-1
   -4.149200271050E0  -9.999802012473E-1
   -4.143921199458E0  -9.999800555439E-1
   -4.138642127866E0  -9.999799086743E-1
   -4.133363056275E0  -9.999797606285E-1
   -4.128083984683E0  -9.999796113962E-1
   -4.122804913091E0  -9.999794609671E-1
   -4.117525841500E0  -9.999793093307E-1
   -4.112246769908E0  -9.999791564765E-1
   -4.106967698316E0  -9.999790023939E-1
   -4.101688626725E0  -9.999788470721E-1
   -4.096409555133E0  -9.999786905003E-1
   -4.091130483541E0  -9.999785326676E-1
   -4.085851411950E0  -9.999783735629E-1
   -4.080572340358E0  -9.999782131750E-1
   -4.075293268766E0  -9.999780514927E-1
   -4.070014197175E0  -9.999778885047E-1
   -4.064735125583E0  -9.999777241995E-1
   -4.059456053991E0  -9.999775585654E-1
   -4.054176982400E0  -9.999773915909E-1
   -4.048897910808E0  -9.999772232640E-1
   -4.043618839216E0  -9.999770535729E-1
   -4.038339767625E0  -9.999768825056E-1
   -4.033060696033E0  -9.999767100499E-1
   -4.027781624441E0  -9.999765361935E-1
   -4.022502552850E0  -9.999763609241E-1
   -4.017223481258E0  -9.999761842292E-1
   -4.011944409666E0  -9.999760060961E-1
   -4.006665338075E0  -9.999758265121E-1
   -4.001386266483E0  -9.999756454644E-1
   -3.996107194891E0  -9.999754629399E-1
   -3.990828123300E0  -9.999752789256E-1
   -3.985549051708E0  -9.999750934082E-1
   -3.980269980116E0  -9.999749063743E-1
   -3.974990908525E0  -9.999747178104E-1
   -3.969711836933E0  -9.999745277030E-1
   -3.964432765341E0  -9.999743360383E-1
   -3.959153693750E0  -9.999741428023E-1
   -3.953874622158E0  -9.999739479810E-1
   -3.948595550566E0  -9.999737515604E-1
   -3.943316478975E0  -9.999735535260E-1
   -3.938037407383E0  -9.999733538634E-1
   -3.932758335791E0  -9.999731525582E-1
   -3.927479264200E0  -9.999729495954E-1
   -3.922200192608E0  -9.999727449603E-1
   -3.916921121016E0  -9.999725386379E-1
   -3.911642049425E0  -9.999723306129E-1
   -3.906362977833E0  -9.999721208702E-1
   -3.901083906241E0  -9.999719093942E-1
   -3.895804834650E0  -9.999716961694E-1
   -3.890525763058E0  -9.999714811799E-1
   -3.885246691466E0  -9.999712644098E-1
   -3.879967619875E0  -9.999710458432E-1
   -3.874688548283E0  -9.999708254637E-1
   -3.869409476691E0  -9.999706032549E-1
   -3.864130405100E0  -9.999703792004E-1
   -3.858851333508E0  -9.999701532834E-1
   -3.853572261916E0  -9.999699254871E-1
   -3.848293190325E0  -9.999696957943E-1
   -3.843014118733E0  -9.999694641878E-1
   -3.837735047141E0  -9.999692306504E-1
   -3.832455975550E0  -9.999689951644E-1
   -3.827176903958E0  -9.999687577121E-1
   -3.821897832366E0  -9.999685182756E-1
   -3.816618760775E0  -9.999682768368E-1
   -3.811339689183E0  -9.999680333775E-1
   -3.806060617591E0  -9.999677878792E-1
   -3.800781546000E0  -9.999675403233E-1
   -3.795502474408E0  -9.999672906910E-1
   -3.790223402816E0  -9.999670389632E-1
   -3.784944331225E0  -9.999667851208E-1
   -3.779665259633E0  -9.999665291445E-1
   -3.774386188041E0  -9.999662710145E-1
   -3.769107116450E0  -9.999660107113E-1
   -3.763828044858E0  -9.999657482147E-1
   -3.758548973266E0  -9.999654835047E-1
   -3.753269901675E0  -9.999652165608E-1
   -3.747990830083E0  -9.999649473626E-1
   -3.742711758491E0  -9.999646758891E-1
   -3.737432686900E0  -9.999644021195E-1
   -3.732153615308E0  -9.999641260324E-1
   -3.726874543716E0  -9.999638476066E-1
   -3.721595472125E0  -9.999635668204E-1
   -3.716316400533E0  -9.999632836519E-1
   -3.711037328941E0  -9.999629980791E-1
   -3.705758257350E0  -9.999627100796E-1
   -3.700479185758E0  -9.999624196310E-1
   -3.695200114166E0  -9.999621267105E-1
   -3.689921042575E0  -9.999618312952E-1
   -3.684641970983E0  -9.999615333617E-1
   -3.679362899391E0  -9.999612328868E-1
   -3.674083827800E0  -9.999609298467E-1
   -3.668804756208E0  -9.999606242175E-1
   -3.663525684616E0  -9.999603159749E-1
   -3.658246613025E0  -9.999600050947E-1
   -3.652967541433E0  -9.999596915522E-1
   -3.647688469841E0  -9.999593753224E-1
   -3.642409398250E0  -9.999590563801E-1
   -3.637130326658E0  -9.999587347000E-1
   -3.631851255066E0  -9.999584102564E-1
   -3.626572183475E0  -9.999580830233E-1
   -3.621293111883E0  -9.999577529744E-1
   -3.616014040291E0  -9.999574200834E-1
   -3.610734968700E0  -9.999570843235E-1
   -3.605455897108E0  -9.999567456677E-1
   -3.600176825516E0  -9.999564040885E-1
   -3.594897753925E0  -9.999560595585E-1
   -3.589618682333E0  -9.999557120498E-1
   -3.584339610741E0  -9.999553615342E-1
   -3.579060539150E0  -9.999550079833E-1
   -3.573781467558E0  -9.999546513683E-1
   -3.568502395966E0  -9.999542916602E-1
   -3.563223324375E0  -9.999539288296E-1
   -3.557944252783E0  -9.999535628469E-1
   -3.552665181191E0  -9.999531936822E-1
   -3.547386109600E0  -9.999528213051E-1
   -3.542107038008E0  -9.999524456851E-1
   -3.536827966416E0  -9.999520667914E-1
   -3.531548894825E0  -9.999516845926E-1
   -3.526269823233E0  -9.999512990572E-1
   -3.520990751641E0  -9.999509101535E-1
   -3.515711680050E0  -9.999505178490E-1
   -3.510432608458E0  -9.999501221114E-1
   -3.505153536866E0  -9.999497229077E-1
   -3.499874465275E0  -9.999493202048E-1
   -3.494595393683E0  -9.999489139689E-1
   -3.489316322091E0  -9.999485041663E-1
   -3.484037250500E0  -9.999480907626E-1
   -3.478758178908E0  -9.999476737231E-1
   -3.473479107316E0  -9.999472530129E-1
   -3.468200035725E0  -9.999468285966E-1
   -3.462920964133E0  -9.999464004385E-1
   -3.457641892541E0  -9.999459685023E-1
   -3.452362820950E0  -9.999455327517E-1
   -3.447083749358E0  -9.999450931496E-1
   -3.441804677766E0  -9.999446496589E-1
   -3.436525606175E0  -9.999442022418E-1
   -3.431246534583E0  -9.999437508603E-1
   -3.425967462991E0  -9.999432954758E-1
   -3.420688391400E0  -9.999428360495E-1
   -3.415409319808E0  -9.999423725421E-1
   -3.410130248216E0  -9.999419049139E-1
   -3.404851176625E0  -9.999414331247E-1
   -3.399572105033E0  -9.999409571339E-1
   -3.394293033441E0  -9.999404769005E-1
   -3.389013961850E0  -9.999399923831E-1
   -3.383734890258E0  -9.999395035397E-1
   -3.378455818666E0  -9.999390103281E-1
   -3.373176747075E0  -9.999385127055E-1
   -3.367897675483E0  -9.999380106286E-1
   -3.362618603891E0  -9.999375040536E-1
   -3.357339532300E0  -9.999369929365E-1
   -3.352060460708E0  -9.999364772324E-1
   -3.346781389116E0  -9.999359568964E-1
   -3.341502317525E0  -9.999354318828E-1
   -3.336223245933E0  -9.999349021454E-1
   -3.330944174341E0  -9.999343676376E-1
   -3.325665102750E0  -9.999338283124E-1
   -3.320386031158E0  -9.999332841220E-1
   -3.315106959566E0  -9.999327350183E-1
   -3.309827887975E0  -9.999321809527E-1
   -3.304548816383E0  -9.999316218759E-1
   -3.299269744791E0  -9.999310577383E-1
   -3.293990673200E0  -9.999304884895E-1
   -3.288711601608E0  -9.999299140787E-1
   -3.283432530016E0  -9.999293344546E-1
   -3.278153458425E0  -9.999287495652E-1
   -3.272874386833E0  -9.999281593580E-1
   -3.267595315241E0  -9.999275637799E-1
   -3.262316243650E0  -9.999269627773E-1
   -3.257037172058E0  -9.999263562959E-1
   -3.251758100466E0  -9.999257442809E-1
   -3.246479028875E0  -9.999251266768E-1
   -3.241199957283E0  -9.999245034276E-1
   -3.235920885691E0  -9.999238744767E-1
   -3.230641814100E0  -9.999232397666E-1
   -3.225362742508E0  -9.999225992396E-1
   -3.220083670916E0  -9.999219528370E-1
   -3.214804599325E0  -9.999213004996E-1
   -3.209525527733E0  -9.999206421676E-1
   -3.204246456141E0  -9.999199777804E-1
   -3.198967384550E0  -9.999193072768E-1
   -3.193688312958E0  -9.999186305950E-1
   -3.188409241366E0  -9.999179476724E-1
   -3.183130169775E0  -9.999172584457E-1
   -3.177851098183E0  -9.999165628510E-1
   -3.172572026591E0  -9.999158608236E-1
   -3.167292955000E0  -9.999151522981E-1
   -3.162013883408E0  -9.999144372083E-1
   -3.156734811816E0  -9.999137154875E-1
   -3.151455740225E0  -9.999129870679E-1
   -3.146176668633E0  -9.999122518813E-1
   -3.140897597041E0  -9.999115098585E-1
   -3.135618525450E0  -9.999107609295E-1
   -3.130339453858E0  -9.999100050237E-1
   -3.125060382266E0  -9.999092420696E-1
   -3.119781310675E0  -9.999084719949E-1
   -3.114502239083E0  -9.999076947264E-1
   -3.109223167491E0  -9.999069101903E-1
   -3.103944095900E0  -9.999061183117E-1
   -3.098665024308E0  -9.999053190151E-1
   -3.093385952716E0  -9.999045122240E-1
   -3.088106881125E0  -9.999036978610E-1
   -3.082827809533E0  -9.999028758479E-1
   -3.077548737941E0  -9.999020461057E-1
   -3.072269666350E0  -9.999012085542E-1
   -3.066990594758E0  -9.999003631127E-1
   -3.061711523166E0  -9.998995096992E-1
   -3.056432451575E0  -9.998986482310E-1
   -3.051153379983E0  -9.998977786244E-1
   -3.045874308391E0  -9.998969007947E-1
   -3.040595236800E0  -9.998960146563E-1
   -3.035316165208E0  -9.998951201225E-1
   -3.030037093616E0  -9.998942171058E-1
   -3.024758022025E0  -9.998933055175E-1
   -3.019478950433E0  -9.998923852680E-1
   -3.014199878841E0  -9.998914562666E-1
   -3.008920807250E0  -9.998905184216E-1
   -3.003641735658E0  -9.998895716402E-1
   -2.998362664066E0  -9.998886158286E-1
   -2.993083592475E0  -9.998876508919E-1
   -2.987804520883E0  -9.998866767340E-1
   -2.982525449291E0  -9.998856932579E-1
   -2.977246377700E0  -9.998847003652E-1
   -2.971967306108E0  -9.998836979565E-1
   -2.966688234516E0  -9.998826859314E-1
   -2.961409162925E0  -9.998816641880E-1
   -2.956130091333E0  -9.998806326234E-1
   -2.950851019741E0  -9.998795911336E-1
   -2.945571948150E0  -9.998785396132E-1
   -2.940292876558E0  -9.998774779556E-1
   -2.935013804966E0  -9.998764060531E-1
   -2.929734733375E0  -9.998753237966E-1
   -2.924455661783E0  -9.998742310757E-1
   -2.919176590191E0  -9.998731277788E-1
   -2.913897518600E0  -9.998720137929E-1
   -2.908618447008E0  -9.998708890038E-1
   -2.903339375416E0  -9.998697532957E-1
   -2.898060303825E0  -9.998686065519E-1
   -2.892781232233E0  -9.998674486537E-1
   -2.887502160641E0  -9.998662794816E-1
   -2.882223089050E0  -9.998650989142E-1
   -2.876944017458E0  -9.998639068290E-1
   -2.871664945866E0  -9.998627031018E-1
   -2.866385874275E0  -9.998614876071E-1
   -2.861106802683E0  -9.998602602179E-1
   -2.855827731091E0  -9.998590208056E-1
   -2.850548659500E0  -9.998577692401E-1
   -2.845269587908E0  -9.998565053898E-1
   -2.839990516316E0  -9.998552291213E-1
   -2.834711444725E0  -9.998539403000E-1
   -2.829432373133E0  -9.998526387894E-1
   -2.824153301541E0  -9.998513244514E-1
   -2.818874229950E0  -9.998499971462E-1
   -2.813595158358E0  -9.998486567326E-1
   -2.808316086766E0  -9.998473030673E-1
   -2.803037015175E0  -9.998459360056E-1
   -2.797757943583E0  -9.998445554009E-1
   -2.792478871991E0  -9.998431611048E-1
   -2.787199800400E0  -9.998417529672E-1
   -2.781920728808E0  -9.998403308361E-1
   -2.776641657216E0  -9.998388945578E-1
   -2.771362585625E0  -9.998374439766E-1
   -2.766083514033E0  -9.998359789348E-1
   -2.760804442441E0  -9.998344992731E-1
   -2.755525370850E0  -9.998330048301E-1
   -2.750246299258E0  -9.998314954422E-1
   -2.744967227666E0  -9.998299709443E-1
   -2.739688156075E0  -9.998284311687E-1
   -2.734409084483E0  -9.998268759462E-1
   -2.729130012891E0  -9.998253051052E-1
   -2.723850941300E0  -9.998237184720E-1
   -2.718571869708E0  -9.998221158709E-1
   -2.713292798116E0  -9.998204971240E-1
   -2.708013726525E0  -9.998188620510E-1
   -2.702734654933E0  -9.998172104698E-1
   -2.697455583341E0  -9.998155421957E-1
   -2.692176511750E0  -9.998138570418E-1
   -2.686897440158E0  -9.998121548190E-1
   -2.681618368566E0  -9.998104353356E-1
   -2.676339296975E0  -9.998086983979E-1
   -2.671060225383E0  -9.998069438094E-1
   -2.665781153791E0  -9.998051713715E-1
   -2.660502082200E0  -9.998033808828E-1
   -2.655223010608E0  -9.998015721397E-1
   -2.649943939016E0  -9.997997449358E-1
   -2.644664867425E0  -9.997978990623E-1
   -2.639385795833E0  -9.997960343076E-1
   -2.634106724241E0  -9.997941504578E-1
   -2.628827652650E0  -9.997922472958E-1
   -2.623548581058E0  -9.997903246022E-1
   -2.618269509466E0  -9.997883821547E-1
   -2.612990437875E0  -9.997864197282E-1
   -2.607711366283E0  -9.997844370946E-1
   -2.602432294691E0  -9.997824340232E-1
   -2.597153223100E0  -9.997804102801E-1
   -2.591874151508E0  -9.997783656288E-1
   -2.586595079916E0  -9.997762998294E-1
   -2.581316008325E0  -9.997742126392E-1
   -2.576036936733E0  -9.997721038123E-1
   -2.570757865141E0  -9.997699730998E-1
   -2.565478793550E0  -9.997678202495E-1
   -2.560199721958E0  -9.997656450060E-1
   -2.554920650366E0  -9.997634471107E-1
   -2.549641578775E0  -9.997612263016E-1
   -2.544362507183E0  -9.997589823134E-1
   -2.539083435591E0  -9.997567148775E-1
   -2.533804364000E0  -9.997544237215E-1
   -2.528525292408E0  -9.997521085700E-1
   -2.523246220816E0  -9.997497691435E-1
   -2.517967149225E0  -9.997474051594E-1
   -2.512688077633E0  -9.997450163310E-1
   -2.507409006041E0  -9.997426023683E-1
   -2.502129934450E0  -9.997401629772E-1
   -2.496850862858E0  -9.997376978601E-1
   -2.491571791266E0  -9.997352067152E-1
   -2.486292719675E0  -9.997326892370E-1
   -2.481013648083E0  -9.997301451160E-1
   -2.475734576491E0  -9.997275740386E-1
   -2.470455504900E0  -9.997249756871E-1
   -2.465176433308E0  -9.997223497396E-1
   -2.459897361716E0  -9.997196958702E-1
   -2.454618290125E0  -9.997170137485E-1
   -2.449339218533E0  -9.997143030399E-1
   -2.444060146941E0  -9.997115634052E-1
   -2.438781075350E0  -9.997087945009E-1
   -2.433502003758E0  -9.997059959790E-1
   -2.428222932166E0  -9.997031674869E-1
   -2.422943860575E0  -9.997003086671E-1
   -2.417664788983E0  -9.996974191576E-1
   -2.412385717391E0  -9.996944985916E-1
   -2.407106645800E0  -9.996915465972E-1
   -2.401827574208E0  -9.996885627979E-1
   -2.396548502616E0  -9.996855468119E-1
   -2.391269431025E0  -9.996824982524E-1
   -2.385990359433E0  -9.996794167274E-1
   -2.380711287841E0  -9.996763018398E-1
   -2.375432216250E0  -9.996731531870E-1
   -2.370153144658E0  -9.996699703611E-1
   -2.364874073066E0  -9.996667529486E-1
   -2.359595001475E0  -9.996635005306E-1
   -2.354315929883E0  -9.996602126825E-1
   -2.349036858291E0  -9.996568889738E-1
   -2.343757786700E0  -9.996535289685E-1
   -2.338478715108E0  -9.996501322243E-1
   -2.333199643516E0  -9.996466982934E-1
   -2.327920571925E0  -9.996432267215E-1
   -2.322641500333E0  -9.996397170482E-1
   -2.317362428741E0  -9.996361688071E-1
   -2.312083357150E0  -9.996325815251E-1
   -2.306804285558E0  -9.996289547228E-1
   -2.301525213966E0  -9.996252879142E-1
   -2.296246142375E0  -9.996215806067E-1
   -2.290967070783E0  -9.996178323010E-1
   -2.285687999191E0  -9.996140424908E-1
   -2.280408927600E0  -9.996102106628E-1
   -2.275129856008E0  -9.996063362968E-1
   -2.269850784416E0  -9.996024188653E-1
   -2.264571712825E0  -9.995984578335E-1
   -2.259292641233E0  -9.995944526594E-1
   -2.254013569641E0  -9.995904027932E-1
   -2.248734498050E0  -9.995863076777E-1
   -2.243455426458E0  -9.995821667477E-1
   -2.238176354866E0  -9.995779794304E-1
   -2.232897283275E0  -9.995737451448E-1
   -2.227618211683E0  -9.995694633020E-1
   -2.222339140091E0  -9.995651333046E-1
   -2.217060068500E0  -9.995607545470E-1
   -2.211780996908E0  -9.995563264152E-1
   -2.206501925316E0  -9.995518482862E-1
   -2.201222853725E0  -9.995473195286E-1
   -2.195943782133E0  -9.995427395020E-1
   -2.190664710541E0  -9.995381075569E-1
   -2.185385638950E0  -9.995334230345E-1
   -2.180106567358E0  -9.995286852669E-1
   -2.174827495766E0  -9.995238935766E-1
   -2.169548424175E0  -9.995190472766E-1
   -2.164269352583E0  -9.995141456699E-1
   -2.158990280991E0  -9.995091880497E-1
   -2.153711209400E0  -9.995041736991E-1
   -2.148432137808E0  -9.994991018909E-1
   -2.143153066216E0  -9.994939718876E-1
   -2.137873994625E0  -9.994887829410E-1
   -2.132594923033E0  -9.994835342921E-1
   -2.127315851441E0  -9.994782251712E-1
   -2.122036779850E0  -9.994728547973E-1
   -2.116757708258E0  -9.994674223781E-1
   -2.111478636666E0  -9.994619271101E-1
   -2.106199565075E0  -9.994563681779E-1
   -2.100920493483E0  -9.994507447543E-1
   -2.095641421891E0  -9.994450560002E-1
   -2.090362350300E0  -9.994393010641E-1
   -2.085083278708E0  -9.994334790824E-1
   -2.079804207116E0  -9.994275891784E-1
   -2.074525135525E0  -9.994216304631E-1
   -2.069246063933E0  -9.994156020341E-1
   -2.063966992341E0  -9.994095029760E-1
   -2.058687920750E0  -9.994033323596E-1
   -2.053408849158E0  -9.993970892423E-1
   -2.048129777566E0  -9.993907726676E-1
   -2.042850705975E0  -9.993843816648E-1
   -2.037571634383E0  -9.993779152486E-1
   -2.032292562791E0  -9.993713724196E-1
   -2.027013491200E0  -9.993647521630E-1
   -2.021734419608E0  -9.993580534493E-1
   -2.016455348016E0  -9.993512752334E-1
   -2.011176276425E0  -9.993444164548E-1
   -2.005897204833E0  -9.993374760369E-1
   -2.000618133241E0  -9.993304528873E-1
   -1.995339061650E0  -9.993233458969E-1
   -1.990059990058E0  -9.993161539401E-1
   -1.984780918466E0  -9.993088758741E-1
   -1.979501846875E0  -9.993015105393E-1
   -1.974222775283E0  -9.992940567582E-1
   -1.968943703691E0  -9.992865133355E-1
   -1.963664632100E0  -9.992788790581E-1
   -1.958385560508E0  -9.992711526940E-1
   -1.953106488916E0  -9.992633329927E-1
   -1.947827417325E0  -9.992554186848E-1
   -1.942548345733E0  -9.992474084811E-1
   -1.937269274141E0  -9.992393010730E-1
   -1.931990202550E0  -9.992310951318E-1
   -1.926711130958E0  -9.992227893081E-1
   -1.921432059366E0  -9.992143822322E-1
   -1.916152987775E0  -9.992058725130E-1
   -1.910873916183E0  -9.991972587379E-1
   -1.905594844591E0  -9.991885394726E-1
   -1.900315773000E0  -9.991797132605E-1
   -1.895036701408E0  -9.991707786223E-1
   -1.889757629817E0  -9.991617340559E-1
   -1.884478558225E0  -9.991525780356E-1
   -1.879199486633E0  -9.991433090119E-1
   -1.873920415042E0  -9.991339254113E-1
   -1.868641343450E0  -9.991244256353E-1
   -1.863362271858E0  -9.991148080605E-1
   -1.858083200267E0  -9.991050710380E-1
   -1.852804128675E0  -9.990952128928E-1
   -1.847525057083E0  -9.990852319236E-1
   -1.842245985492E0  -9.990751264020E-1
   -1.836966913900E0  -9.990648945723E-1
   -1.831687842308E0  -9.990545346511E-1
   -1.826408770717E0  -9.990440448264E-1
   -1.821129699125E0  -9.990334232574E-1
   -1.815850627533E0  -9.990226680738E-1
   -1.810571555942E0  -9.990117773757E-1
   -1.805292484350E0  -9.990007492324E-1
   -1.800013412758E0  -9.989895816823E-1
   -1.794734341167E0  -9.989782727324E-1
   -1.789455269575E0  -9.989668203572E-1
   -1.784176197983E0  -9.989552224990E-1
   -1.778897126392E0  -9.989434770663E-1
   -1.773618054800E0  -9.989315819340E-1
   -1.768338983208E0  -9.989195349423E-1
   -1.763059911617E0  -9.989073338964E-1
   -1.757780840025E0  -9.988949765655E-1
   -1.752501768433E0  -9.988824606824E-1
   -1.747222696842E0  -9.988697839428E-1
   -1.741943625250E0  -9.988569440047E-1
   -1.736664553658E0  -9.988439384874E-1
   -1.731385482067E0  -9.988307649711E-1
   -1.726106410475E0  -9.988174209959E-1
   -1.720827338883E0  -9.988039040613E-1
   -1.715548267292E0  -9.987902116254E-1
   -1.710269195700E0  -9.987763411040E-1
   -1.704990124108E0  -9.987622898700E-1
   -1.699711052517E0  -9.987480552522E-1
   -1.694431980925E0  -9.987336345350E-1
   -1.689152909333E0  -9.987190249574E-1
   -1.683873837742E0  -9.987042237118E-1
   -1.678594766150E0  -9.986892279436E-1
   -1.673315694558E0  -9.986740347498E-1
   -1.668036622967E0  -9.986586411788E-1
   -1.662757551375E0  -9.986430442287E-1
   -1.657478479783E0  -9.986272408468E-1
   -1.652199408192E0  -9.986112279286E-1
   -1.646920336600E0  -9.985950023166E-1
   -1.641641265008E0  -9.985785607994E-1
   -1.636362193417E0  -9.985619001109E-1
   -1.631083121825E0  -9.985450169287E-1
   -1.625804050233E0  -9.985279078736E-1
   -1.620524978642E0  -9.985105695080E-1
   -1.615245907050E0  -9.984929983351E-1
   -1.609966835458E0  -9.984751907977E-1
   -1.604687763867E0  -9.984571432768E-1
   -1.599408692275E0  -9.984388520908E-1
   -1.594129620683E0  -9.984203134939E-1
   -1.588850549092E0  -9.984015236748E-1
   -1.583571477500E0  -9.983824787558E-1
   -1.578292405908E0  -9.983631747913E-1
   -1.573013334317E0  -9.983436077661E-1
   -1.567734262725E0  -9.983237735948E-1
   -1.562455191133E0  -9.983036681195E-1
   -1.557176119542E0  -9.982832871092E-1
   -1.551897047950E0  -9.982626262576E-1
   -1.546617976358E0  -9.982416811821E-1
   -1.541338904767E0  -9.982204474221E-1
   -1.536059833175E0  -9.981989204375E-1
   -1.530780761583E0  -9.981770956069E-1
   -1.525501689992E0  -9.981549682260E-1
   -1.520222618400E0  -9.981325335063E-1
   -1.514943546808E0  -9.981097865728E-1
   -1.509664475217E0  -9.980867224629E-1
   -1.504385403625E0  -9.980633361236E-1
   -1.499106332033E0  -9.980396224110E-1
   -1.493827260442E0  -9.980155760874E-1
   -1.488548188850E0  -9.979911918195E-1
   -1.483269117258E0  -9.979664641770E-1
   -1.477990045667E0  -9.979413876301E-1
   -1.472710974075E0  -9.979159565474E-1
   -1.467431902483E0  -9.978901651940E-1
   -1.462152830892E0  -9.978640077294E-1
   -1.456873759300E0  -9.978374782051E-1
   -1.451594687708E0  -9.978105705625E-1
   -1.446315616117E0  -9.977832786304E-1
   -1.441036544525E0  -9.977555961227E-1
   -1.435757472933E0  -9.977275166361E-1
   -1.430478401342E0  -9.976990336475E-1
   -1.425199329750E0  -9.976701405115E-1
   -1.419920258158E0  -9.976408304578E-1
   -1.414641186567E0  -9.976110965884E-1
   -1.409362114975E0  -9.975809318751E-1
   -1.404083043383E0  -9.975503291566E-1
   -1.398803971792E0  -9.975192811357E-1
   -1.393524900200E0  -9.974877803760E-1
   -1.388245828608E0  -9.974558192995E-1
   -1.382966757017E0  -9.974233901830E-1
   -1.377687685425E0  -9.973904851554E-1
   -1.372408613833E0  -9.973570961940E-1
   -1.367129542242E0  -9.973232151216E-1
   -1.361850470650E0  -9.972888336029E-1
   -1.356571399058E0  -9.972539431410E-1
   -1.351292327467E0  -9.972185350739E-1
   -1.346013255875E0  -9.971826005708E-1
   -1.340734184283E0  -9.971461306287E-1
   -1.335455112692E0  -9.971091160678E-1
   -1.330176041100E0  -9.970715475287E-1
   -1.324896969508E0  -9.970334154670E-1
   -1.319617897917E0  -9.969947101504E-1
   -1.314338826325E0  -9.969554216536E-1
   -1.309059754733E0  -9.969155398547E-1
   -1.303780683142E0  -9.968750544299E-1
   -1.298501611550E0  -9.968339548498E-1
   -1.293222539958E0  -9.967922303739E-1
   -1.287943468367E0  -9.967498700464E-1
   -1.282664396775E0  -9.967068626914E-1
   -1.277385325183E0  -9.966631969066E-1
   -1.272106253592E0  -9.966188610601E-1
   -1.266827182000E0  -9.965738432828E-1
   -1.261548110408E0  -9.965281314654E-1
   -1.256269038817E0  -9.964817132506E-1
   -1.250989967225E0  -9.964345760284E-1
   -1.245710895633E0  -9.963867069305E-1
   -1.240431824042E0  -9.963380928232E-1
   -1.235152752450E0  -9.962887203021E-1
   -1.229873680858E0  -9.962385756855E-1
   -1.224594609267E0  -9.961876450072E-1
   -1.219315537675E0  -9.961359140108E-1
   -1.214036466083E0  -9.960833681419E-1
   -1.208757394492E0  -9.960299925417E-1
   -1.203478322900E0  -9.959757720392E-1
   -1.198199251308E0  -9.959206911436E-1
   -1.192920179717E0  -9.958647340371E-1
   -1.187641108125E0  -9.958078845669E-1
   -1.182362036533E0  -9.957501262366E-1
   -1.177082964942E0  -9.956914421985E-1
   -1.171803893350E0  -9.956318152441E-1
   -1.166524821758E0  -9.955712277967E-1
   -1.161245750167E0  -9.955096619009E-1
   -1.155966678575E0  -9.954470992140E-1
   -1.150687606983E0  -9.953835209964E-1
   -1.145408535392E0  -9.953189081016E-1
   -1.140129463800E0  -9.952532409662E-1
   -1.134850392208E0  -9.951864995991E-1
   -1.129571320617E0  -9.951186635714E-1
   -1.124292249025E0  -9.950497120052E-1
   -1.119013177433E0  -9.949796235618E-1
   -1.113734105842E0  -9.949083764306E-1
   -1.108455034250E0  -9.948359483169E-1
   -1.103175962658E0  -9.947623164295E-1
   -1.097896891067E0  -9.946874574680E-1
   -1.092617819475E0  -9.946113476101E-1
   -1.087338747883E0  -9.945339624977E-1
   -1.082059676292E0  -9.944552772231E-1
   -1.076780604700E0  -9.943752663147E-1
   -1.071501533108E0  -9.942939037234E-1
   -1.066222461517E0  -9.942111628051E-1
   -1.060943389925E0  -9.941270163081E-1
   -1.055664318333E0  -9.940414363547E-1
   -1.050385246742E0  -9.939543944261E-1
   -1.045106175150E0  -9.938658613442E-1
   -1.039827103558E0  -9.937758072555E-1
   -1.034548031967E0  -9.936842016123E-1
   -1.029268960375E0  -9.935910131538E-1
   -1.023989888783E0  -9.934962098873E-1
   -1.018710817192E0  -9.933997590688E-1
   -1.013431745600E0  -9.933016271818E-1
   -1.008152674008E0  -9.932017799173E-1
   -1.002873602417E0  -9.931001821507E-1
  -9.975945308249E-1  -9.929967979218E-1
  -9.923154592332E-1  -9.928915904093E-1
  -9.870363876416E-1  -9.927845219085E-1
  -9.817573160499E-1  -9.926755538065E-1
  -9.764782444582E-1  -9.925646465566E-1
  -9.711991728666E-1  -9.924517596532E-1
  -9.659201012749E-1  -9.923368516033E-1
  -9.606410296832E-1  -9.922198799004E-1
  -9.553619580916E-1  -9.921008009946E-1
  -9.500828864999E-1  -9.919795702637E-1
  -9.448038149083E-1  -9.918561419826E-1
  -9.395247433166E-1  -9.917304692905E-1
  -9.342456717249E-1  -9.916025041612E-1
  -9.289666001333E-1  -9.914721973660E-1
  -9.236875285416E-1  -9.913394984414E-1
  -9.184084569499E-1  -9.912043556521E-1
  -9.131293853583E-1  -9.910667159542E-1
  -9.078503137666E-1  -9.909265249564E-1
  -9.025712421749E-1  -9.907837268807E-1
  -8.972921705833E-1  -9.906382645217E-1
  -8.920130989916E-1  -9.904900792038E-1
  -8.867340273999E-1  -9.903391107370E-1
  -8.814549558083E-1  -9.901852973725E-1
  -8.761758842166E-1  -9.900285757550E-1
  -8.708968126249E-1  -9.898688808744E-1
  -8.656177410333E-1  -9.897061460160E-1
  -8.603386694416E-1  -9.895403027079E-1
  -8.550595978499E-1  -9.893712806675E-1
  -8.497805262583E-1  -9.891990077458E-1
  -8.445014546666E-1  -9.890234098699E-1
  -8.392223830749E-1  -9.888444109836E-1
  -8.339433114833E-1  -9.886619329844E-1
  -8.286642398916E-1  -9.884758956605E-1
  -8.233851682999E-1  -9.882862166244E-1
  -8.181060967083E-1  -9.880928112436E-1
  -8.128270251166E-1  -9.878955925702E-1
  -8.075479535249E-1  -9.876944712660E-1
  -8.022688819333E-1  -9.874893555265E-1
  -7.969898103416E-1  -9.872801510009E-1
  -7.917107387499E-1  -9.870667607114E-1
  -7.864316671583E-1  -9.868490849651E-1
  -7.811525955666E-1  -9.866270212682E-1
  -7.758735239749E-1  -9.864004642319E-1
  -7.705944523833E-1  -9.861693054770E-1
  -7.653153807916E-1  -9.859334335365E-1
  -7.600363091999E-1  -9.856927337514E-1
  -7.547572376083E-1  -9.854470881633E-1
  -7.494781660166E-1  -9.851963754048E-1
  -7.441990944249E-1  -9.849404705823E-1
  -7.389200228333E-1  -9.846792451596E-1
  -7.336409512416E-1  -9.844125668286E-1
  -7.283618796499E-1  -9.841402993827E-1
  -7.230828080583E-1  -9.838623025824E-1
  -7.178037364666E-1  -9.835784320143E-1
  -7.125246648749E-1  -9.832885389451E-1
  -7.072455932833E-1  -9.829924701701E-1
  -7.019665216916E-1  -9.826900678572E-1
  -6.966874500999E-1  -9.823811693805E-1
  -6.914083785083E-1  -9.820656071504E-1
  -6.861293069166E-1  -9.817432084344E-1
  -6.808502353249E-1  -9.814137951753E-1
  -6.755711637333E-1  -9.810771837919E-1
  -6.702920921416E-1  -9.807331849833E-1
  -6.650130205499E-1  -9.803816035165E-1
  -6.597339489583E-1  -9.800222380067E-1
  -6.544548773666E-1  -9.796548806913E-1
  -6.491758057749E-1  -9.792793171904E-1
  -6.438967341833E-1  -9.788953262583E-1
  -6.386176625916E-1  -9.785026795246E-1
  -6.333385909999E-1  -9.781011412248E-1
  -6.280595194083E-1  -9.776904679138E-1
  -6.227804478166E-1  -9.772704081749E-1
  -6.175013762249E-1  -9.768407023097E-1
  -6.122223046333E-1  -9.764010820143E-1
  -6.069432330416E-1  -9.759512700439E-1
  -6.016641614499E-1  -9.754909798595E-1
  -5.963850898583E-1  -9.750199152620E-1
  -5.911060182666E-1  -9.745377699990E-1
  -5.858269466749E-1  -9.740442273700E-1
  -5.805478750833E-1  -9.735389597972E-1
  -5.752688034916E-1  -9.730216283858E-1
  -5.699897319000E-1  -9.724918824592E-1
  -5.647106603083E-1  -9.719493590733E-1
  -5.594315887166E-1  -9.713936825040E-1
  -5.541525171250E-1  -9.708244637182E-1
  -5.488734455333E-1  -9.702412998101E-1
  -5.435943739416E-1  -9.696437734092E-1
  -5.383153023500E-1  -9.690314520677E-1
  -5.330362307583E-1  -9.684038876125E-1
  -5.277571591666E-1  -9.677606154597E-1
  -5.224780875750E-1  -9.671011539002E-1
  -5.171990159833E-1  -9.664250033484E-1
  -5.119199443916E-1  -9.657316455477E-1
  -5.066408728000E-1  -9.650205427386E-1
  -5.013618012083E-1  -9.642911367841E-1
  -4.960827296166E-1  -9.635428482419E-1
  -4.908036580250E-1  -9.627750753945E-1
  -4.855245864333E-1  -9.619871932288E-1
  -4.802455148416E-1  -9.611785523422E-1
  -4.749664432500E-1  -9.603484778182E-1
  -4.696873716583E-1  -9.594962680134E-1
  -4.644083000666E-1  -9.586211932930E-1
  -4.591292284750E-1  -9.577224946855E-1
  -4.538501568833E-1  -9.567993824695E-1
  -4.485710852916E-1  -9.558510346720E-1
  -4.432920137000E-1  -9.548765954862E-1
  -4.380129421083E-1  -9.538751735938E-1
  -4.327338705166E-1  -9.528458403851E-1
  -4.274547989250E-1  -9.517876280834E-1
  -4.221757273333E-1  -9.506995277497E-1
  -4.168966557416E-1  -9.495804871617E-1
  -4.116175841500E-1  -9.484294085788E-1
  -4.063385125583E-1  -9.472451463539E-1
  -4.010594409666E-1  -9.460265043978E-1
  -3.957803693750E-1  -9.447722334958E-1
  -3.905012977833E-1  -9.434810284435E-1
  -3.852222261916E-1  -9.421515249935E-1
  -3.799431546000E-1  -9.407822966206E-1
  -3.746640830083E-1  -9.393718510480E-1
  -3.693850114166E-1  -9.379186265728E-1
  -3.641059398250E-1  -9.364209881226E-1
  -3.588268682333E-1  -9.348772230482E-1
  -3.535477966416E-1  -9.332855366277E-1
  -3.482687250500E-1  -9.316440472704E-1
  -3.429896534583E-1  -9.299507813469E-1
  -3.377105818666E-1  -9.282036677014E-1
  -3.324315102750E-1  -9.264005317108E-1
  -3.271524386833E-1  -9.245390889608E-1
  -3.218733670916E-1  -9.226169384080E-1
  -3.165942955000E-1  -9.206315550719E-1
  -3.113152239083E-1  -9.185802821163E-1
  -3.060361523166E-1  -9.164603223886E-1
  -3.007570807250E-1  -9.142687292191E-1
  -2.954780091333E-1  -9.120023965600E-1
  -2.901989375416E-1  -9.096580482641E-1
  -2.849198659500E-1  -9.072322265550E-1
  -2.796407943583E-1  -9.047212794761E-1
  -2.743617227666E-1  -9.021213473207E-1
  -2.690826511750E-1  -8.994283478770E-1
  -2.638035795833E-1  -8.966379604076E-1
  -2.585245079916E-1  -8.937456081899E-1
  -2.532454364000E-1  -8.907464394965E-1
  -2.479663648083E-1  -8.876353068161E-1
  -2.426872932166E-1  -8.844067441624E-1
  -2.374082216250E-1  -8.810549421899E-1
  -2.321291500333E-1  -8.775737209341E-1
  -2.268500784416E-1  -8.739564998201E-1
  -2.215710068500E-1  -8.701962647024E-1
  -2.162919352583E-1  -8.662855314567E-1
  -2.110128636666E-1  -8.622163058021E-1
  -2.057337920750E-1  -8.579800387692E-1
  -2.004547204833E-1  -8.535675773148E-1
  -1.951756488916E-1  -8.489691093876E-1
  -1.898965773000E-1  -8.441741026760E-1
  -1.846175057083E-1  -8.391712361388E-1
  -1.793384341167E-1  -8.339483233103E-1
  -1.740593625250E-1  -8.284922260337E-1
  -1.687802909333E-1  -8.227887573244E-1
  -1.635012193417E-1  -8.168225713633E-1
  -1.582221477500E-1  -8.105770388944E-1
  -1.529430761583E-1  -8.040341051165E-1
  -1.476640045667E-1  -7.971741274253E-1
  -1.423849329750E-1  -7.899756890231E-1
  -1.371058613833E-1  -7.824153842228E-1
  -1.318267897917E-1  -7.744675696206E-1
  -1.265477182000E-1  -7.661040745744E-1
  -1.212686466083E-1  -7.572938622948E-1
  -1.159895750167E-1  -7.480026309222E-1
  -1.107105034250E-1  -7.381923408401E-1
  -1.054314318333E-1  -7.278206508746E-1
  -1.001523602417E-1  -7.168402406077E-1
  -9.487328864999E-2  -7.051979891721E-1
  -8.959421705833E-2  -6.928339710314E-1
  -8.431514546666E-2  -6.796802159188E-1
  -7.903607387499E-2  -6.656591601874E-1
  -7.375700228333E-2  -6.506816895865E-1
  -6.847793069166E-2  -6.346446309345E-1
  -6.319885909999E-2  -6.174274881616E-1
  -5.791978750833E-2  -5.988881198539E-1
  -5.264071591666E-2  -5.788569002395E-1
  -4.736164432500E-2  -5.571286476086E-1
  -4.208257273333E-2  -5.334511651171E-1
  -3.680350114166E-2  -5.075084519710E-1
  -3.152442955000E-2  -4.788951669096E-1
  -2.624535795833E-2  -4.470759836020E-1
  -2.096628636667E-2  -4.113171791826E-1
  -1.568721477500E-2  -3.705630785469E-1
  -1.040814318333E-2  -3.231915408962E-1
  -5.129071591666E-3  -2.664665354779E-1
   1.499999999997E-4  -1.950757757306E-1
