#             e [au]            f [a.u.]
   -1.200500000000E1  -9.999999938505E-1
   -1.199298298298E1  -9.999999937898E-1
   -1.198096596597E1  -9.999999937285E-1
   -1.196894894895E1  -9.999999936666E-1
   -1.195693193193E1  -9.999999936041E-1
   -1.194491491491E1  -9.999999935409E-1
   -1.193289789790E1  -9.999999934771E-1
   -1.192088088088E1  -9.999999934125E-1
   -1.190886386386E1  -9.999999933474E-1
   -1.189684684685E1  -9.999999932815E-1
   -1.188482982983E1  -9.999999932149E-1
   -1.187281281281E1  -9.999999931477E-1
   -1.186079579580E1  -9.999999930797E-1
   -1.184877877878E1  -9.999999930111E-1
   -1.183676176176E1  -9.999999929417E-1
   -1.182474474474E1  -9.999999928716E-1
   -1.181272772773E1  -9.999999928008E-1
   -1.180071071071E1  -9.999999927292E-1
   -1.178869369369E1  -9.999999926569E-1
   -1.177667667668E1  -9.999999925838E-1
   -1.176465965966E1  -9.999999925100E-1
   -1.175264264264E1  -9.999999924354E-1
   -1.174062562563E1  -9.999999923600E-1
   -1.172860860861E1  -9.999999922838E-1
   -1.171659159159E1  -9.999999922068E-1
   -1.170457457457E1  -9.999999921291E-1
   -1.169255755756E1  -9.999999920504E-1
   -1.168054054054E1  -9.999999919710E-1
   -1.166852352352E1  -9.999999918907E-1
   -1.165650650651E1  -9.999999918096E-1
   -1.164448948949E1  -9.999999917277E-1
   -1.163247247247E1  -9.999999916448E-1
   -1.162045545546E1  -9.999999915611E-1
   -1.160843843844E1  -9.999999914765E-1
   -1.159642142142E1  -9.999999913911E-1
   -1.158440440440E1  -9.999999913047E-1
   -1.157238738739E1  -9.999999912174E-1
   -1.156037037037E1  -9.999999911292E-1
   -1.154835335335E1  -9.999999910400E-1
   -1.153633633634E1  -9.999999909499E-1
   -1.152431931932E1  -9.999999908589E-1
   -1.151230230230E1  -9.999999907669E-1
   -1.150028528529E1  -9.999999906739E-1
   -1.148826826827E1  -9.999999905799E-1
   -1.147625125125E1  -9.999999904850E-1
   -1.146423423423E1  -9.999999903890E-1
   -1.145221721722E1  -9.999999902920E-1
   -1.144020020020E1  -9.999999901940E-1
   -1.142818318318E1  -9.999999900949E-1
   -1.141616616617E1  -9.999999899948E-1
   -1.140414914915E1  -9.999999898936E-1
   -1.139213213213E1  -9.999999897914E-1
   -1.138011511512E1  -9.999999896880E-1
   -1.136809809810E1  -9.999999895836E-1
   -1.135608108108E1  -9.999999894780E-1
   -1.134406406406E1  -9.999999893713E-1
   -1.133204704705E1  -9.999999892635E-1
   -1.132003003003E1  -9.999999891545E-1
   -1.130801301301E1  -9.999999890443E-1
   -1.129599599600E1  -9.999999889330E-1
   -1.128397897898E1  -9.999999888205E-1
   -1.127196196196E1  -9.999999887068E-1
   -1.125994494494E1  -9.999999885918E-1
   -1.124792792793E1  -9.999999884756E-1
   -1.123591091091E1  -9.999999883582E-1
   -1.122389389389E1  -9.999999882395E-1
   -1.121187687688E1  -9.999999881196E-1
   -1.119985985986E1  -9.999999879983E-1
   -1.118784284284E1  -9.999999878758E-1
   -1.117582582583E1  -9.999999877519E-1
   -1.116380880881E1  -9.999999876267E-1
   -1.115179179179E1  -9.999999875002E-1
   -1.113977477477E1  -9.999999873723E-1
   -1.112775775776E1  -9.999999872430E-1
   -1.111574074074E1  -9.999999871123E-1
   -1.110372372372E1  -9.999999869802E-1
   -1.109170670671E1  -9.999999868467E-1
   -1.107968968969E1  -9.999999867117E-1
   -1.106767267267E1  -9.999999865753E-1
   -1.105565565566E1  -9.999999864374E-1
   -1.104363863864E1  -9.999999862980E-1
   -1.103162162162E1  -9.999999861571E-1
   -1.101960460460E1  -9.999999860147E-1
   -1.100758758759E1  -9.999999858707E-1
   -1.099557057057E1  -9.999999857252E-1
   -1.098355355355E1  -9.999999855781E-1
   -1.097153653654E1  -9.999999854294E-1
   -1.095951951952E1  -9.999999852790E-1
   -1.094750250250E1  -9.999999851271E-1
   -1.093548548549E1  -9.999999849734E-1
   -1.092346846847E1  -9.999999848182E-1
   -1.091145145145E1  -9.999999846612E-1
   -1.089943443443E1  -9.999999845025E-1
   -1.088741741742E1  -9.999999843421E-1
   -1.087540040040E1  -9.999999841799E-1
   -1.086338338338E1  -9.999999840160E-1
   -1.085136636637E1  -9.999999838502E-1
   -1.083934934935E1  -9.999999836827E-1
   -1.082733233233E1  -9.999999835133E-1
   -1.081531531532E1  -9.999999833421E-1
   -1.080329829830E1  -9.999999831690E-1
   -1.079128128128E1  -9.999999829940E-1
   -1.077926426426E1  -9.999999828170E-1
   -1.076724724725E1  -9.997985970370E-1
   -1.075523023023E1  -9.997485572131E-1
   -1.074321321321E1  -9.996889565705E-1
   -1.073119619620E1  -9.996185320913E-1
   -1.071917917918E1  -9.995359376413E-1
   -1.070716216216E1  -9.994397473020E-1
   -1.069514514515E1  -9.993426603768E-1
   -1.068312812813E1  -9.992166786439E-1
   -1.067111111111E1  -9.990906297522E-1
   -1.065909409409E1  -9.989289657334E-1
   -1.064707707708E1  -9.987684458026E-1
   -1.063506006006E1  -9.985647680889E-1
   -1.062304304304E1  -9.983638764392E-1
   -1.061102602603E1  -9.981417960469E-1
   -1.059900900901E1  -9.978970800201E-1
   -1.058699199199E1  -9.976282496610E-1
   -1.057497497497E1  -9.973337979041E-1
   -1.056295795796E1  -9.970121929079E-1
   -1.055094094094E1  -9.967070776316E-1
   -1.053892392392E1  -9.963299342827E-1
   -1.052690690691E1  -9.959210564978E-1
   -1.051488988989E1  -9.955343606653E-1
   -1.050287287287E1  -9.950610148229E-1
   -1.049085585586E1  -9.946140708957E-1
   -1.047883883884E1  -9.941367149009E-1
   -1.046682182182E1  -9.935574614555E-1
   -1.045480480480E1  -9.930115150007E-1
   -1.044278778779E1  -9.924310843166E-1
   -1.043077077077E1  -9.918148233789E-1
   -1.041875375375E1  -9.911613782256E-1
   -1.040673673674E1  -9.904693888430E-1
   -1.039471971972E1  -9.897374911069E-1
   -1.038270270270E1  -9.889643186469E-1
   -1.037068568569E1  -9.881485048631E-1
   -1.035866866867E1  -9.872886848472E-1
   -1.034665165165E1  -9.864951083927E-1
   -1.033463463463E1  -9.855476438951E-1
   -1.032261761762E1  -9.845521362202E-1
   -1.031060060060E1  -9.836319616345E-1
   -1.029858358358E1  -9.825408638499E-1
   -1.028656656657E1  -9.815312284425E-1
   -1.027454954955E1  -9.803392809282E-1
   -1.026253253253E1  -9.792350180355E-1
   -1.025051551552E1  -9.780836631479E-1
   -1.023849849850E1  -9.768839350146E-1
   -1.022648148148E1  -9.754791962158E-1
   -1.021446446446E1  -9.741745021593E-1
   -1.020244744745E1  -9.728175568398E-1
   -1.019043043043E1  -9.714070645964E-1
   -1.017841341341E1  -9.699417272427E-1
   -1.016639639640E1  -9.684202451510E-1
   -1.015437937938E1  -9.668413181955E-1
   -1.014236236236E1  -9.652036467568E-1
   -1.013034534535E1  -9.635059327865E-1
   -1.011832832833E1  -9.617468806322E-1
   -1.010631131131E1  -9.599251983583E-1
   -1.009429429429E1  -9.580395984770E-1
   -1.008227727728E1  -9.560887990628E-1
   -1.007026026026E1  -9.542815843203E-1
   -1.005824324324E1  -9.522004112187E-1
   -1.004622622623E1  -9.500501494848E-1
   -1.003420920921E1  -9.480511305662E-1
   -1.002219219219E1  -9.457625301156E-1
   -1.001017517518E1  -9.436300052183E-1
   -9.998158158158E0  -9.411977200434E-1
   -9.986141141141E0  -9.389260524009E-1
   -9.974124124124E0  -9.363447552025E-1
   -9.962107107107E0  -9.339282847919E-1
   -9.950090090090E0  -9.311926810841E-1
   -9.938073073073E0  -9.286257375555E-1
   -9.926056056056E0  -9.257305791847E-1
   -9.914039039039E0  -9.230074952899E-1
   -9.902022022022E0  -9.202057663158E-1
   -9.890005005005E0  -9.173238783563E-1
   -9.877987987988E0  -9.140962675476E-1
   -9.865970970971E0  -9.110467233254E-1
   -9.853953953954E0  -9.079125671315E-1
   -9.841936936937E0  -9.046922782606E-1
   -9.829919919920E0  -9.013843352021E-1
   -9.817902902903E0  -8.979872163904E-1
   -9.805885885886E0  -8.942214322278E-1
   -9.793868868869E0  -8.906394150173E-1
   -9.781851851852E0  -8.869638120184E-1
   -9.769834834835E0  -8.831931169970E-1
   -9.757817817818E0  -8.793258287097E-1
   -9.745800800801E0  -8.753604516761E-1
   -9.733783783784E0  -8.712954976066E-1
   -9.721766766767E0  -8.674181489653E-1
   -9.709749749750E0  -8.631504760419E-1
   -9.697732732733E0  -8.587786336244E-1
   -9.685715715716E0  -8.543011674939E-1
   -9.673698698699E0  -8.497166359060E-1
   -9.661681681682E0  -8.450236103526E-1
   -9.649664664665E0  -8.405132612195E-1
   -9.637647647648E0  -8.355987899064E-1
   -9.625630630631E0  -8.305714291024E-1
   -9.613613613614E0  -8.254298131678E-1
   -9.601596596597E0  -8.204646514891E-1
   -9.589579579580E0  -8.150894759653E-1
   -9.577562562563E0  -8.095958533750E-1
   -9.565545545546E0  -8.042725610626E-1
   -9.553528528529E0  -7.985365682662E-1
   -9.541511511512E0  -7.926781310599E-1
   -9.529494494494E0  -7.869823278528E-1
   -9.517477477477E0  -7.808731154139E-1
   -9.505460460460E0  -7.749210848151E-1
   -9.493443443443E0  -7.685556214523E-1
   -9.481426426426E0  -7.623412201757E-1
   -9.469409409409E0  -7.557142740793E-1
   -9.457392392392E0  -7.492316067574E-1
   -9.445375375375E0  -7.423382194365E-1
   -9.433358358358E0  -7.355816735183E-1
   -9.421341341341E0  -7.284171919331E-1
   -9.409324324324E0  -7.213814750423E-1
   -9.397307307307E0  -7.142031661761E-1
   -9.385290290290E0  -7.066217591870E-1
   -9.373273273273E0  -6.991568354061E-1
   -9.361256256256E0  -6.915455486515E-1
   -9.349239239239E0  -6.835381759924E-1
   -9.337222222222E0  -6.756337757056E-1
   -9.325205205205E0  -6.675797551329E-1
   -9.313188188188E0  -6.591388599525E-1
   -9.301171171171E0  -6.507863158114E-1
   -9.289154154154E0  -6.422814872959E-1
   -9.277137137137E0  -6.336235782908E-1
   -9.265120120120E0  -6.248118722973E-1
   -9.253103103103E0  -6.156318563930E-1
   -9.241086086086E0  -6.065152267705E-1
   -9.229069069069E0  -5.972433098342E-1
   -9.217052052052E0  -5.878157382616E-1
   -9.205035035035E0  -5.782322413322E-1
   -9.193018018018E0  -5.684926474492E-1
   -9.181001001001E0  -5.584142222898E-1
   -9.168983983984E0  -5.483675842675E-1
   -9.156966966967E0  -5.381650698627E-1
   -9.144949949950E0  -5.278069307632E-1
   -9.132932932933E0  -5.172935320275E-1
   -9.120915915916E0  -5.066253580536E-1
   -9.108898898899E0  -4.958030127573E-1
   -9.096881881882E0  -4.848272231874E-1
   -9.084864864865E0  -4.736988420521E-1
   -9.072847847848E0  -4.624188504926E-1
   -9.060830830831E0  -4.509883583583E-1
   -9.048813813814E0  -4.394086098620E-1
   -9.036796796797E0  -4.276809824654E-1
   -9.024779779780E0  -4.158069898960E-1
   -9.012762762763E0  -4.037882841418E-1
   -9.000745745746E0  -3.916266548282E-1
   -8.988728728729E0  -3.793240330681E-1
   -8.976711711712E0  -3.668824914671E-1
   -8.964694694695E0  -3.543042440743E-1
   -8.952677677678E0  -3.416660813829E-1
   -8.940660660661E0  -3.288161533160E-1
   -8.928643643644E0  -3.158371284191E-1
   -8.916626626627E0  -3.027318061257E-1
   -8.904609609610E0  -2.895031284226E-1
   -8.892592592593E0  -2.761541780859E-1
   -8.880575575576E0  -2.627330517579E-1
   -8.868558558559E0  -2.491486894074E-1
   -8.856541541542E0  -2.354543320543E-1
   -8.844524524525E0  -2.216536291117E-1
   -8.832507507508E0  -2.077503642437E-1
   -8.820490490490E0  -1.937730566915E-1
   -8.808473473473E0  -1.796728753530E-1
   -8.796456456456E0  -1.654825092535E-1
   -8.784439439439E0  -1.512062593369E-1
   -8.772422422422E0  -1.368608506289E-1
   -8.760405405405E0  -1.224235502788E-1
   -8.748388388388E0  -1.079142590363E-1
   -8.736371371371E0  -9.334352099655E-2
   -8.724354354354E0  -7.870280701177E-2
   -8.712337337337E0  -6.400499461306E-2
   -8.700320320320E0  -4.925513466798E-2
   -8.688303303303E0  -3.445909056107E-2
   -8.676286286286E0  -1.962006547902E-2
   -8.664269269269E0  -4.744989757965E-3
   -8.652252252252E0   1.016073517053E-2
   -8.640235235235E0   2.509139520414E-2
   -8.628218218218E0   4.004042163699E-2
   -8.616201201201E0   5.500341238176E-2
   -8.604184184184E0   6.997443389081E-2
   -8.592167167167E0   8.494293489186E-2
   -8.580150150150E0   9.991112912718E-2
   -8.568133133133E0   1.148612944082E-1
   -8.556116116116E0   1.298027831239E-1
   -8.544099099099E0   1.447095880133E-1
   -8.532082082082E0   1.596004812146E-1
   -8.520065065065E0   1.744590056014E-1
   -8.508048048048E0   1.892555127409E-1
   -8.496031031031E0   2.040282010238E-1
   -8.484014014014E0   2.187196681172E-1
   -8.471996996997E0   2.333832048884E-1
   -8.459979979980E0   2.479455315289E-1
   -8.447962962963E0   2.624770781150E-1
   -8.435945945946E0   2.768867631986E-1
   -8.423928928929E0   2.912640887149E-1
   -8.411911911912E0   3.054983726488E-1
   -8.399894894895E0   3.196999812433E-1
   -8.387877877878E0   3.337369768421E-1
   -8.375860860861E0   3.476649852973E-1
   -8.363843843844E0   3.615610383486E-1
   -8.351826826827E0   3.752607094052E-1
   -8.339809809810E0   3.889310852521E-1
   -8.327792792793E0   4.023832453879E-1
   -8.315775775776E0   4.158099083684E-1
   -8.303758758759E0   4.289966324577E-1
   -8.291741741742E0   4.420415949339E-1
   -8.279724724725E0   4.550674222362E-1
   -8.267707707708E0   4.678225384640E-1
   -8.255690690691E0   4.805648111977E-1
   -8.243673673674E0   4.930156168481E-1
   -8.231656656657E0   5.053065419944E-1
   -8.219639639640E0   5.175942372099E-1
   -8.207622622623E0   5.295619356381E-1
   -8.195605605606E0   5.413612066193E-1
   -8.183588588589E0   5.531683999221E-1
   -8.171571571572E0   5.646289707211E-1
   -8.159554554555E0   5.759143469540E-1
   -8.147537537538E0   5.872200145360E-1
   -8.135520520521E0   5.981546705064E-1
   -8.123503503504E0   6.089091294876E-1
   -8.111486486486E0   6.196971273465E-1
   -8.099469469469E0   6.300922401555E-1
   -8.087452452452E0   6.403038682003E-1
   -8.075435435435E0   6.505628218279E-1
   -8.063418418418E0   6.604097563127E-1
   -8.051401401401E0   6.700715570360E-1
   -8.039384384384E0   6.795480796186E-1
   -8.027367367367E0   6.890895376457E-1
   -8.015350350350E0   6.981991592373E-1
   -8.003333333333E0   7.071238814675E-1
   -7.991316316316E0   7.158642059533E-1
   -7.979299299299E0   7.246867138834E-1
   -7.967282282282E0   7.330629708031E-1
   -7.955265265265E0   7.412570103107E-1
   -7.943248248248E0   7.492698982741E-1
   -7.931231231231E0   7.573812124693E-1
   -7.919214214214E0   7.650372891541E-1
   -7.907197197197E0   7.725159433506E-1
   -7.895180180180E0   7.798187139117E-1
   -7.883163163163E0   7.869472445485E-1
   -7.871146146146E0   7.941915722416E-1
   -7.859129129129E0   8.009776719627E-1
   -7.847112112112E0   8.075948236498E-1
   -7.835095095095E0   8.140450303937E-1
   -7.823078078078E0   8.203303714554E-1
   -7.811061061061E0   8.264529954401E-1
   -7.799044044044E0   8.327075612018E-1
   -7.787027027027E0   8.385109565275E-1
   -7.775010010010E0   8.441582600278E-1
   -7.762992992993E0   8.496518510765E-1
   -7.750975975976E0   8.549941538232E-1
   -7.738958958959E0   8.601876312099E-1
   -7.726941941942E0   8.655239776780E-1
   -7.714924924925E0   8.704257186481E-1
   -7.702907907908E0   8.751860520985E-1
   -7.690890890891E0   8.798075592258E-1
   -7.678873873874E0   8.842928384599E-1
   -7.666856856857E0   8.886445022609E-1
   -7.654839839840E0   8.928651732441E-1
   -7.642822822823E0   8.969574806959E-1
   -7.630805805806E0   9.009240566865E-1
   -7.618788788789E0   9.050387649317E-1
   -7.606771771772E0   9.087588327084E-1
   -7.594754754755E0   9.123609395457E-1
   -7.582737737738E0   9.158477052506E-1
   -7.570720720721E0   9.192217380428E-1
   -7.558703703704E0   9.224856322919E-1
   -7.546686686687E0   9.256419658877E-1
   -7.534669669670E0   9.286932982075E-1
   -7.522652652653E0   9.316421680311E-1
   -7.510635635636E0   9.344910916793E-1
   -7.498618618619E0   9.372425608948E-1
   -7.486601601602E0   9.398990419034E-1
   -7.474584584585E0   9.424629730646E-1
   -7.462567567568E0   9.449367639134E-1
   -7.450550550551E0   9.473227937647E-1
   -7.438533533534E0   9.496234104684E-1
   -7.426516516517E0   9.518409295114E-1
   -7.414499499500E0   9.539776327639E-1
   -7.402482482482E0   9.560357678033E-1
   -7.390465465465E0   9.580175470631E-1
   -7.378448448448E0   9.599251471464E-1
   -7.366431431431E0   9.617607081831E-1
   -7.354414414414E0   9.635263334353E-1
   -7.342397397397E0   9.652240886570E-1
   -7.330380380380E0   9.668560018466E-1
   -7.318363363363E0   9.684240629162E-1
   -7.306346346346E0   9.699302234044E-1
   -7.294329329329E0   9.713763965211E-1
   -7.282312312312E0   9.727644566479E-1
   -7.270295295295E0   9.740962396032E-1
   -7.258278278278E0   9.753735425214E-1
   -7.246261261261E0   9.765981238952E-1
   -7.234244244244E0   9.777717036349E-1
   -7.222227227227E0   9.788959633806E-1
   -7.210210210210E0   9.799725463556E-1
   -7.198193193193E0   9.810030578529E-1
   -7.186176176176E0   9.819890653712E-1
   -7.174159159159E0   9.829320988692E-1
   -7.162142142142E0   9.838336512040E-1
   -7.150125125125E0   9.846951782956E-1
   -7.138108108108E0   9.855180995507E-1
   -7.126091091091E0   9.863037983034E-1
   -7.114074074074E0   9.870536221611E-1
   -7.102057057057E0   9.877688834241E-1
   -7.090040040040E0   9.884508596160E-1
   -7.078023023023E0   9.890025311417E-1
   -7.066006006006E0   9.896250309289E-1
   -7.053988988989E0   9.902178123049E-1
   -7.041971971972E0   9.907820168382E-1
   -7.029954954955E0   9.913187538328E-1
   -7.017937937938E0   9.918291007299E-1
   -7.005920920921E0   9.923141037092E-1
   -6.993903903904E0   9.927747781623E-1
   -6.981886886887E0   9.932121092597E-1
   -6.969869869870E0   9.936270525063E-1
   -6.957852852853E0   9.939531909646E-1
   -6.945835835836E0   9.943288430271E-1
   -6.933818818819E0   9.946847330706E-1
   -6.921801801802E0   9.950217029527E-1
   -6.909784784785E0   9.953405676331E-1
   -6.897767767768E0   9.956421157321E-1
   -6.885750750751E0   9.959271100160E-1
   -6.873733733734E0   9.961962879767E-1
   -6.861716716717E0   9.964027606622E-1
   -6.849699699700E0   9.966446076658E-1
   -6.837682682683E0   9.968726380098E-1
   -6.825665665666E0   9.970874937665E-1
   -6.813648648649E0   9.972897944456E-1
   -6.801631631632E0   9.974801375089E-1
   -6.789614614615E0   9.976234026911E-1
   -6.777597597598E0   9.977933342879E-1
   -6.765580580581E0   9.979529109957E-1
   -6.753563563564E0   9.981026479092E-1
   -6.741546546547E0   9.982430406504E-1
   -6.729529529530E0   9.983745658531E-1
   -6.717512512513E0   9.984716251853E-1
   -6.705495495495E0   9.985882093317E-1
   -6.693478478478E0   9.986971899023E-1
   -6.681461461461E0   9.987989733440E-1
   -6.669444444444E0   9.988939495054E-1
   -6.657427427427E0   9.989824920893E-1
   -6.645410410410E0   9.990465000612E-1
   -6.633393393393E0   9.991243518548E-1
   -6.621376376376E0   9.991967487987E-1
   -6.609359359359E0   9.992640055943E-1
   -6.597342342342E0   9.993264229930E-1
   -6.585325325325E0   9.993707570479E-1
   -6.573308308308E0   9.994252295207E-1
   -6.561291291291E0   9.994756415767E-1
   -6.549274274274E0   9.995222435094E-1
   -6.537257257257E0   9.995652736898E-1
   -6.525240240240E0   9.995952843987E-1
   -6.513223223223E0   9.996325254748E-1
   -6.501206206206E0   9.996668048657E-1
   -6.489189189189E0   9.996983182979E-1
   -6.477172172172E0   9.997199741754E-1
   -6.465155155155E0   9.997470517947E-1
   -6.453138138138E0   9.997718593671E-1
   -6.441121121121E0   9.997945557051E-1
   -6.429104104104E0   9.998099167289E-1
   -6.417087087087E0   9.998292647305E-1
   -6.405070070070E0   9.998468995788E-1
   -6.393053053053E0   9.998629484323E-1
   -6.381036036036E0   9.998736411201E-1
   -6.369019019019E0   9.998872039711E-1
   -6.357002002002E0   9.998994959280E-1
   -6.344984984985E0   9.999106173062E-1
   -6.332967967968E0   9.999179078238E-1
   -6.320950950951E0   9.999272169380E-1
   -6.308933933934E0   9.999356010094E-1
   -6.296916916917E0   9.999431378704E-1
   -6.284899899900E0   9.999479964145E-1
   -6.272882882883E0   9.999542387462E-1
   -6.260865865866E0   9.999598218599E-1
   -6.248848848849E0   9.999648050256E-1
   -6.236831831832E0   9.999679620094E-1
   -6.224814814815E0   9.999720411694E-1
   -6.212797797798E0   9.999756614980E-1
   -6.200780780781E0   9.999779254547E-1
   -6.188763763764E0   9.999808617480E-1
   -6.176746746747E0   9.999834519066E-1
   -6.164729729730E0   9.999857310226E-1
   -6.152712712713E0   9.999871300032E-1
   -6.140695695696E0   9.999889526214E-1
   -6.128678678679E0   9.999905454646E-1
   -6.116661661662E0   9.999915096320E-1
   -6.104644644645E0   9.999927692886E-1
   -6.092627627628E0   9.999938620174E-1
   -6.080610610611E0   9.999948070510E-1
   -6.068593593594E0   9.999953677166E-1
   -6.056576576577E0   9.999961023732E-1
   -6.044559559560E0   9.999967324583E-1
   -6.032542542543E0   9.999971006438E-1
   -6.020525525526E0   9.999975838228E-1
   -6.008508508509E0   9.999979944730E-1
   -5.996491491491E0   9.999982306784E-1
   -5.984474474474E0   9.999985409267E-1
   -5.972457457457E0   9.999988019934E-1
   -5.960440440440E0   9.999989497098E-1
   -5.948423423423E0   9.999991437569E-1
   -5.936406406406E0   9.999993052708E-1
   -5.924389389389E0   9.999993951005E-1
   -5.912372372372E0   9.999995130228E-1
   -5.900355355355E0   9.999996100042E-1
   -5.888338338338E0   9.999996629781E-1
   -5.876321321321E0   9.999997324050E-1
   -5.864304304304E0   9.999997887525E-1
   -5.852287287287E0   9.999998189515E-1
   -5.840270270270E0   9.999998584230E-1
   -5.828253253253E0   9.999998899932E-1
   -5.816236236236E0   9.999999065762E-1
   -5.804219219219E0   9.999999281661E-1
   -5.792202202202E0   9.999999451562E-1
   -5.780185185185E0   9.999999538919E-1
   -5.768168168168E0   9.999999652050E-1
   -5.756151151151E0   9.999999739483E-1
   -5.744134134134E0   9.999999783424E-1
   -5.732117117117E0   9.999999839937E-1
   -5.720100100100E0   9.999999867920E-1
   -5.708083083083E0   9.999999903732E-1
   -5.696066066066E0   9.999999930493E-1
   -5.684049049049E0   9.999999943408E-1
   -5.672032032032E0   9.999999959771E-1
   -5.660015015015E0   9.999999971706E-1
   -5.647997997998E0   9.999999977307E-1
   -5.635980980981E0   9.999999984317E-1
   -5.623963963964E0   9.999999987547E-1
   -5.611946946947E0   9.999999991556E-1
   -5.599929929930E0   9.999999994348E-1
   -5.587912912913E0   9.999999995593E-1
   -5.575895895896E0   9.999999997113E-1
   -5.563878878879E0   9.999999998136E-1
   -5.551861861862E0   9.999999998577E-1
   -5.539844844845E0   9.999999999104E-1
   -5.527827827828E0   9.999999999325E-1
   -5.515810810811E0   9.999999999586E-1
   -5.503793793794E0   9.999999999751E-1
   -5.491776776777E0   9.999999999817E-1
   -5.479759759760E0   9.999999999893E-1
   -5.467742742743E0   9.999999999923E-1
   -5.455725725726E0   9.999999999957E-1
   -5.443708708709E0   9.999999999976E-1
   -5.431691691692E0   9.999999999983E-1
   -5.419674674675E0   9.999999999991E-1
   -5.407657657658E0   9.999999999994E-1
   -5.395640640641E0   9.999999999997E-1
   -5.383623623624E0   9.999999999998E-1
   -5.371606606607E0   9.999999999999E-1
   -5.359589589590E0    1.000000000000E0
   -5.347572572573E0    1.000000000000E0
   -5.335555555556E0    1.000000000000E0
   -5.323538538539E0    1.000000000000E0
   -5.311521521522E0    1.000000000000E0
   -5.299504504505E0    1.000000000000E0
   -5.287487487487E0    1.000000000000E0
   -5.275470470470E0    1.000000000000E0
   -5.263453453453E0    1.000000000000E0
   -5.251436436436E0    1.000000000000E0
   -5.239419419419E0    1.000000000000E0
   -5.227402402402E0    1.000000000000E0
   -5.215385385385E0    1.000000000000E0
   -5.203368368368E0    1.000000000000E0
   -5.191351351351E0    1.000000000000E0
   -5.179334334334E0    1.000000000000E0
   -5.167317317317E0    1.000000000000E0
   -5.155300300300E0    1.000000000000E0
   -5.143283283283E0    1.000000000000E0
   -5.131266266266E0    1.000000000000E0
   -5.119249249249E0    1.000000000000E0
   -5.107232232232E0    1.000000000000E0
   -5.095215215215E0    1.000000000000E0
   -5.083198198198E0    1.000000000000E0
   -5.071181181181E0    1.000000000000E0
   -5.059164164164E0    1.000000000000E0
   -5.047147147147E0    1.000000000000E0
   -5.035130130130E0    1.000000000000E0
   -5.023113113113E0    1.000000000000E0
   -5.011096096096E0    1.000000000000E0
   -4.999079079079E0    1.000000000000E0
   -4.987062062062E0    1.000000000000E0
   -4.975045045045E0    1.000000000000E0
   -4.963028028028E0    1.000000000000E0
   -4.951011011011E0    1.000000000000E0
   -4.938993993994E0    1.000000000000E0
   -4.926976976977E0    1.000000000000E0
   -4.914959959960E0    1.000000000000E0
   -4.902942942943E0    1.000000000000E0
   -4.890925925926E0    1.000000000000E0
   -4.878908908909E0    1.000000000000E0
   -4.866891891892E0    1.000000000000E0
   -4.854874874875E0    1.000000000000E0
   -4.842857857858E0    1.000000000000E0
   -4.830840840841E0    1.000000000000E0
   -4.818823823824E0    1.000000000000E0
   -4.806806806807E0    1.000000000000E0
   -4.794789789790E0    1.000000000000E0
   -4.782772772773E0    1.000000000000E0
   -4.770755755756E0    1.000000000000E0
   -4.758738738739E0    1.000000000000E0
   -4.746721721722E0    1.000000000000E0
   -4.734704704705E0    1.000000000000E0
   -4.722687687688E0    1.000000000000E0
   -4.710670670671E0    1.000000000000E0
   -4.698653653654E0   -1.000000000000E0
   -4.686636636637E0   -1.000000000000E0
   -4.674619619620E0   -1.000000000000E0
   -4.662602602603E0   -1.000000000000E0
   -4.650585585586E0   -1.000000000000E0
   -4.638568568569E0   -1.000000000000E0
   -4.626551551552E0   -1.000000000000E0
   -4.614534534535E0   -1.000000000000E0
   -4.602517517518E0   -1.000000000000E0
   -4.590500500501E0   -1.000000000000E0
   -4.578483483483E0   -1.000000000000E0
   -4.566466466466E0   -1.000000000000E0
   -4.554449449449E0   -1.000000000000E0
   -4.542432432432E0   -1.000000000000E0
   -4.530415415415E0   -1.000000000000E0
   -4.518398398398E0   -1.000000000000E0
   -4.506381381381E0   -1.000000000000E0
   -4.494364364364E0   -1.000000000000E0
   -4.482347347347E0   -1.000000000000E0
   -4.470330330330E0   -1.000000000000E0
   -4.458313313313E0   -1.000000000000E0
   -4.446296296296E0   -1.000000000000E0
   -4.434279279279E0   -1.000000000000E0
   -4.422262262262E0   -1.000000000000E0
   -4.410245245245E0   -1.000000000000E0
   -4.398228228228E0   -1.000000000000E0
   -4.386211211211E0   -1.000000000000E0
   -4.374194194194E0   -1.000000000000E0
   -4.362177177177E0   -1.000000000000E0
   -4.350160160160E0   -1.000000000000E0
   -4.338143143143E0   -1.000000000000E0
   -4.326126126126E0   -1.000000000000E0
   -4.314109109109E0   -1.000000000000E0
   -4.302092092092E0   -1.000000000000E0
   -4.290075075075E0   -1.000000000000E0
   -4.278058058058E0   -1.000000000000E0
   -4.266041041041E0   -1.000000000000E0
   -4.254024024024E0   -1.000000000000E0
   -4.242007007007E0   -1.000000000000E0
   -4.229989989990E0   -1.000000000000E0
   -4.217972972973E0   -1.000000000000E0
   -4.205955955956E0   -1.000000000000E0
   -4.193938938939E0   -1.000000000000E0
   -4.181921921922E0   -1.000000000000E0
   -4.169904904905E0   -1.000000000000E0
   -4.157887887888E0   -1.000000000000E0
   -4.145870870871E0   -1.000000000000E0
   -4.133853853854E0   -1.000000000000E0
   -4.121836836837E0   -1.000000000000E0
   -4.109819819820E0   -1.000000000000E0
   -4.097802802803E0   -1.000000000000E0
   -4.085785785786E0   -1.000000000000E0
   -4.073768768769E0   -1.000000000000E0
   -4.061751751752E0   -1.000000000000E0
   -4.049734734735E0   -1.000000000000E0
   -4.037717717718E0   -1.000000000000E0
   -4.025700700701E0   -1.000000000000E0
   -4.013683683684E0   -1.000000000000E0
   -4.001666666667E0   -1.000000000000E0
   -3.989649649650E0   -1.000000000000E0
   -3.977632632633E0  -9.999999999999E-1
   -3.965615615616E0  -9.999999999999E-1
   -3.953598598599E0  -9.999999999999E-1
   -3.941581581582E0  -9.999999999998E-1
   -3.929564564565E0  -9.999999999996E-1
   -3.917547547548E0  -9.999999999995E-1
   -3.905530530531E0  -9.999999999991E-1
   -3.893513513514E0  -9.999999999988E-1
   -3.881496496496E0  -9.999999999984E-1
   -3.869479479479E0  -9.999999999972E-1
   -3.857462462462E0  -9.999999999963E-1
   -3.845445445445E0  -9.999999999938E-1
   -3.833428428428E0  -9.999999999920E-1
   -3.821411411411E0  -9.999999999870E-1
   -3.809394394394E0  -9.999999999834E-1
   -3.797377377377E0  -9.999999999788E-1
   -3.785360360360E0  -9.999999999668E-1
   -3.773343343343E0  -9.999999999581E-1
   -3.761326326326E0  -9.999999999360E-1
   -3.749309309309E0  -9.999999999201E-1
   -3.737292292292E0  -9.999999998804E-1
   -3.725275275275E0  -9.999999998523E-1
   -3.713258258258E0  -9.999999998181E-1
   -3.701241241241E0  -9.999999997345E-1
   -3.689224224224E0  -9.999999996762E-1
   -3.677207207207E0  -9.999999995354E-1
   -3.665190190190E0  -9.999999994382E-1
   -3.653173173173E0  -9.999999992070E-1
   -3.641156156156E0  -9.999999990487E-1
   -3.629139139139E0  -9.999999988617E-1
   -3.617122122122E0  -9.999999984254E-1
   -3.605105105105E0  -9.999999981295E-1
   -3.593088088088E0  -9.999999974480E-1
   -3.581071071071E0  -9.999999969890E-1
   -3.569054054054E0  -9.999999964551E-1
   -3.557037037037E0  -9.999999952459E-1
   -3.545020020020E0  -9.999999944376E-1
   -3.533003003003E0  -9.999999926286E-1
   -3.520985985986E0  -9.999999914252E-1
   -3.508968968969E0  -9.999999900441E-1
   -3.496951951952E0  -9.999999869997E-1
   -3.484934934935E0  -9.999999849861E-1
   -3.472917917918E0  -9.999999805959E-1
   -3.460900900901E0  -9.999999777025E-1
   -3.448883883884E0  -9.999999744191E-1
   -3.436866866867E0  -9.999999673597E-1
   -3.424849849850E0  -9.999999627260E-1
   -3.412832832833E0  -9.999999528646E-1
   -3.400815815816E0  -9.999999464070E-1
   -3.388798798799E0  -9.999999391503E-1
   -3.376781781782E0  -9.999999239070E-1
   -3.364764764765E0  -9.999999139512E-1
   -3.352747747748E0  -9.999998932378E-1
   -3.340730730731E0  -9.999998797281E-1
   -3.328713713714E0  -9.999998646749E-1
   -3.316696696697E0  -9.999998337395E-1
   -3.304679679680E0  -9.999998135902E-1
   -3.292662662663E0  -9.999997725571E-1
   -3.280645645646E0  -9.999997458447E-1
   -3.268628628629E0  -9.999997163004E-1
   -3.256611611612E0  -9.999996568374E-1
   -3.244594594595E0  -9.999996181372E-1
   -3.232577577578E0  -9.999995409225E-1
   -3.220560560561E0  -9.999994906568E-1
   -3.208543543544E0  -9.999994354231E-1
   -3.196526526527E0  -9.999993264585E-1
   -3.184509509510E0  -9.999992554740E-1
   -3.172492492492E0  -9.999991777356E-1
   -3.160475475475E0  -9.999990260650E-1
   -3.148458458458E0  -9.999989271401E-1
   -3.136441441441E0  -9.999987357249E-1
   -3.124424424424E0  -9.999986107183E-1
   -3.112407407407E0  -9.999984745482E-1
   -3.100390390390E0  -9.999982138921E-1
   -3.088373373373E0  -9.999980433233E-1
   -3.076356356356E0  -9.999978580367E-1
   -3.064339339339E0  -9.999975071189E-1
   -3.052322322322E0  -9.999972769237E-1
   -3.040305305305E0  -9.999968444178E-1
   -3.028288288288E0  -9.999965600974E-1
   -3.016271271271E0  -9.999962526108E-1
   -3.004254254254E0  -9.999956808902E-1
   -2.992237237237E0  -9.999953038799E-1
   -2.980220220220E0  -9.999948970911E-1
   -2.968203203203E0  -9.999941485297E-1
   -2.956186186186E0  -9.999936531868E-1
   -2.944169169169E0  -9.999927487365E-1
   -2.932152152152E0  -9.999921485257E-1
   -2.920135135135E0  -9.999915033035E-1
   -2.908118118118E0  -9.999903371798E-1
   -2.896101101101E0  -9.999895601764E-1
   -2.884084084084E0  -9.999887265177E-1
   -2.872067067067E0  -9.999872350820E-1
   -2.860050050050E0  -9.999862369797E-1
   -2.848033033033E0  -9.999851680444E-1
   -2.836016016016E0  -9.999832749646E-1
   -2.823998998999E0  -9.999820021729E-1
   -2.811981981982E0  -9.999797651768E-1
   -2.799964964965E0  -9.999782556139E-1
   -2.787947947948E0  -9.999766436583E-1
   -2.775930930931E0  -9.999738389281E-1
   -2.763913913914E0  -9.999719365479E-1
   -2.751896896897E0  -9.999699082457E-1
   -2.739879879880E0  -9.999664143271E-1
   -2.727862862863E0  -9.999640317488E-1
   -2.715845845846E0  -9.999614951315E-1
   -2.703828828829E0  -9.999571691278E-1
   -2.691811811812E0  -9.999542025784E-1
   -2.679794794795E0  -9.999510485314E-1
   -2.667777777778E0  -9.999457230380E-1
   -2.655760760761E0  -9.999420497804E-1
   -2.643743743744E0  -9.999381493659E-1
   -2.631726726727E0  -9.999316290494E-1
   -2.619709709710E0  -9.999271044688E-1
   -2.607692692693E0  -9.999195973049E-1
   -2.595675675676E0  -9.999143636758E-1
   -2.583658658659E0  -9.999088179834E-1
   -2.571641641642E0  -9.998997077456E-1
   -2.559624624625E0  -9.998933159760E-1
   -2.547607607608E0  -9.998865504839E-1
   -2.535590590591E0  -9.998755464042E-1
   -2.523573573574E0  -9.998677752173E-1
   -2.511556556557E0  -9.998595581334E-1
   -2.499539539540E0  -9.998463252006E-1
   -2.487522522523E0  -9.998369170273E-1
   -2.475505505506E0  -9.998269787091E-1
   -2.463488488488E0  -9.998111320117E-1
   -2.451471471471E0  -9.997997878484E-1
   -2.439454454454E0  -9.997878154578E-1
   -2.427437437437E0  -9.997689138919E-1
   -2.415420420420E0  -9.997552875048E-1
   -2.403403403403E0  -9.997409189799E-1
   -2.391386386386E0  -9.997184582480E-1
   -2.379369369369E0  -9.997021496518E-1
   -2.367352352352E0  -9.996849669224E-1
   -2.355335335335E0  -9.996583717446E-1
   -2.343318318318E0  -9.996389198517E-1
   -2.331301301301E0  -9.996184412007E-1
   -2.319284284284E0  -9.995870566476E-1
   -2.307267267267E0  -9.995639310072E-1
   -2.295250250250E0  -9.995396024740E-1
   -2.283233233233E0  -9.995026843167E-1
   -2.271216216216E0  -9.994752758092E-1
   -2.259199199199E0  -9.994464615152E-1
   -2.247182182182E0  -9.994031654870E-1
   -2.235165165165E0  -9.993707758632E-1
   -2.223148148148E0  -9.993367471300E-1
   -2.211131131131E0  -9.992861169530E-1
   -2.199114114114E0  -9.992479470606E-1
   -2.187097097097E0  -9.992078701672E-1
   -2.175080080080E0  -9.991488242227E-1
   -2.163063063063E0  -9.991039607690E-1
   -2.151046046046E0  -9.990568831770E-1
   -2.139029029029E0  -9.989881996309E-1
   -2.127012012012E0  -9.989356002847E-1
   -2.114994994995E0  -9.988804351498E-1
   -2.102977977978E0  -9.988007353655E-1
   -2.090960960961E0  -9.987392120077E-1
   -2.078943943944E0  -9.986747207396E-1
   -2.066926926927E0  -9.985824507617E-1
   -2.054909909910E0  -9.985106506320E-1
   -2.042892892893E0  -9.984354232928E-1
   -2.030875875876E0  -9.983566128844E-1
   -2.018858858859E0  -9.982452176582E-1
   -2.006841841842E0  -9.981576508925E-1
   -1.994824824825E0  -9.980659544967E-1
   -1.982807807808E0  -9.979375923585E-1
   -1.970790790791E0  -9.978358645589E-1
   -1.958773773774E0  -9.977293842311E-1
   -1.946756756757E0  -9.975817542474E-1
   -1.934739739740E0  -9.974637976093E-1
   -1.922722722723E0  -9.973403791783E-1
   -1.910705705706E0  -9.971708960246E-1
   -1.898688688689E0  -9.970343650907E-1
   -1.886671671672E0  -9.968915654060E-1
   -1.874654654655E0  -9.966973257557E-1
   -1.862637637638E0  -9.965395620090E-1
   -1.850620620621E0  -9.963746121084E-1
   -1.838603603604E0  -9.962021598019E-1
   -1.826586586587E0  -9.959703489737E-1
   -1.814569569570E0  -9.957801125648E-1
   -1.802552552553E0  -9.955812874378E-1
   -1.790535535536E0  -9.953165236627E-1
   -1.778518518519E0  -9.950974504447E-1
   -1.766501501502E0  -9.948685552485E-1
   -1.754484484484E0  -9.945665763358E-1
   -1.742467467467E0  -9.943146494157E-1
   -1.730450450450E0  -9.940515012572E-1
   -1.718433433433E0  -9.937075274879E-1
   -1.706416416416E0  -9.934182041944E-1
   -1.694399399399E0  -9.931160729173E-1
   -1.682382382382E0  -9.928005801965E-1
   -1.670365365365E0  -9.923928905451E-1
   -1.658348348348E0  -9.920464294415E-1
   -1.646331331331E0  -9.916847329726E-1
   -1.634314314314E0  -9.912215518570E-1
   -1.622297297297E0  -9.908247196642E-1
   -1.610280280280E0  -9.904105293527E-1
   -1.598263263263E0  -9.898848592796E-1
   -1.586246246246E0  -9.894308326158E-1
   -1.574229229229E0  -9.889570442722E-1
   -1.562212212212E0  -9.884626489841E-1
   -1.550195195195E0  -9.878421172592E-1
   -1.538178178178E0  -9.873007101439E-1
   -1.526161161161E0  -9.867358622885E-1
   -1.514144144144E0  -9.860330683431E-1
   -1.502127127127E0  -9.854149902076E-1
   -1.490110110110E0  -9.847702658233E-1
   -1.478093093093E0  -9.839749739115E-1
   -1.466076076076E0  -9.832700121409E-1
   -1.454059059059E0  -9.825347799610E-1
   -1.442042042042E0  -9.817679935527E-1
   -1.430025025025E0  -9.808321583421E-1
   -1.418008008008E0  -9.799944298083E-1
   -1.405990990991E0  -9.791208818093E-1
   -1.393973973974E0  -9.780636079183E-1
   -1.381956956957E0  -9.771098699424E-1
   -1.369939939940E0  -9.761154958736E-1
   -1.357922922923E0  -9.750787720573E-1
   -1.345905905906E0  -9.738368544114E-1
   -1.333888888889E0  -9.727058109863E-1
   -1.321871871872E0  -9.715267583965E-1
   -1.309854854855E0  -9.701256482173E-1
   -1.297837837838E0  -9.688400988304E-1
   -1.285820820821E0  -9.675001591369E-1
   -1.273803803804E0  -9.661035506191E-1
   -1.261786786787E0  -9.644602525713E-1
   -1.249769769770E0  -9.629385511628E-1
   -1.237752752753E0  -9.613527004056E-1
   -1.225735735736E0  -9.595010432698E-1
   -1.213718718719E0  -9.577741200959E-1
   -1.201701701702E0  -9.559746311686E-1
   -1.189684684685E0  -9.540995632761E-1
   -1.177667667668E0  -9.519308208888E-1
   -1.165650650651E0  -9.498903129619E-1
   -1.153633633634E0  -9.477643925625E-1
   -1.141616616617E0  -9.453234660263E-1
   -1.129599599600E0  -9.430112468298E-1
   -1.117582582583E0  -9.406025858657E-1
   -1.105565565566E0  -9.380935286572E-1
   -1.093548548549E0  -9.352384605695E-1
   -1.081531531532E0  -9.325113868248E-1
   -1.069514514515E0  -9.296710945081E-1
   -1.057497497497E0  -9.267129853037E-1
   -1.045480480480E0  -9.233761278910E-1
   -1.033463463463E0  -9.201632770355E-1
   -1.021446446446E0  -9.168177596679E-1
   -1.009429429429E0  -9.130691085258E-1
  -9.974124124124E-1  -9.094377004584E-1
  -9.853953953954E-1  -9.056571059814E-1
  -9.733783783784E-1  -9.017214081570E-1
  -9.613613613614E-1  -8.973474352291E-1
  -9.493443443443E-1  -8.930789074515E-1
  -9.373273273273E-1  -8.886363227738E-1
  -9.253103103103E-1  -8.840129044491E-1
  -9.132932932933E-1  -8.789150427082E-1
  -9.012762762763E-1  -8.739052214284E-1
  -8.892592592593E-1  -8.686929790441E-1
  -8.772422422422E-1  -8.629804323034E-1
  -8.652252252252E-1  -8.573370883982E-1
  -8.532082082082E-1  -8.514676731344E-1
  -8.411911911912E-1  -8.453637799867E-1
  -8.291741741742E-1  -8.387230069656E-1
  -8.171571571572E-1  -8.321219064568E-1
  -8.051401401401E-1  -8.252598675863E-1
  -7.931231231231E-1  -8.181275341822E-1
  -7.811061061061E-1  -8.104223985513E-1
  -7.690890890891E-1  -8.027194873689E-1
  -7.570720720721E-1  -7.947170940384E-1
  -7.450550550551E-1  -7.861180786621E-1
  -7.330380380380E-1  -7.774857596417E-1
  -7.210210210210E-1  -7.685229187629E-1
  -7.090040040040E-1  -7.592187405521E-1
  -6.969869869870E-1  -7.492857923390E-1
  -6.849699699700E-1  -7.392672111246E-1
  -6.729529529530E-1  -7.288742560088E-1
  -6.609359359359E-1  -7.180955614045E-1
  -6.489189189189E-1  -7.066598666808E-1
  -6.369019019019E-1  -6.950781754259E-1
  -6.248848848849E-1  -6.830766217942E-1
  -6.128678678679E-1  -6.706436766495E-1
  -6.008508508509E-1  -6.575311123431E-1
  -5.888338338338E-1  -6.442054480246E-1
  -5.768168168168E-1  -6.304145780650E-1
  -5.647997997998E-1  -6.161473740847E-1
  -5.527827827828E-1  -6.011854889820E-1
  -5.407657657658E-1  -5.859390801065E-1
  -5.287487487487E-1  -5.701847953113E-1
  -5.167317317317E-1  -5.539126733437E-1
  -5.047147147147E-1  -5.369404806798E-1
  -4.926976976977E-1  -5.196118000795E-1
  -4.806806806807E-1  -5.017385703292E-1
  -4.686636636637E-1  -4.833129555436E-1
  -4.566466466466E-1  -4.641936602166E-1
  -4.446296296296E-1  -4.446506413983E-1
  -4.326126126126E-1  -4.245364196502E-1
  -4.205955955956E-1  -4.037440219029E-1
  -4.085785785786E-1  -3.824826168939E-1
  -3.965615615616E-1  -3.606392491486E-1
  -3.845445445445E-1  -3.382124478228E-1
  -3.725275275275E-1  -3.151378769796E-1
  -3.605105105105E-1  -2.915520892969E-1
  -3.484934934935E-1  -2.673856032515E-1
  -3.364764764765E-1  -2.426419487856E-1
  -3.244594594595E-1  -2.172949155900E-1
  -3.124424424424E-1  -1.914188441612E-1
  -3.004254254254E-1  -1.649839265246E-1
  -2.884084084084E-1  -1.379990670288E-1
  -2.763913913914E-1  -1.104662983890E-1
  -2.643743743744E-1  -8.241653086884E-2
  -2.523573573574E-1  -5.385022767564E-2
  -2.403403403403E-1  -2.478077312281E-2
  -2.283233233233E-1   4.777737512340E-3
  -2.163063063063E-1   3.481132123494E-2
  -2.042892892893E-1   6.530568046434E-2
  -1.922722722723E-1   9.624660913278E-2
  -1.802552552553E-1   1.276316755676E-1
  -1.682382382382E-1   1.594331014960E-1
  -1.562212212212E-1   1.916489985560E-1
  -1.442042042042E-1   2.242751305584E-1
  -1.321871871872E-1   2.573135185724E-1
  -1.201701701702E-1   2.908285797870E-1
  -1.081531531532E-1   3.247490179357E-1
  -9.613613613614E-2   3.591614144592E-1
  -8.411911911912E-2   3.941381431168E-1
  -7.210210210210E-2   4.299101376470E-1
  -6.008508508508E-2   4.664599242904E-1
  -4.806806806807E-2   5.042117273184E-1
  -3.605105105105E-2   5.437576511479E-1
  -2.403403403403E-2   5.865172180121E-1
  -1.201701701702E-2   6.354276325908E-1
    0.000000000000E0   7.271631596537E-1
