#             e [au]            f [a.u.]
   -9.001196260037E0  -9.999999148311E-1
   -8.992185978496E0  -9.999999141044E-1
   -8.983175696954E0  -9.999999133711E-1
   -8.974165415413E0  -9.999999126312E-1
   -8.965155133871E0  -9.999999118846E-1
   -8.956144852329E0  -9.999999111312E-1
   -8.947134570788E0  -9.999999103710E-1
   -8.938124289246E0  -9.999999096039E-1
   -8.929114007705E0  -9.999999088298E-1
   -8.920103726163E0  -9.999999080488E-1
   -8.911093444621E0  -9.999999072606E-1
   -8.902083163080E0  -9.999999064653E-1
   -8.893072881538E0  -9.999999056627E-1
   -8.884062599997E0  -9.999999048529E-1
   -8.875052318455E0  -9.999999040356E-1
   -8.866042036914E0  -9.999999032110E-1
   -8.857031755372E0  -9.999999023788E-1
   -8.848021473830E0  -9.999999015390E-1
   -8.839011192289E0  -9.999999006916E-1
   -8.830000910747E0  -9.999998998365E-1
   -8.820990629206E0  -9.999998989735E-1
   -8.811980347664E0  -9.999998981027E-1
   -8.802970066123E0  -9.999998972239E-1
   -8.793959784581E0  -9.999998963371E-1
   -8.784949503039E0  -9.999998954421E-1
   -8.775939221498E0  -9.999998945390E-1
   -8.766928939956E0  -9.999998936276E-1
   -8.757918658415E0  -9.999998927078E-1
   -8.748908376873E0  -9.999998917797E-1
   -8.739898095331E0  -9.999998908430E-1
   -8.730887813790E0  -9.999998898977E-1
   -8.721877532248E0  -9.999998889437E-1
   -8.712867250707E0  -9.999998879810E-1
   -8.703856969165E0  -9.999998870094E-1
   -8.694846687624E0  -9.999998860288E-1
   -8.685836406082E0  -9.999998850393E-1
   -8.676826124540E0  -9.999998840406E-1
   -8.667815842999E0  -9.999998830328E-1
   -8.658805561457E0  -9.999998820156E-1
   -8.649795279916E0  -9.999998809891E-1
   -8.640784998374E0  -9.999998799531E-1
   -8.631774716833E0  -9.999998789075E-1
   -8.622764435291E0  -9.999998778523E-1
   -8.613754153749E0  -9.999998767873E-1
   -8.604743872208E0  -9.999998757124E-1
   -8.595733590666E0  -9.999998746277E-1
   -8.586723309125E0  -9.999998735328E-1
   -8.577713027583E0  -9.999998724279E-1
   -8.568702746041E0  -9.999998713126E-1
   -8.559692464500E0  -9.999998701871E-1
   -8.550682182958E0  -9.999998690511E-1
   -8.541671901417E0  -9.999998679045E-1
   -8.532661619875E0  -9.999998667473E-1
   -8.523651338334E0  -9.999998655794E-1
   -8.514641056792E0  -9.999998644006E-1
   -8.505630775250E0  -9.999998632108E-1
   -8.496620493709E0  -9.999998620099E-1
   -8.487610212167E0  -9.999998607978E-1
   -8.478599930626E0  -9.999998595745E-1
   -8.469589649084E0  -9.999998583397E-1
   -8.460579367543E0  -9.999998570934E-1
   -8.451569086001E0  -9.999998558355E-1
   -8.442558804459E0  -9.999998545658E-1
   -8.433548522918E0  -9.999998532843E-1
   -8.424538241376E0  -9.999998519908E-1
   -8.415527959835E0  -9.999998506851E-1
   -8.406517678293E0  -9.999998493672E-1
   -8.397507396751E0  -9.999998480370E-1
   -8.388497115210E0  -9.999998466944E-1
   -8.379486833668E0  -9.999998453391E-1
   -8.370476552127E0  -9.999998439711E-1
   -8.361466270585E0  -9.999998425902E-1
   -8.352455989044E0  -9.999998411964E-1
   -8.343445707502E0  -9.999998397895E-1
   -8.334435425960E0  -9.999998383694E-1
   -8.325425144419E0  -9.999998369358E-1
   -8.316414862877E0  -9.999998354888E-1
   -8.307404581336E0  -9.999998340281E-1
   -8.298394299794E0  -9.999998325537E-1
   -8.289384018253E0  -9.999998310654E-1
   -8.280373736711E0  -9.999998295630E-1
   -8.271363455169E0  -9.999998280464E-1
   -8.262353173628E0  -9.999998265155E-1
   -8.253342892086E0  -9.999998249701E-1
   -8.244332610545E0  -9.999998234101E-1
   -8.235322329003E0  -9.999998218353E-1
   -8.226312047461E0  -9.999998202457E-1
   -8.217301765920E0  -9.999998186409E-1
   -8.208291484378E0  -9.999998170209E-1
   -8.199281202837E0  -9.999998153856E-1
   -8.190270921295E0  -9.999998137347E-1
   -8.181260639754E0  -9.999998120681E-1
   -8.172250358212E0  -9.999998103857E-1
   -8.163240076670E0  -9.999998086873E-1
   -8.154229795129E0  -9.999998069728E-1
   -8.145219513587E0  -9.999998052419E-1
   -8.136209232046E0  -9.999998034945E-1
   -8.127198950504E0  -9.999998017305E-1
   -8.118188668963E0  -9.999997999496E-1
   -8.109178387421E0  -9.999997981517E-1
   -8.100168105879E0  -9.999997963367E-1
   -8.091157824338E0  -9.999997945043E-1
   -8.082147542796E0  -9.999997926544E-1
   -8.073137261255E0  -9.999997907868E-1
   -8.064126979713E0  -9.999997889014E-1
   -8.055116698171E0  -9.999997869978E-1
   -8.046106416630E0  -9.999997850760E-1
   -8.037096135088E0  -9.999997831358E-1
   -8.028085853547E0  -9.999997811770E-1
   -8.019075572005E0  -9.999997791994E-1
   -8.010065290464E0  -9.999997772027E-1
   -8.001055008922E0  -9.999997751869E-1
   -7.992044727380E0  -9.999997731517E-1
   -7.983034445839E0  -9.999997710969E-1
   -7.974024164297E0  -9.999997690223E-1
   -7.965013882756E0  -9.999997669277E-1
   -7.956003601214E0  -9.999997648129E-1
   -7.946993319673E0  -9.999997626777E-1
   -7.937983038131E0  -9.999997605219E-1
   -7.928972756589E0  -9.999997583453E-1
   -7.919962475048E0  -9.999997561477E-1
   -7.910952193506E0  -9.999997539288E-1
   -7.901941911965E0  -9.999997516884E-1
   -7.892931630423E0  -9.999997494263E-1
   -7.883921348881E0  -9.999997471423E-1
   -7.874911067340E0  -9.999997448362E-1
   -7.865900785798E0  -9.999997425077E-1
   -7.856890504257E0  -9.999997401566E-1
   -7.847880222715E0  -9.999997377827E-1
   -7.838869941174E0  -9.999997353856E-1
   -7.829859659632E0  -9.999997329653E-1
   -7.820849378090E0  -9.999997305215E-1
   -7.811839096549E0  -9.999997280538E-1
   -7.802828815007E0  -9.999997255621E-1
   -7.793818533466E0  -9.999997230461E-1
   -7.784808251924E0  -9.999997205056E-1
   -7.775797970383E0  -9.999997179403E-1
   -7.766787688841E0  -9.999997153499E-1
   -7.757777407299E0  -9.999997127342E-1
   -7.748767125758E0  -9.999997100929E-1
   -7.739756844216E0  -9.999997074258E-1
   -7.730746562675E0  -9.999997047326E-1
   -7.721736281133E0  -9.999997020130E-1
   -7.712725999591E0  -9.999996992667E-1
   -7.703715718050E0  -9.999996964935E-1
   -7.694705436508E0  -9.999996936931E-1
   -7.685695154967E0  -9.999996908652E-1
   -7.676684873425E0  -9.999996880095E-1
   -7.667674591884E0  -9.999996851257E-1
   -7.658664310342E0  -9.999996822135E-1
   -7.649654028800E0  -9.999996792727E-1
   -7.640643747259E0  -9.999996763029E-1
   -7.631633465717E0  -9.999996733038E-1
   -7.622623184176E0  -9.999996702752E-1
   -7.613612902634E0  -9.999996672166E-1
   -7.604602621093E0  -9.999996641278E-1
   -7.595592339551E0  -9.999996610086E-1
   -7.586582058009E0  -9.999996578584E-1
   -7.577571776468E0  -9.999996546771E-1
   -7.568561494926E0  -9.999996514643E-1
   -7.559551213385E0  -9.999996482197E-1
   -7.550540931843E0  -9.999996449429E-1
   -7.541530650301E0  -9.999996416336E-1
   -7.532520368760E0  -9.999996382914E-1
   -7.523510087218E0  -9.999996349161E-1
   -7.514499805677E0  -9.999996315072E-1
   -7.505489524135E0  -9.999996280644E-1
   -7.496479242594E0  -9.999996245873E-1
   -7.487468961052E0  -9.999996210756E-1
   -7.478458679510E0  -9.999996175290E-1
   -7.469448397969E0  -9.999996139469E-1
   -7.460438116427E0  -9.999996103291E-1
   -7.451427834886E0  -9.999996066752E-1
   -7.442417553344E0  -9.999996029848E-1
   -7.433407271803E0  -9.999995992575E-1
   -7.424396990261E0  -9.999995954930E-1
   -7.415386708719E0  -9.999995916907E-1
   -7.406376427178E0  -9.999995878503E-1
   -7.397366145636E0  -9.999995839715E-1
   -7.388355864095E0  -9.999995800538E-1
   -7.379345582553E0  -9.999995760967E-1
   -7.370335301011E0  -9.999995720999E-1
   -7.361325019470E0  -9.999995680630E-1
   -7.352314737928E0  -9.999995639854E-1
   -7.343304456387E0  -9.999995598669E-1
   -7.334294174845E0  -9.999995557068E-1
   -7.325283893304E0  -9.999995515049E-1
   -7.316273611762E0  -9.999995472606E-1
   -7.307263330220E0  -9.999995429734E-1
   -7.298253048679E0  -9.999995386430E-1
   -7.289242767137E0  -9.999995342689E-1
   -7.280232485596E0  -9.999995298505E-1
   -7.271222204054E0  -9.999995253874E-1
   -7.262211922513E0  -9.999995208792E-1
   -7.253201640971E0  -9.999995163253E-1
   -7.244191359429E0  -9.999995117253E-1
   -7.235181077888E0  -9.999995070786E-1
   -7.226170796346E0  -9.999995023847E-1
   -7.217160514805E0  -9.999994976432E-1
   -7.208150233263E0  -9.999994928535E-1
   -7.199139951722E0  -9.999994880151E-1
   -7.190129670180E0  -9.999994831275E-1
   -7.181119388638E0  -9.999994781901E-1
   -7.172109107097E0  -9.999994732024E-1
   -7.163098825555E0  -9.999994681638E-1
   -7.154088544014E0  -9.999994630738E-1
   -7.145078262472E0  -9.999994579319E-1
   -7.136067980930E0  -9.999994527374E-1
   -7.127057699389E0  -9.999994474898E-1
   -7.118047417847E0  -9.999994421886E-1
   -7.109037136306E0  -9.999994368330E-1
   -7.100026854764E0  -9.999994314227E-1
   -7.091016573223E0  -9.999994259568E-1
   -7.082006291681E0  -9.999994204349E-1
   -7.072996010139E0  -9.999994148563E-1
   -7.063985728598E0  -9.999994092204E-1
   -7.054975447056E0  -9.999994035265E-1
   -7.045965165515E0  -9.999993977741E-1
   -7.036954883973E0  -9.999993919625E-1
   -7.027944602432E0  -9.999993860911E-1
   -7.018934320890E0  -9.999993801591E-1
   -7.009924039348E0  -9.999993741659E-1
   -7.000913757807E0  -9.999993681109E-1
   -6.991903476265E0  -9.999993619933E-1
   -6.982893194724E0  -9.999993558125E-1
   -6.973882913182E0  -9.999993495678E-1
   -6.964872631640E0  -9.999993432585E-1
   -6.955862350099E0  -9.999993368838E-1
   -6.946852068557E0  -9.999993304430E-1
   -6.937841787016E0  -9.999993239355E-1
   -6.928831505474E0  -9.999993173604E-1
   -6.919821223933E0  -9.999993107170E-1
   -6.910810942391E0  -9.999993040046E-1
   -6.901800660849E0  -9.999992972224E-1
   -6.892790379308E0  -9.999992903696E-1
   -6.883780097766E0  -9.999992834454E-1
   -6.874769816225E0  -9.999992764491E-1
   -6.865759534683E0  -9.999992693798E-1
   -6.856749253142E0  -9.999992622367E-1
   -6.847738971600E0  -9.999992550190E-1
   -6.838728690058E0  -9.999992477259E-1
   -6.829718408517E0  -9.999992403565E-1
   -6.820708126975E0  -9.999992329100E-1
   -6.811697845434E0  -9.999992253855E-1
   -6.802687563892E0  -9.999992177822E-1
   -6.793677282350E0  -9.999992100991E-1
   -6.784667000809E0  -9.999992023353E-1
   -6.775656719267E0  -9.999991944901E-1
   -6.766646437726E0  -9.999991865623E-1
   -6.757636156184E0  -9.999991785512E-1
   -6.748625874643E0  -9.999991704558E-1
   -6.739615593101E0  -9.999991622751E-1
   -6.730605311559E0  -9.999991540082E-1
   -6.721595030018E0  -9.999991456540E-1
   -6.712584748476E0  -9.999991372117E-1
   -6.703574466935E0  -9.999991286802E-1
   -6.694564185393E0  -9.999991200586E-1
   -6.685553903852E0  -9.999991113457E-1
   -6.676543622310E0  -9.999991025406E-1
   -6.667533340768E0  -9.999990936422E-1
   -6.658523059227E0  -9.999990846495E-1
   -6.649512777685E0  -9.999990755614E-1
   -6.640502496144E0  -9.999990663769E-1
   -6.631492214602E0  -9.999990570947E-1
   -6.622481933060E0  -9.999990477138E-1
   -6.613471651519E0  -9.999990382332E-1
   -6.604461369977E0  -9.999990286516E-1
   -6.595451088436E0  -9.999990189679E-1
   -6.586440806894E0  -9.999990091809E-1
   -6.577430525353E0  -9.999989992895E-1
   -6.568420243811E0  -9.999989892925E-1
   -6.559409962269E0  -9.999989791887E-1
   -6.550399680728E0  -9.999989689768E-1
   -6.541389399186E0  -9.999989586556E-1
   -6.532379117645E0  -9.999989482239E-1
   -6.523368836103E0  -9.999989376804E-1
   -6.514358554562E0  -9.999989270238E-1
   -6.505348273020E0  -9.999989162528E-1
   -6.496337991478E0  -9.999989053661E-1
   -6.487327709937E0  -9.999988943624E-1
   -6.478317428395E0  -9.999988832403E-1
   -6.469307146854E0  -9.999988719984E-1
   -6.460296865312E0  -9.999988606355E-1
   -6.451286583770E0  -9.999988491500E-1
   -6.442276302229E0  -9.999988375406E-1
   -6.433266020687E0  -9.999988258059E-1
   -6.424255739146E0  -9.999988139444E-1
   -6.415245457604E0  -9.999988019545E-1
   -6.406235176063E0  -9.999987898350E-1
   -6.397224894521E0  -9.999987775841E-1
   -6.388214612979E0  -9.999987652005E-1
   -6.379204331438E0  -9.999987526826E-1
   -6.370194049896E0  -9.999987400288E-1
   -6.361183768355E0  -9.999987272375E-1
   -6.352173486813E0  -9.999987143072E-1
   -6.343163205272E0  -9.999987012362E-1
   -6.334152923730E0  -9.999986880229E-1
   -6.325142642188E0  -9.999986746656E-1
   -6.316132360647E0  -9.999986611627E-1
   -6.307122079105E0  -9.999986475124E-1
   -6.298111797564E0  -9.999986337130E-1
   -6.289101516022E0  -9.999986197628E-1
   -6.280091234480E0  -9.999986056600E-1
   -6.271080952939E0  -9.999985914029E-1
   -6.262070671397E0  -9.999985769895E-1
   -6.253060389856E0  -9.999985624182E-1
   -6.244050108314E0  -9.999985476870E-1
   -6.235039826773E0  -9.999985327940E-1
   -6.226029545231E0  -9.999985177374E-1
   -6.217019263689E0  -9.999985025152E-1
   -6.208008982148E0  -9.999984871255E-1
   -6.198998700606E0  -9.999984715662E-1
   -6.189988419065E0  -9.999984558355E-1
   -6.180978137523E0  -9.999984399312E-1
   -6.171967855982E0  -9.999984238513E-1
   -6.162957574440E0  -9.999984075938E-1
   -6.153947292898E0  -9.999983911565E-1
   -6.144937011357E0  -9.999983745374E-1
   -6.135926729815E0  -9.999983577341E-1
   -6.126916448274E0  -9.999983407447E-1
   -6.117906166732E0  -9.999983235668E-1
   -6.108895885190E0  -9.999983061981E-1
   -6.099885603649E0  -9.999982886366E-1
   -6.090875322107E0  -9.999982708798E-1
   -6.081865040566E0  -9.999982529254E-1
   -6.072854759024E0  -9.999982347710E-1
   -6.063844477483E0  -9.999982164143E-1
   -6.054834195941E0  -9.999981978529E-1
   -6.045823914399E0  -9.999981790843E-1
   -6.036813632858E0  -9.999981601060E-1
   -6.027803351316E0  -9.999981409155E-1
   -6.018793069775E0  -9.999981215103E-1
   -6.009782788233E0  -9.999981018877E-1
   -6.000772506692E0  -9.999980820453E-1
   -5.991762225150E0  -9.999980619803E-1
   -5.982751943608E0  -9.999980416900E-1
   -5.973741662067E0  -9.999980211718E-1
   -5.964731380525E0  -9.999980004229E-1
   -5.955721098984E0  -9.999979794405E-1
   -5.946710817442E0  -9.999979582218E-1
   -5.937700535900E0  -9.999979367639E-1
   -5.928690254359E0  -9.999979150640E-1
   -5.919679972817E0  -9.999978931191E-1
   -5.910669691276E0  -9.999978709262E-1
   -5.901659409734E0  -9.999978484824E-1
   -5.892649128193E0  -9.999978257846E-1
   -5.883638846651E0  -9.999978028297E-1
   -5.874628565109E0  -9.999977796145E-1
   -5.865618283568E0  -9.999977561360E-1
   -5.856608002026E0  -9.999977323909E-1
   -5.847597720485E0  -9.999977083760E-1
   -5.838587438943E0  -9.999976840879E-1
   -5.829577157402E0  -9.999976595234E-1
   -5.820566875860E0  -9.999976346790E-1
   -5.811556594318E0  -9.999976095514E-1
   -5.802546312777E0  -9.999975841370E-1
   -5.793536031235E0  -9.999975584324E-1
   -5.784525749694E0  -9.999975324339E-1
   -5.775515468152E0  -9.999975061381E-1
   -5.766505186610E0  -9.999974795411E-1
   -5.757494905069E0  -9.999974526394E-1
   -5.748484623527E0  -9.999974254292E-1
   -5.739474341986E0  -9.999973979067E-1
   -5.730464060444E0  -9.999973700679E-1
   -5.721453778903E0  -9.999973419091E-1
   -5.712443497361E0  -9.999973134262E-1
   -5.703433215819E0  -9.999972846154E-1
   -5.694422934278E0  -9.999972554724E-1
   -5.685412652736E0  -9.999972259931E-1
   -5.676402371195E0  -9.999971961736E-1
   -5.667392089653E0  -9.999971660093E-1
   -5.658381808112E0  -9.999971354963E-1
   -5.649371526570E0  -9.999971046299E-1
   -5.640361245028E0  -9.999970734060E-1
   -5.631350963487E0  -9.999970418200E-1
   -5.622340681945E0  -9.999970098674E-1
   -5.613330400404E0  -9.999969775436E-1
   -5.604320118862E0  -9.999969448441E-1
   -5.595309837320E0  -9.999969117640E-1
   -5.586299555779E0  -9.999968782987E-1
   -5.577289274237E0  -9.999968444433E-1
   -5.568278992696E0  -9.999968101930E-1
   -5.559268711154E0  -9.999967755427E-1
   -5.550258429613E0  -9.999967404874E-1
   -5.541248148071E0  -9.999967050222E-1
   -5.532237866529E0  -9.999966691417E-1
   -5.523227584988E0  -9.999966328408E-1
   -5.514217303446E0  -9.999965961142E-1
   -5.505207021905E0  -9.999965589564E-1
   -5.496196740363E0  -9.999965213622E-1
   -5.487186458822E0  -9.999964833259E-1
   -5.478176177280E0  -9.999964448419E-1
   -5.469165895738E0  -9.999964059046E-1
   -5.460155614197E0  -9.999963665082E-1
   -5.451145332655E0  -9.999963266470E-1
   -5.442135051114E0  -9.999962863149E-1
   -5.433124769572E0  -9.999962455061E-1
   -5.424114488030E0  -9.999962042144E-1
   -5.415104206489E0  -9.999961624337E-1
   -5.406093924947E0  -9.999961201578E-1
   -5.397083643406E0  -9.999960773803E-1
   -5.388073361864E0  -9.999960340949E-1
   -5.379063080323E0  -9.999959902950E-1
   -5.370052798781E0  -9.999959459741E-1
   -5.361042517239E0  -9.999959011255E-1
   -5.352032235698E0  -9.999958557424E-1
   -5.343021954156E0  -9.999958098179E-1
   -5.334011672615E0  -9.999957633452E-1
   -5.325001391073E0  -9.999957163171E-1
   -5.315991109532E0  -9.999956687265E-1
   -5.306980827990E0  -9.999956205662E-1
   -5.297970546448E0  -9.999955718288E-1
   -5.288960264907E0  -9.999955225069E-1
   -5.279949983365E0  -9.999954725929E-1
   -5.270939701824E0  -9.999954220791E-1
   -5.261929420282E0  -9.999953709578E-1
   -5.252919138740E0  -9.999953192212E-1
   -5.243908857199E0  -9.999952668611E-1
   -5.234898575657E0  -9.999952138696E-1
   -5.225888294116E0  -9.999951602384E-1
   -5.216878012574E0  -9.999951059593E-1
   -5.207867731033E0  -9.999950510236E-1
   -5.198857449491E0  -9.999949954230E-1
   -5.189847167949E0  -9.999949391487E-1
   -5.180836886408E0  -9.999948821920E-1
   -5.171826604866E0  -9.999948245438E-1
   -5.162816323325E0  -9.999947661952E-1
   -5.153806041783E0  -9.999947071370E-1
   -5.144795760242E0  -9.999946473598E-1
   -5.135785478700E0  -9.999945868543E-1
   -5.126775197158E0  -9.999945256108E-1
   -5.117764915617E0  -9.999944636197E-1
   -5.108754634075E0  -9.999944008711E-1
   -5.099744352534E0  -9.999943373550E-1
   -5.090734070992E0  -9.999942730612E-1
   -5.081723789450E0  -9.999942079796E-1
   -5.072713507909E0  -9.999941420997E-1
   -5.063703226367E0  -9.999940754110E-1
   -5.054692944826E0  -9.999940079026E-1
   -5.045682663284E0  -9.999939395638E-1
   -5.036672381743E0  -9.999938703835E-1
   -5.027662100201E0  -9.999938003506E-1
   -5.018651818659E0  -9.999937294536E-1
   -5.009641537118E0  -9.999936576811E-1
   -5.000631255576E0  -9.999935850215E-1
   -4.991620974035E0  -9.999935114628E-1
   -4.982610692493E0  -9.999934369931E-1
   -4.973600410952E0  -9.999933616002E-1
   -4.964590129410E0  -9.999932852717E-1
   -4.955579847868E0  -9.999932079950E-1
   -4.946569566327E0  -9.999931297576E-1
   -4.937559284785E0  -9.999930505464E-1
   -4.928549003244E0  -9.999929703483E-1
   -4.919538721702E0  -9.999928891502E-1
   -4.910528440160E0  -9.999928069385E-1
   -4.901518158619E0  -9.999927236995E-1
   -4.892507877077E0  -9.999926394194E-1
   -4.883497595536E0  -9.999925540841E-1
   -4.874487313994E0  -9.999924676794E-1
   -4.865477032453E0  -9.999923801907E-1
   -4.856466750911E0  -9.999922916033E-1
   -4.847456469369E0  -9.999922019025E-1
   -4.838446187828E0  -9.999921110729E-1
   -4.829435906286E0  -9.999920190992E-1
   -4.820425624745E0  -9.999919259660E-1
   -4.811415343203E0  -9.999918316573E-1
   -4.802405061662E0  -9.999917361572E-1
   -4.793394780120E0  -9.999916394494E-1
   -4.784384498578E0  -9.999915415172E-1
   -4.775374217037E0  -9.999914423441E-1
   -4.766363935495E0  -9.999913419130E-1
   -4.757353653954E0  -9.999912402065E-1
   -4.748343372412E0  -9.999911372073E-1
   -4.739333090870E0  -9.999910328975E-1
   -4.730322809329E0  -9.999909272591E-1
   -4.721312527787E0  -9.999908202738E-1
   -4.712302246246E0  -9.999907119229E-1
   -4.703291964704E0  -9.999906021877E-1
   -4.694281683163E0  -9.999904910490E-1
   -4.685271401621E0  -9.999903784874E-1
   -4.676261120079E0  -9.999902644831E-1
   -4.667250838538E0  -9.999901490162E-1
   -4.658240556996E0  -9.999900320663E-1
   -4.649230275455E0  -9.999899136128E-1
   -4.640219993913E0  -9.999897936348E-1
   -4.631209712372E0  -9.999896721111E-1
   -4.622199430830E0  -9.999895490200E-1
   -4.613189149288E0  -9.999894243397E-1
   -4.604178867747E0  -9.999892980480E-1
   -4.595168586205E0  -9.999891701223E-1
   -4.586158304664E0  -9.999890405397E-1
   -4.577148023122E0  -9.999889092770E-1
   -4.568137741580E0  -9.999887763106E-1
   -4.559127460039E0  -9.999886416165E-1
   -4.550117178497E0  -9.999885051704E-1
   -4.541106896956E0  -9.999883669476E-1
   -4.532096615414E0  -9.999882269230E-1
   -4.523086333873E0  -9.999880850713E-1
   -4.514076052331E0  -9.999879413664E-1
   -4.505065770789E0  -9.987972026141E-1
   -4.496055489248E0  -9.987555418865E-1
   -4.487045207706E0  -9.987126737471E-1
   -4.478034926165E0  -9.986685659674E-1
   -4.469024644623E0  -9.986231897924E-1
   -4.460014363082E0  -9.985765159722E-1
   -4.451004081540E0  -9.985538613820E-1
   -4.441993799998E0  -9.985051050494E-1
   -4.432983518457E0  -9.984549699396E-1
   -4.423973236915E0  -9.984034248096E-1
   -4.414962955374E0  -9.983504378907E-1
   -4.405952673832E0  -9.982959768835E-1
   -4.396942392290E0  -9.982400089519E-1
   -4.387932110749E0  -9.981825007172E-1
   -4.378921829207E0  -9.981234182530E-1
   -4.369911547666E0  -9.980936040298E-1
   -4.360901266124E0  -9.980319592429E-1
   -4.351890984583E0  -9.979686451447E-1
   -4.342880703041E0  -9.979036255802E-1
   -4.333870421499E0  -9.978368638144E-1
   -4.324860139958E0  -9.977683225259E-1
   -4.315849858416E0  -9.976979638008E-1
   -4.306839576875E0  -9.976257491268E-1
   -4.297829295333E0  -9.975880724086E-1
   -4.288819013792E0  -9.975127990741E-1
   -4.279808732250E0  -9.974355608672E-1
   -4.270798450708E0  -9.973563168207E-1
   -4.261788169167E0  -9.972750253357E-1
   -4.252777887625E0  -9.971916441733E-1
   -4.243767606084E0  -9.971061304492E-1
   -4.234757324542E0  -9.970602409172E-1
   -4.225747043000E0  -9.969711747952E-1
   -4.216736761459E0  -9.968798538629E-1
   -4.207726479917E0  -9.967862325684E-1
   -4.198716198376E0  -9.966902646780E-1
   -4.189705916834E0  -9.965919032689E-1
   -4.180695635293E0  -9.964911007228E-1
   -4.171685353751E0  -9.964354927613E-1
   -4.162675072209E0  -9.963305800631E-1
   -4.153664790668E0  -9.962230894126E-1
   -4.144654509126E0  -9.961129702960E-1
   -4.135644227585E0  -9.960001714659E-1
   -4.126633946043E0  -9.958846409332E-1
   -4.117623664502E0  -9.958194388606E-1
   -4.108613382960E0  -9.956992675238E-1
   -4.099603101418E0  -9.955762141252E-1
   -4.090592819877E0  -9.954502235711E-1
   -4.081582538335E0  -9.953212399855E-1
   -4.072572256794E0  -9.951892067029E-1
   -4.063561975252E0  -9.951130022207E-1
   -4.054551693710E0  -9.949757414148E-1
   -4.045541412169E0  -9.948352659530E-1
   -4.036531130627E0  -9.946915158435E-1
   -4.027520849086E0  -9.945444302615E-1
   -4.018510567544E0  -9.944580045689E-1
   -4.009500286003E0  -9.943051602429E-1
   -4.000490004461E0  -9.941488024464E-1
   -3.991479722919E0  -9.939888668305E-1
   -3.982469441378E0  -9.938252881679E-1
   -3.973459159836E0  -9.936580003458E-1
   -3.964448878295E0  -9.935575453657E-1
   -3.955438596753E0  -9.933837967027E-1
   -3.946428315212E0  -9.932061441589E-1
   -3.937418033670E0  -9.930245178507E-1
   -3.928407752128E0  -9.928388469593E-1
   -3.919397470587E0  -9.927254014652E-1
   -3.910387189045E0  -9.925326350633E-1
   -3.901376907504E0  -9.923356144269E-1
   -3.892366625962E0  -9.921342647462E-1
   -3.883356344420E0  -9.919285102281E-1
   -3.874346062879E0  -9.918006243040E-1
   -3.865335781337E0  -9.915870873228E-1
   -3.856325499796E0  -9.913689199832E-1
   -3.847315218254E0  -9.911460422702E-1
   -3.838304936713E0  -9.909183731318E-1
   -3.829294655171E0  -9.907744596995E-1
   -3.820284373629E0  -9.905382652956E-1
   -3.811274092088E0  -9.902970370905E-1
   -3.802263810546E0  -9.900506895670E-1
   -3.793253529005E0  -9.897991361179E-1
   -3.784243247463E0  -9.896374602412E-1
   -3.775232965922E0  -9.893765791171E-1
   -3.766222684380E0  -9.891102317982E-1
   -3.757212402838E0  -9.888383269598E-1
   -3.748202121297E0  -9.886613551840E-1
   -3.739191839755E0  -9.883794396815E-1
   -3.730181558214E0  -9.880916911958E-1
   -3.721171276672E0  -9.877980134667E-1
   -3.712160995130E0  -9.874983090353E-1
   -3.703150713589E0  -9.873000600164E-1
   -3.694140432047E0  -9.869894249275E-1
   -3.685130150506E0  -9.866724677700E-1
   -3.676119868964E0  -9.863490858746E-1
   -3.667109587423E0  -9.861325335256E-1
   -3.658099305881E0  -9.857974380666E-1
   -3.649089024339E0  -9.854556056001E-1
   -3.640078742798E0  -9.851069280128E-1
   -3.631068461256E0  -9.848705873178E-1
   -3.622058179715E0  -9.845093649537E-1
   -3.613047898173E0  -9.841409674853E-1
   -3.604037616632E0  -9.837652811106E-1
   -3.595027335090E0  -9.833821906559E-1
   -3.586017053548E0  -9.831184498281E-1
   -3.577006772007E0  -9.827216992147E-1
   -3.567996490465E0  -9.823171914139E-1
   -3.558986208924E0  -9.819048052571E-1
   -3.549975927382E0  -9.816175267100E-1
   -3.540965645840E0  -9.811905315573E-1
   -3.531955364299E0  -9.807552853136E-1
   -3.522945082757E0  -9.803116605529E-1
   -3.513934801216E0  -9.799989985580E-1
   -3.504924519674E0  -9.795397592589E-1
   -3.495914238133E0  -9.790717481783E-1
   -3.486903956591E0  -9.785948313643E-1
   -3.477893675049E0  -9.782548157071E-1
   -3.468883393508E0  -9.777612193233E-1
   -3.459873111966E0  -9.772583024839E-1
   -3.450862830425E0  -9.767459244348E-1
   -3.441852548883E0  -9.763764536168E-1
   -3.432842267342E0  -9.758462686133E-1
   -3.423831985800E0  -9.753061852663E-1
   -3.414821704258E0  -9.749136658959E-1
   -3.405811422717E0  -9.743548899633E-1
   -3.396801141175E0  -9.737857608010E-1
   -3.387790859634E0  -9.732061249370E-1
   -3.378780578092E0  -9.727801537650E-1
   -3.369770296550E0  -9.721805811120E-1
   -3.360760015009E0  -9.715700227168E-1
   -3.351749733467E0  -9.709483175095E-1
   -3.342739451926E0  -9.704863949059E-1
   -3.333729170384E0  -9.698434380441E-1
   -3.324718888843E0  -9.691888301690E-1
   -3.315708607301E0  -9.686987629763E-1
   -3.306698325759E0  -9.680218699506E-1
   -3.297688044218E0  -9.673328018048E-1
   -3.288677762676E0  -9.666313832930E-1
   -3.279667481135E0  -9.661006208695E-1
   -3.270657199593E0  -9.653754704378E-1
   -3.261646918052E0  -9.646374185580E-1
   -3.252636636510E0  -9.640747898875E-1
   -3.243626354968E0  -9.633118686871E-1
   -3.234616073427E0  -9.625354736367E-1
   -3.225605791885E0  -9.617454143719E-1
   -3.216595510344E0  -9.611368169595E-1
   -3.207585228802E0  -9.603202997920E-1
   -3.198574947260E0  -9.594895172048E-1
   -3.189564665719E0  -9.588449166229E-1
   -3.180554384177E0  -9.579864271794E-1
   -3.171544102636E0  -9.571130483909E-1
   -3.162533821094E0  -9.562245738247E-1
   -3.153523539553E0  -9.555281580375E-1
   -3.144513258011E0  -9.546102363060E-1
   -3.135502976469E0  -9.536765642716E-1
   -3.126492694928E0  -9.529395598984E-1
   -3.117482413386E0  -9.519750726091E-1
   -3.108472131845E0  -9.509941564026E-1
   -3.099461850303E0  -9.502144588964E-1
   -3.090451568762E0  -9.492013055869E-1
   -3.081441287220E0  -9.481710200826E-1
   -3.072431005678E0  -9.471233713101E-1
   -3.063420724137E0  -9.462824336143E-1
   -3.054410442595E0  -9.452005733613E-1
   -3.045400161054E0  -9.441006135431E-1
   -3.036389879512E0  -9.432116988091E-1
   -3.027379597970E0  -9.420759762047E-1
   -3.018369316429E0  -9.409213918496E-1
   -3.009359034887E0  -9.399820809131E-1
   -3.000348753346E0  -9.387901244533E-1
   -2.991338471804E0  -9.375785176898E-1
   -2.982328190263E0  -9.365862914448E-1
   -2.973317908721E0  -9.353356441003E-1
   -2.964307627179E0  -9.340645310913E-1
   -2.955297345638E0  -9.330167682241E-1
   -2.946287064096E0  -9.317048859452E-1
   -2.937276782555E0  -9.303716954248E-1
   -2.928266501013E0  -9.290169226656E-1
   -2.919256219472E0  -9.278899206788E-1
   -2.910245937930E0  -9.264919926707E-1
   -2.901235656388E0  -9.250716038539E-1
   -2.892225374847E0  -9.238825345092E-1
   -2.883215093305E0  -9.224171192213E-1
   -2.874204811764E0  -9.209283366532E-1
   -2.865194530222E0  -9.196742253973E-1
   -2.856184248680E0  -9.181384823327E-1
   -2.847173967139E0  -9.165784374342E-1
   -2.838163685597E0  -9.152561999967E-1
   -2.829153404056E0  -9.136471973263E-1
   -2.820143122514E0  -9.120129300841E-1
   -2.811132840973E0  -9.106193714148E-1
   -2.802122559431E0  -9.089340856275E-1
   -2.793112277889E0  -9.072225443363E-1
   -2.784101996348E0  -9.057543579039E-1
   -2.775091714806E0  -9.039896737714E-1
   -2.766081433265E0  -9.021977151232E-1
   -2.757071151723E0  -9.006514825958E-1
   -2.748060870182E0  -8.988041935087E-1
   -2.739050588640E0  -8.972049117003E-1
   -2.730040307098E0  -8.953007744167E-1
   -2.721030025557E0  -8.933675831285E-1
   -2.712019744015E0  -8.916843032711E-1
   -2.703009462474E0  -8.896919703492E-1
   -2.693999180932E0  -8.876694901531E-1
   -2.684988899390E0  -8.858984956337E-1
   -2.675978617849E0  -8.838145191473E-1
   -2.666968336307E0  -8.816992755762E-1
   -2.657958054766E0  -8.798367410117E-1
   -2.648947773224E0  -8.776575867089E-1
   -2.639937491683E0  -8.754460197715E-1
   -2.630927210141E0  -8.734880132847E-1
   -2.621916928599E0  -8.712100632522E-1
   -2.612906647058E0  -8.688985302844E-1
   -2.603896365516E0  -8.668410165273E-1
   -2.594886083975E0  -8.644605724839E-1
   -2.585875802433E0  -8.623352994022E-1
   -2.576865520892E0  -8.598841956610E-1
   -2.567855239350E0  -8.573974829787E-1
   -2.558844957808E0  -8.551657375881E-1
   -2.549834676267E0  -8.526057494297E-1
   -2.540824394725E0  -8.500089219260E-1
   -2.531814113184E0  -8.476664115391E-1
   -2.522803831642E0  -8.449936459163E-1
   -2.513793550100E0  -8.422827914745E-1
   -2.504783268559E0  -8.398251384977E-1
   -2.495772987017E0  -8.370356407877E-1
   -2.486762705476E0  -8.344995422880E-1
   -2.477752423934E0  -8.316295373248E-1
   -2.468742142393E0  -8.287192985341E-1
   -2.459731860851E0  -8.260605637585E-1
   -2.450721579309E0  -8.230670518762E-1
   -2.441711297768E0  -8.200320168878E-1
   -2.432701016226E0  -8.172460790699E-1
   -2.423690734685E0  -8.141249777654E-1
   -2.414680453143E0  -8.112523800369E-1
   -2.405670171602E0  -8.080432956609E-1
   -2.396659890060E0  -8.047904926603E-1
   -2.387649608518E0  -8.017829356677E-1
   -2.378639326977E0  -7.984393257810E-1
   -2.369629045435E0  -7.950506903856E-1
   -2.360618763894E0  -7.919034959752E-1
   -2.351608482352E0  -7.884212233737E-1
   -2.342598200811E0  -7.851789351435E-1
   -2.333587919269E0  -7.816010940003E-1
   -2.324577637727E0  -7.779760250942E-1
   -2.315567356186E0  -7.745862336971E-1
   -2.306557074644E0  -7.708627759285E-1
   -2.297546793103E0  -7.670907957114E-1
   -2.288536511561E0  -7.635488180554E-1
   -2.279526230019E0  -7.596756496766E-1
   -2.270515948478E0  -7.560301158405E-1
   -2.261505666936E0  -7.520538639450E-1
   -2.252495385395E0  -7.480269380114E-1
   -2.243485103853E0  -7.442214473316E-1
   -2.234474822312E0  -7.400887010678E-1
   -2.225464540770E0  -7.361744479588E-1
   -2.216454259228E0  -7.319340401507E-1
   -2.207443977687E0  -7.276408745219E-1
   -2.198433696145E0  -7.235590817614E-1
   -2.189423414604E0  -7.191556197471E-1
   -2.180413133062E0  -7.149600162443E-1
   -2.171402851521E0  -7.104444995737E-1
   -2.162392569979E0  -7.058742417085E-1
   -2.153382288437E0  -7.015038212738E-1
   -2.144372006896E0  -6.968190206118E-1
   -2.135361725354E0  -6.923299836940E-1
   -2.126351443813E0  -6.875289973091E-1
   -2.117341162271E0  -6.826714233898E-1
   -2.108330880729E0  -6.780007307562E-1
   -2.099320599188E0  -6.730246796241E-1
   -2.090310317646E0  -6.682309023360E-1
   -2.081300036105E0  -6.631348823164E-1
   -2.072289754563E0  -6.579806060197E-1
   -2.063279473022E0  -6.529989205947E-1
   -2.054269191480E0  -6.477226355389E-1
   -2.045258909938E0  -6.426138398170E-1
   -2.036248628397E0  -6.372142448041E-1
   -2.027238346855E0  -6.319768559849E-1
   -2.018228065314E0  -6.264527386220E-1
   -2.009217783772E0  -6.208684017896E-1
   -2.000207502231E0  -6.154356143877E-1
   -1.991197220689E0  -6.097251703525E-1
   -1.982186939147E0  -6.041605775074E-1
   -1.973176657606E0  -5.983230643763E-1
   -1.964166376064E0  -5.924242784185E-1
   -1.955156094523E0  -5.866601270266E-1
   -1.946145812981E0  -5.806330883916E-1
   -1.937135531439E0  -5.747346485953E-1
   -1.928125249898E0  -5.685786912059E-1
   -1.919114968356E0  -5.625451827833E-1
   -1.910104686815E0  -5.562597734571E-1
   -1.901094405273E0  -5.499121966863E-1
   -1.892084123732E0  -5.436753091469E-1
   -1.883073842190E0  -5.371977746625E-1
   -1.874063560648E0  -5.308245761197E-1
   -1.865053279107E0  -5.242169119214E-1
   -1.856042997565E0  -5.177071723016E-1
   -1.847032716024E0  -5.109693659773E-1
   -1.838022434482E0  -5.041693189008E-1
   -1.829012152941E0  -4.974552381204E-1
   -1.820001871399E0  -4.905253551653E-1
   -1.810991589857E0  -4.836749894052E-1
   -1.801981308316E0  -4.766156838294E-1
   -1.792971026774E0  -4.696294560972E-1
   -1.783960745233E0  -4.624413260637E-1
   -1.774950463691E0  -4.551918474358E-1
   -1.765940182149E0  -4.480037000839E-1
   -1.756929900608E0  -4.406266436001E-1
   -1.747919619066E0  -4.333046353873E-1
   -1.738909337525E0  -4.258010843214E-1
   -1.729899055983E0  -4.183463861650E-1
   -1.720888774442E0  -4.107176310979E-1
   -1.711878492900E0  -4.030295181208E-1
   -1.702868211358E0  -3.953791882580E-1
   -1.693857929817E0  -3.875681712649E-1
   -1.684847648275E0  -3.797891143620E-1
   -1.675837366734E0  -3.718570184240E-1
   -1.666827085192E0  -3.639512320885E-1
   -1.657816803651E0  -3.559001068709E-1
   -1.648806522109E0  -3.478698372369E-1
   -1.639796240567E0  -3.397019605867E-1
   -1.630785959026E0  -3.314790892384E-1
   -1.621775677484E0  -3.232675872367E-1
   -1.612765395943E0  -3.149317454899E-1
   -1.603755114401E0  -3.066024834607E-1
   -1.594744832859E0  -2.981565241105E-1
   -1.585734551318E0  -2.897126386510E-1
   -1.576724269776E0  -2.811596500523E-1
   -1.567713988235E0  -2.726045369854E-1
   -1.558703706693E0  -2.639478435707E-1
   -1.549693425152E0  -2.552426775107E-1
   -1.540683143610E0  -2.465283193374E-1
   -1.531672862068E0  -2.377247722163E-1
   -1.522662580527E0  -2.289087840545E-1
   -1.513652298985E0  -2.200107588874E-1
   -1.504642017444E0  -2.110974317833E-1
   -1.495631735902E0  -2.021090619170E-1
   -1.486621454361E0  -1.931029374110E-1
   -1.477611172819E0  -1.840285826853E-1
   -1.468600891277E0  -1.749344479112E-1
   -1.459590609736E0  -1.657786898057E-1
   -1.450580328194E0  -1.566015713585E-1
   -1.441570046653E0  -1.473692072255E-1
   -1.432559765111E0  -1.381016423776E-1
   -1.423549483569E0  -1.288104001946E-1
   -1.414539202028E0  -1.194736684485E-1
   -1.405528920486E0  -1.101129589489E-1
   -1.396518638945E0  -1.007123598065E-1
   -1.387508357403E0  -9.128798025623E-2
   -1.378498075862E0  -8.182900103164E-2
   -1.369487794320E0  -7.234694695032E-2
   -1.360477512778E0  -6.283525238344E-2
   -1.351467231237E0  -5.330170517328E-2
   -1.342456949695E0  -4.374312618855E-2
   -1.333446668154E0  -3.416443975835E-2
   -1.324436386612E0  -2.456496115659E-2
   -1.315426105071E0  -1.494764759509E-2
   -1.306415823529E0  -5.313395000667E-3
   -1.297405541987E0   4.335900881726E-3
   -1.288395260446E0   1.399866492633E-2
   -1.279384978904E0   2.367348691323E-2
   -1.270374697363E0   3.335807248547E-2
   -1.261364415821E0   4.305200693594E-2
   -1.252354134279E0   5.275147528901E-2
   -1.243343852738E0   6.245801916190E-2
   -1.234333571196E0   7.216534836603E-2
   -1.225323289655E0   8.187792556906E-2
   -1.216313008113E0   9.158602928522E-2
   -1.207302726572E0   1.012980074792E-1
   -1.198292445030E0   1.109997541070E-1
   -1.189282163488E0   1.207044619663E-1
   -1.180271881947E0   1.303926941404E-1
   -1.171261600405E0   1.400834389310E-1
   -1.162251318864E0   1.497509934721E-1
   -1.153241037322E0   1.594210788286E-1
   -1.144230755781E0   1.690608066947E-1
   -1.135220474239E0   1.787035506126E-1
   -1.126210192697E0   1.883083369880E-1
   -1.117199911156E0   1.979170897685E-1
   -1.108189629614E0   2.074798740439E-1
   -1.099179348073E0   2.170480361745E-1
   -1.090169066531E0   2.265954190190E-1
   -1.081158784989E0   2.360828717581E-1
   -1.072148503448E0   2.455800464375E-1
   -1.063138221906E0   2.550082574098E-1
   -1.054127940365E0   2.644488208245E-1
   -1.045117658823E0   2.738110692066E-1
   -1.036107377282E0   2.831887285421E-1
   -1.027097095740E0   2.924784336445E-1
   -1.018086814198E0   3.017870228286E-1
   -1.009076532657E0   3.109977616728E-1
   -1.000066251115E0   3.202312570286E-1
  -9.910559695737E-1   3.293567814063E-1
  -9.820456880321E-1   3.385093167649E-1
  -9.730354064905E-1   3.475435690656E-1
  -9.640251249489E-1   3.566094502026E-1
  -9.550148434074E-1   3.655465786368E-1
  -9.460045618658E-1   3.745202966198E-1
  -9.369942803242E-1   3.833546691863E-1
  -9.279839987826E-1   3.922309130172E-1
  -9.189737172410E-1   4.009571305797E-1
  -9.099634356995E-1   4.097307988256E-1
  -9.009531541579E-1   4.183437068164E-1
  -8.919428726163E-1   4.270099182747E-1
  -8.829325910747E-1   4.355046173876E-1
  -8.739223095331E-1   4.440587205658E-1
  -8.649120279916E-1   4.524305762508E-1
  -8.559017464500E-1   4.608681579248E-1
  -8.468914649084E-1   4.691128083581E-1
  -8.378811833668E-1   4.774297009905E-1
  -8.288709018253E-1   4.855430641090E-1
  -8.198606202837E-1   4.937353521130E-1
  -8.108503387421E-1   5.017136311285E-1
  -8.018400572005E-1   5.097776559741E-1
  -7.928297756589E-1   5.176173437660E-1
  -7.838194941174E-1   5.255497081247E-1
  -7.748092125758E-1   5.332475902454E-1
  -7.657989310342E-1   5.410451608805E-1
  -7.567886494926E-1   5.485983174003E-1
  -7.477783679510E-1   5.562582269926E-1
  -7.387680864095E-1   5.636640331064E-1
  -7.297578048679E-1   5.711836811065E-1
  -7.207475233263E-1   5.784398065274E-1
  -7.117372417847E-1   5.858168588834E-1
  -7.027269602431E-1   5.929212662049E-1
  -6.937166787016E-1   5.999485390441E-1
  -6.847063971600E-1   6.071045959459E-1
  -6.756961156184E-1   6.139776997763E-1
  -6.666858340768E-1   6.209865289363E-1
  -6.576755525353E-1   6.277041476290E-1
  -6.486652709937E-1   6.345643398412E-1
  -6.396549894521E-1   6.411254357143E-1
  -6.306447079105E-1   6.478358351915E-1
  -6.216344263689E-1   6.542396428749E-1
  -6.126241448274E-1   6.607993422146E-1
  -6.036138632858E-1   6.670453617501E-1
  -5.946035817442E-1   6.734536960771E-1
  -5.855933002026E-1   6.795416853114E-1
  -5.765830186610E-1   6.857982258317E-1
  -5.675727371195E-1   6.917281921862E-1
  -5.585624555779E-1   6.978327391279E-1
  -5.495521740363E-1   7.036049307030E-1
  -5.405418924947E-1   7.095575058727E-1
  -5.315316109532E-1   7.151724021035E-1
  -5.225213294116E-1   7.209732408537E-1
  -5.135110478700E-1   7.264315428070E-1
  -5.045007663284E-1   7.320810856401E-1
  -4.954904847868E-1   7.373837058526E-1
  -4.864802032453E-1   7.428825897916E-1
  -4.774699217037E-1   7.480306418667E-1
  -4.684596401621E-1   7.531022372686E-1
  -4.594493586205E-1   7.583744794893E-1
  -4.504390770789E-1   7.632936140020E-1
  -4.414287955374E-1   7.684177054865E-1
  -4.324185139958E-1   7.731859481863E-1
  -4.234082324542E-1   7.781631445632E-1
  -4.143979509126E-1   7.827822276606E-1
  -4.053876693710E-1   7.876139391486E-1
  -3.963773878295E-1   7.920857471290E-1
  -3.873671062879E-1   7.967735291509E-1
  -3.783568247463E-1   8.011000879937E-1
  -3.693465432047E-1   8.056456317943E-1
  -3.603362616632E-1   8.098290983039E-1
  -3.513259801216E-1   8.142342216676E-1
  -3.423156985800E-1   8.182768730019E-1
  -3.333054170384E-1   8.222509441701E-1
  -3.242951354968E-1   8.264477345019E-1
  -3.152848539553E-1   8.302846822183E-1
  -3.062745724137E-1   8.343462137134E-1
  -2.972642908721E-1   8.380485693806E-1
  -2.882540093305E-1   8.419770316266E-1
  -2.792437277889E-1   8.455474121071E-1
  -2.702334462474E-1   8.493450814904E-1
  -2.612231647058E-1   8.527861799855E-1
  -2.522128831642E-1   8.564554117312E-1
  -2.432026016226E-1   8.597699891295E-1
  -2.341923200810E-1   8.633132097173E-1
  -2.251820385395E-1   8.665040863626E-1
  -2.161717569979E-1   8.696355414556E-1
  -2.071614754563E-1   8.729938345723E-1
  -1.981511939147E-1   8.760059699656E-1
  -1.891409123732E-1   8.792446991484E-1
  -1.801306308316E-1   8.821404490817E-1
  -1.711203492900E-1   8.852622359407E-1
  -1.621100677484E-1   8.880445706400E-1
  -1.530997862068E-1   8.910520809734E-1
  -1.440895046653E-1   8.937240021362E-1
  -1.350792231237E-1   8.966199425259E-1
  -1.260689415821E-1   8.991844802637E-1
  -1.170586600405E-1   9.016980797626E-1
  -1.080483784989E-1   9.044318083263E-1
  -9.903809695737E-2   9.068426602593E-1
  -9.002781541579E-2   9.094718594446E-1
  -8.101753387421E-2   9.117830657210E-1
  -7.200725233263E-2   9.143105893822E-1
  -6.299697079105E-2   9.165252971046E-1
  -5.398668924947E-2   9.189540670193E-1
  -4.497640770789E-2   9.210754956835E-1
  -3.596612616631E-2   9.231532755600E-1
  -2.695584462474E-2   9.254400474266E-1
  -1.794556308316E-2   9.274297055873E-1
  -8.935281541579E-3   9.296258817236E-1
   7.500000000071E-5   9.315316231418E-1
