#             e [au]            f [a.u.]
   7.500000000000E-3    1.000000000000E0
   7.492567567568E-3   9.988400136256E-1
   7.485135135135E-3   9.895168594789E-1
   7.477702702703E-3   9.719453341157E-1
   7.470270270270E-3   9.496510933472E-1
   7.462837837838E-3   9.251921245223E-1
   7.455405405405E-3   9.000863629189E-1
   7.447972972973E-3   8.751895240352E-1
   7.440540540541E-3   8.509676583275E-1
   7.433108108108E-3   8.276606054264E-1
   7.425675675676E-3   8.053769372146E-1
   7.418243243243E-3   7.841492006835E-1
   7.410810810811E-3   7.639663850650E-1
   7.403378378378E-3   7.447932025076E-1
   7.395945945946E-3   7.265816226205E-1
   7.388513513514E-3   7.092777895792E-1
   7.381081081081E-3   6.928261494776E-1
   7.373648648649E-3   6.771718750345E-1
   7.366216216216E-3   6.622622431707E-1
   7.358783783784E-3   6.480473670643E-1
   7.351351351351E-3   6.344805308659E-1
   7.343918918919E-3   6.215182822280E-1
   7.336486486486E-3   6.091203803483E-1
   7.329054054054E-3   5.972496606927E-1
   7.321621621622E-3   5.858718553876E-1
   7.314189189189E-3   5.749553934039E-1
   7.306756756757E-3   5.644711954878E-1
   7.299324324324E-3   5.543924731183E-1
   7.291891891892E-3   5.446945363379E-1
   7.284459459459E-3   5.353546139017E-1
   7.277027027027E-3   5.263516860242E-1
   7.269594594595E-3   5.176663312144E-1
   7.262162162162E-3   5.092805858557E-1
   7.254729729730E-3   5.011778165545E-1
   7.247297297297E-3   4.933426040860E-1
   7.239864864865E-3   4.857606382638E-1
   7.232432432432E-3   4.784186226188E-1
   7.225000000000E-3   4.713041883212E-1
   7.217567567568E-3   4.644058158884E-1
   7.210135135135E-3   4.577127647357E-1
   7.202702702703E-3   4.512150089704E-1
   7.195270270270E-3   4.449031795671E-1
   7.187837837838E-3   4.387685114979E-1
   7.180405405405E-3   4.328027961956E-1
   7.172972972973E-3   4.269983379595E-1
   7.165540540541E-3   4.213479146160E-1
   7.158108108108E-3   4.158447413766E-1
   7.150675675676E-3   4.104824383583E-1
   7.143243243243E-3   4.052550004462E-1
   7.135810810811E-3   4.001567700089E-1
   7.128378378378E-3   3.951824120107E-1
   7.120945945946E-3   3.903268911334E-1
   7.113513513514E-3   3.855854506859E-1
   7.106081081081E-3   3.809535936553E-1
   7.098648648649E-3   3.764270646385E-1
   7.091216216216E-3   3.720018340217E-1
   7.083783783784E-3   3.676740827675E-1
   7.076351351351E-3   3.634401888035E-1
   7.068918918919E-3   3.592967140103E-1
   7.061486486486E-3   3.552403929486E-1
   7.054054054054E-3   3.512681216695E-1
   7.046621621622E-3   3.473769477795E-1
   7.039189189189E-3   3.435640611837E-1
   7.031756756757E-3   3.398267854081E-1
   7.024324324324E-3   3.361625697117E-1
   7.016891891892E-3   3.325689815862E-1
   7.009459459459E-3   3.290436998643E-1
   7.002027027027E-3   3.255845083179E-1
   6.994594594595E-3   3.221892896725E-1
   6.987162162162E-3   3.188560200891E-1
   6.979729729730E-3   3.155827638050E-1
   6.972297297297E-3   3.123676685621E-1
   6.964864864865E-3   3.092089608506E-1
   6.957432432432E-3   3.061049417943E-1
   6.950000000000E-3   3.030539830291E-1
   6.942567567568E-3   3.000545233091E-1
   6.935135135135E-3   2.971050646601E-1
   6.927702702703E-3   2.942041693870E-1
   6.920270270270E-3   2.913504568512E-1
   6.912837837838E-3   2.885426007517E-1
   6.905405405405E-3   2.857793263060E-1
   6.897972972973E-3   2.830594077496E-1
   6.890540540541E-3   2.803816659862E-1
   6.883108108108E-3   2.777449662453E-1
   6.875675675676E-3   2.751482161714E-1
   6.868243243243E-3   2.725903634546E-1
   6.860810810811E-3   2.700703943956E-1
   6.853378378378E-3   2.675873318475E-1
   6.845945945946E-3   2.651402335288E-1
   6.838513513514E-3   2.627281906492E-1
   6.831081081081E-3   2.603503261505E-1
   6.823648648649E-3   2.580057935169E-1
   6.816216216216E-3   2.556937753012E-1
   6.808783783784E-3   2.534134818290E-1
   6.801351351351E-3   2.511641501168E-1
   6.793918918919E-3   2.489450426855E-1
   6.786486486486E-3   2.467554463990E-1
   6.779054054054E-3   2.445946715807E-1
   6.771621621622E-3   2.424620508785E-1
   6.764189189189E-3   2.403569384778E-1
   6.756756756757E-3   2.382787091807E-1
   6.749324324324E-3   2.362267574775E-1
   6.741891891892E-3   2.342004969037E-1
   6.734459459459E-3   2.321993591759E-1
   6.727027027027E-3   2.302227934998E-1
   6.719594594595E-3   2.282702659335E-1
   6.712162162162E-3   2.263412586774E-1
   6.704729729730E-3   2.244352694192E-1
   6.697297297297E-3   2.225518109233E-1
   6.689864864865E-3   2.206904101455E-1
   6.682432432432E-3   2.188506079934E-1
   6.675000000000E-3   2.170319586851E-1
   6.667567567568E-3   2.152340292522E-1
   6.660135135135E-3   2.134563990621E-1
   6.652702702703E-3   2.116986594930E-1
   6.645270270270E-3   2.099604132339E-1
   6.637837837838E-3   2.082412742184E-1
   6.630405405405E-3   2.065408669681E-1
   6.622972972973E-3   2.048588262387E-1
   6.615540540541E-3   2.031947968599E-1
   6.608108108108E-3   2.015484331995E-1
   6.600675675676E-3   1.999193988356E-1
   6.593243243243E-3   1.983073663862E-1
   6.585810810811E-3   1.967120170283E-1
   6.578378378378E-3   1.951330403750E-1
   6.570945945946E-3   1.935701340807E-1
   6.563513513514E-3   1.920230035415E-1
   6.556081081081E-3   1.904913617741E-1
   6.548648648649E-3   1.889749290939E-1
   6.541216216216E-3   1.874734328620E-1
   6.533783783784E-3   1.859866072879E-1
   6.526351351351E-3   1.845141931773E-1
   6.518918918919E-3   1.830559377533E-1
   6.511486486486E-3   1.816115944862E-1
   6.504054054054E-3   1.801809227863E-1
   6.496621621622E-3   1.787636879098E-1
   6.489189189189E-3   1.773596607904E-1
   6.481756756757E-3   1.759686178115E-1
   6.474324324324E-3   1.745903406241E-1
   6.466891891892E-3   1.732246161180E-1
   6.459459459459E-3   1.718712361002E-1
   6.452027027027E-3   1.705299971846E-1
   6.444594594595E-3   1.692007007226E-1
   6.437162162162E-3   1.678831526535E-1
   6.429729729730E-3   1.665771632811E-1
   6.422297297297E-3   1.652825472211E-1
   6.414864864865E-3   1.639991233043E-1
   6.407432432432E-3   1.627267143534E-1
   6.400000000000E-3   1.614651471765E-1
   6.392567567568E-3   1.602142523348E-1
   6.385135135135E-3   1.589738641701E-1
   6.377702702703E-3   1.577438205755E-1
   6.370270270270E-3   1.565239629860E-1
   6.362837837838E-3   1.553141362813E-1
   6.355405405405E-3   1.541141886108E-1
   6.347972972973E-3   1.529239713981E-1
   6.340540540541E-3   1.517433391348E-1
   6.333108108108E-3   1.505721494895E-1
   6.325675675676E-3   1.494102629042E-1
   6.318243243243E-3   1.482575428852E-1
   6.310810810811E-3   1.471138557413E-1
   6.303378378378E-3   1.459790704495E-1
   6.295945945946E-3   1.448530587247E-1
   6.288513513514E-3   1.437356948191E-1
   6.281081081081E-3   1.426268555766E-1
   6.273648648649E-3   1.415264203134E-1
   6.266216216216E-3   1.404342706600E-1
   6.258783783784E-3   1.393502906983E-1
   6.251351351351E-3   1.382743666912E-1
   6.243918918919E-3   1.372063872658E-1
   6.236486486486E-3   1.361462430600E-1
   6.229054054054E-3   1.350938269432E-1
   6.221621621622E-3   1.340490337980E-1
   6.214189189189E-3   1.330117605955E-1
   6.206756756757E-3   1.319819061141E-1
   6.199324324324E-3   1.309593711776E-1
   6.191891891892E-3   1.299440584341E-1
   6.184459459459E-3   1.289358723936E-1
   6.177027027027E-3   1.279347192829E-1
   6.169594594595E-3   1.269405070850E-1
   6.162162162162E-3   1.259531455972E-1
   6.154729729730E-3   1.249725460507E-1
   6.147297297297E-3   1.239986214701E-1
   6.139864864865E-3   1.230312863905E-1
   6.132432432432E-3   1.220704568612E-1
   6.125000000000E-3   1.211160505835E-1
   6.117567567568E-3   1.201679865172E-1
   6.110135135135E-3   1.192261852274E-1
   6.102702702703E-3   1.182905685987E-1
   6.095270270270E-3   1.173610599805E-1
   6.087837837838E-3   1.164375839188E-1
   6.080405405405E-3   1.155200664133E-1
   6.072972972973E-3   1.146084346498E-1
   6.065540540541E-3   1.137026171512E-1
   6.058108108108E-3   1.128025436025E-1
   6.050675675676E-3   1.119081448597E-1
   6.043243243243E-3   1.110193531524E-1
   6.035810810811E-3   1.101361015761E-1
   6.028378378378E-3   1.092583245301E-1
   6.020945945946E-3   1.083859574780E-1
   6.013513513514E-3   1.075189369523E-1
   6.006081081081E-3   1.066572004811E-1
   5.998648648649E-3   1.058006867401E-1
   5.991216216216E-3   1.049493352683E-1
   5.983783783784E-3   1.041030867862E-1
   5.976351351351E-3   1.032618827813E-1
   5.968918918919E-3   1.024256657993E-1
   5.961486486486E-3   1.015943792860E-1
   5.954054054054E-3   1.007679675817E-1
   5.946621621622E-3   9.994637593732E-2
   5.939189189189E-3   9.912955044445E-2
   5.931756756757E-3   9.831743808762E-2
   5.924324324324E-3   9.750998668929E-2
   5.916891891892E-3   9.670714482787E-2
   5.909459459459E-3   9.590886194754E-2
   5.902027027027E-3   9.511508824047E-2
   5.894594594595E-3   9.432577467755E-2
   5.887162162162E-3   9.354087301701E-2
   5.879729729730E-3   9.276033567322E-2
   5.872297297297E-3   9.198411587448E-2
   5.864864864865E-3   9.121216753901E-2
   5.857432432432E-3   9.044444526740E-2
   5.850000000000E-3   8.968090436299E-2
   5.842567567568E-3   8.892150075926E-2
   5.835135135135E-3   8.816619104361E-2
   5.827702702703E-3   8.741493252641E-2
   5.820270270270E-3   8.666768310996E-2
   5.812837837838E-3   8.592440124927E-2
   5.805405405405E-3   8.518504610948E-2
   5.797972972973E-3   8.444957737976E-2
   5.790540540541E-3   8.371795542862E-2
   5.783108108108E-3   8.299014109026E-2
   5.775675675676E-3   8.226609581799E-2
   5.768243243243E-3   8.154578161924E-2
   5.760810810811E-3   8.082916101825E-2
   5.753378378378E-3   8.011619704083E-2
   5.745945945946E-3   7.940685344838E-2
   5.738513513514E-3   7.870109423154E-2
   5.731081081081E-3   7.799888402093E-2
   5.723648648649E-3   7.730018797985E-2
   5.716216216216E-3   7.660497165514E-2
   5.708783783784E-3   7.591320121025E-2
   5.701351351351E-3   7.522484310927E-2
   5.693918918919E-3   7.453986436418E-2
   5.686486486486E-3   7.385823253176E-2
   5.679054054054E-3   7.317991545007E-2
   5.671621621622E-3   7.250488149300E-2
   5.664189189189E-3   7.183309940729E-2
   5.656756756757E-3   7.116453847850E-2
   5.649324324324E-3   7.049916823560E-2
   5.641891891892E-3   6.983695871763E-2
   5.634459459459E-3   6.917788036945E-2
   5.627027027027E-3   6.852190397834E-2
   5.619594594595E-3   6.786900078951E-2
   5.612162162162E-3   6.721914236437E-2
   5.604729729730E-3   6.657230063881E-2
   5.597297297297E-3   6.592844802071E-2
   5.589864864865E-3   6.528755708342E-2
   5.582432432432E-3   6.464960094897E-2
   5.575000000000E-3   6.401455295847E-2
   5.567567567568E-3   6.338238687203E-2
   5.560135135135E-3   6.275307678587E-2
   5.552702702703E-3   6.212659708253E-2
   5.545270270270E-3   6.150292250567E-2
   5.537837837838E-3   6.088202807677E-2
   5.530405405405E-3   6.026388919840E-2
   5.522972972973E-3   5.964848154774E-2
   5.515540540541E-3   5.903578108653E-2
   5.508108108108E-3   5.842576407145E-2
   5.500675675676E-3   5.781840719817E-2
   5.493243243243E-3   5.721368726633E-2
   5.485810810811E-3   5.661158141306E-2
   5.478378378378E-3   5.601206711781E-2
   5.470945945946E-3   5.541512213785E-2
   5.463513513514E-3   5.482072439057E-2
   5.456081081081E-3   5.422885216419E-2
   5.448648648649E-3   5.363948399916E-2
   5.441216216216E-3   5.305259872478E-2
   5.433783783784E-3   5.246817528773E-2
   5.426351351351E-3   5.188619306856E-2
   5.418918918919E-3   5.130663158744E-2
   5.411486486486E-3   5.072947062761E-2
   5.404054054054E-3   5.015469018790E-2
   5.396621621622E-3   4.958227060479E-2
   5.389189189189E-3   4.901219230905E-2
   5.381756756757E-3   4.844443608892E-2
   5.374324324324E-3   4.787898289887E-2
   5.366891891892E-3   4.731581386485E-2
   5.359459459459E-3   4.675491047864E-2
   5.352027027027E-3   4.619625425960E-2
   5.344594594595E-3   4.563982708719E-2
   5.337162162162E-3   4.508561102926E-2
   5.329729729730E-3   4.453358823404E-2
   5.322297297297E-3   4.398374128247E-2
   5.314864864865E-3   4.343605275070E-2
   5.307432432432E-3   4.289050548120E-2
   5.300000000000E-3   4.234708257492E-2
   5.292567567568E-3   4.180576721912E-2
   5.285135135135E-3   4.126654284139E-2
   5.277702702703E-3   4.072939305264E-2
   5.270270270270E-3   4.019430169130E-2
   5.262837837838E-3   3.966125266122E-2
   5.255405405405E-3   3.913023020357E-2
   5.247972972973E-3   3.860121860003E-2
   5.240540540541E-3   3.807420236381E-2
   5.233108108108E-3   3.754916618587E-2
   5.225675675676E-3   3.702609485614E-2
   5.218243243243E-3   3.650497346551E-2
   5.210810810811E-3   3.598578711127E-2
   5.203378378378E-3   3.546852115259E-2
   5.195945945946E-3   3.495316112839E-2
   5.188513513514E-3   3.443969267602E-2
   5.181081081081E-3   3.392810156723E-2
   5.173648648649E-3   3.341837377033E-2
   5.166216216216E-3   3.291049541110E-2
   5.158783783784E-3   3.240445274031E-2
   5.151351351351E-3   3.190023215620E-2
   5.143918918919E-3   3.139782020123E-2
   5.136486486486E-3   3.089720364459E-2
   5.129054054054E-3   3.039836920276E-2
   5.121621621622E-3   2.990130390321E-2
   5.114189189189E-3   2.940599485612E-2
   5.106756756757E-3   2.891242930373E-2
   5.099324324324E-3   2.842059459950E-2
   5.091891891892E-3   2.793047826062E-2
   5.084459459459E-3   2.744206791590E-2
   5.077027027027E-3   2.695535136042E-2
   5.069594594595E-3   2.647031645175E-2
   5.062162162162E-3   2.598695121845E-2
   5.054729729730E-3   2.550524377031E-2
   5.047297297297E-3   2.502518243246E-2
   5.039864864865E-3   2.454675551647E-2
   5.032432432432E-3   2.406995146347E-2
   5.025000000000E-3   2.359475900804E-2
   5.017567567568E-3   2.312116686686E-2
   5.010135135135E-3   2.264916376338E-2
   5.002702702703E-3   2.217873879604E-2
   4.995270270270E-3   2.170988090999E-2
   4.987837837838E-3   2.124257932197E-2
   4.980405405405E-3   2.077682331095E-2
   4.972972972973E-3   2.031260224542E-2
   4.965540540541E-3   1.984990561087E-2
   4.958108108108E-3   1.938872304565E-2
   4.950675675676E-3   1.892904417608E-2
   4.943243243243E-3   1.847085886751E-2
   4.935810810811E-3   1.801415698967E-2
   4.928378378378E-3   1.755892852975E-2
   4.920945945946E-3   1.710516353176E-2
   4.913513513514E-3   1.665285228873E-2
   4.906081081081E-3   1.620198496320E-2
   4.898648648649E-3   1.575255204071E-2
   4.891216216216E-3   1.530454391007E-2
   4.883783783784E-3   1.485795116218E-2
   4.876351351351E-3   1.441276444949E-2
   4.868918918919E-3   1.396897451988E-2
   4.861486486486E-3   1.352657215859E-2
   4.854054054054E-3   1.308554829568E-2
   4.846621621622E-3   1.264589395171E-2
   4.839189189189E-3   1.220760018722E-2
   4.831756756757E-3   1.177065815957E-2
   4.824324324324E-3   1.133505911976E-2
   4.816891891892E-3   1.090079445775E-2
   4.809459459459E-3   1.046785556999E-2
   4.802027027027E-3   1.003623380901E-2
   4.794594594595E-3   9.605920931929E-3
   4.787162162162E-3   9.176908476154E-3
   4.779729729730E-3   8.749188198626E-3
   4.772297297297E-3   8.322751887216E-3
   4.764864864865E-3   7.897591481423E-3
   4.757432432432E-3   7.473698855375E-3
   4.750000000000E-3   7.051066068487E-3
   4.742567567568E-3   6.629685173529E-3
   4.735135135135E-3   6.209548369034E-3
   4.727702702703E-3   5.790647908434E-3
   4.720270270270E-3   5.372976096115E-3
   4.712837837838E-3   4.956525261401E-3
   4.705405405405E-3   4.541287931624E-3
   4.697972972973E-3   4.127256583636E-3
   4.690540540541E-3   3.714423777567E-3
   4.683108108108E-3   3.302782126823E-3
   4.675675675676E-3   2.892324413775E-3
   4.668243243243E-3   2.483043395804E-3
   4.660810810811E-3   2.074931877617E-3
   4.653378378378E-3   1.667982784892E-3
   4.645945945946E-3   1.262189096712E-3
   4.638513513514E-3   8.575438365282E-4
   4.631081081081E-3   4.540400909338E-4
   4.623648648649E-3   5.167099130471E-5
   4.616216216216E-3  -3.495703001526E-4
   4.608783783784E-3  -7.496904560578E-4
   4.601351351351E-3  -1.148696135527E-3
   4.593918918919E-3  -1.546594008031E-3
   4.586486486486E-3  -1.943390638708E-3
   4.579054054054E-3  -2.339092451609E-3
   4.571621621622E-3  -2.733705979536E-3
   4.564189189189E-3  -3.127237572669E-3
   4.556756756757E-3  -3.519693654569E-3
   4.549324324324E-3  -3.911080396586E-3
   4.541891891892E-3  -4.301404127065E-3
   4.534459459459E-3  -4.690670927907E-3
   4.527027027027E-3  -5.078887065001E-3
   4.519594594595E-3  -5.466058485548E-3
   4.512162162162E-3  -5.852191263642E-3
   4.504729729730E-3  -6.237291372356E-3
   4.497297297297E-3  -6.621364784711E-3
   4.489864864865E-3  -7.004417301212E-3
   4.482432432432E-3  -7.386454818670E-3
   4.475000000000E-3  -7.767483090221E-3
   4.467567567568E-3  -8.147507828704E-3
   4.460135135135E-3  -8.526534709386E-3
   4.452702702703E-3  -8.904569390251E-3
   4.445270270270E-3  -9.281617503730E-3
   4.437837837838E-3  -9.657684586408E-3
   4.430405405405E-3  -1.003277606035E-2
   4.422972972973E-3  -1.040689742616E-2
   4.415540540541E-3  -1.078005415835E-2
   4.408108108108E-3  -1.115225154345E-2
   4.400675675676E-3  -1.152349493335E-2
   4.393243243243E-3  -1.189378958172E-2
   4.385810810811E-3  -1.226314080232E-2
   4.378378378378E-3  -1.263155373929E-2
   4.370945945946E-3  -1.299903355222E-2
   4.363513513514E-3  -1.336558536228E-2
   4.356081081081E-3  -1.373121427294E-2
   4.348648648649E-3  -1.409592525717E-2
   4.341216216216E-3  -1.445972332775E-2
   4.333783783784E-3  -1.482261345101E-2
   4.326351351351E-3  -1.518460058115E-2
   4.318918918919E-3  -1.554568951790E-2
   4.311486486486E-3  -1.590588513983E-2
   4.304054054054E-3  -1.626519222603E-2
   4.296621621622E-3  -1.662361560821E-2
   4.289189189189E-3  -1.698115993807E-2
   4.281756756757E-3  -1.733782993399E-2
   4.274324324324E-3  -1.769363020737E-2
   4.266891891892E-3  -1.804856543826E-2
   4.259459459459E-3  -1.840264018511E-2
   4.252027027027E-3  -1.875585898206E-2
   4.244594594595E-3  -1.910822630735E-2
   4.237162162162E-3  -1.945974674669E-2
   4.229729729730E-3  -1.981042461766E-2
   4.222297297297E-3  -2.016026440545E-2
   4.214864864865E-3  -2.050927043370E-2
   4.207432432432E-3  -2.085744708719E-2
   4.200000000000E-3  -2.120479864260E-2
   4.192567567568E-3  -2.155132940507E-2
   4.185135135135E-3  -2.189704357966E-2
   4.177702702703E-3  -2.224194544187E-2
   4.170270270270E-3  -2.258603909190E-2
   4.162837837838E-3  -2.292932872464E-2
   4.155405405405E-3  -2.327181845487E-2
   4.147972972973E-3  -2.361351235688E-2
   4.140540540541E-3  -2.395441446427E-2
   4.133108108108E-3  -2.429452888089E-2
   4.125675675676E-3  -2.463385950037E-2
   4.118243243243E-3  -2.497241039008E-2
   4.110810810811E-3  -2.531018541413E-2
   4.103378378378E-3  -2.564718852641E-2
   4.095945945946E-3  -2.598342351895E-2
   4.088513513514E-3  -2.631889435914E-2
   4.081081081081E-3  -2.665360482043E-2
   4.073648648649E-3  -2.698755868339E-2
   4.066216216216E-3  -2.732075972469E-2
   4.058783783784E-3  -2.765321171646E-2
   4.051351351351E-3  -2.798491831332E-2
   4.043918918919E-3  -2.831588323732E-2
   4.036486486486E-3  -2.864611009621E-2
   4.029054054054E-3  -2.897560266992E-2
   4.021621621622E-3  -2.930436437602E-2
   4.014189189189E-3  -2.963239893819E-2
   4.006756756757E-3  -2.995970979714E-2
   3.999324324324E-3  -3.028630058664E-2
   3.991891891892E-3  -3.061217475452E-2
   3.984459459459E-3  -3.093733580086E-2
   3.977027027027E-3  -3.126178714862E-2
   3.969594594595E-3  -3.158553227399E-2
   3.962162162162E-3  -3.190857453947E-2
   3.954729729730E-3  -3.223091736115E-2
   3.947297297297E-3  -3.255256404224E-2
   3.939864864865E-3  -3.287351802226E-2
   3.932432432432E-3  -3.319378254134E-2
   3.925000000000E-3  -3.351336088195E-2
   3.917567567568E-3  -3.383225630519E-2
   3.910135135135E-3  -3.415047208089E-2
   3.902702702703E-3  -3.446801141745E-2
   3.895270270270E-3  -3.478487751961E-2
   3.887837837838E-3  -3.510107357942E-2
   3.880405405405E-3  -3.541660270082E-2
   3.872972972973E-3  -3.573146806796E-2
   3.865540540541E-3  -3.604567276016E-2
   3.858108108108E-3  -3.635921987892E-2
   3.850675675676E-3  -3.667211244506E-2
   3.843243243243E-3  -3.698435358517E-2
   3.835810810811E-3  -3.729594628128E-2
   3.828378378378E-3  -3.760689357101E-2
   3.820945945946E-3  -3.791719837695E-2
   3.813513513514E-3  -3.822686373174E-2
   3.806081081081E-3  -3.853589251538E-2
   3.798648648649E-3  -3.884428769637E-2
   3.791216216216E-3  -3.915205217097E-2
   3.783783783784E-3  -3.945918882972E-2
   3.776351351351E-3  -3.976570050589E-2
   3.768918918919E-3  -4.007159010940E-2
   3.761486486486E-3  -4.037686041490E-2
   3.754054054054E-3  -4.068151425248E-2
   3.746621621622E-3  -4.098555440302E-2
   3.739189189189E-3  -4.128898364992E-2
   3.731756756757E-3  -4.159180472489E-2
   3.724324324324E-3  -4.189402040846E-2
   3.716891891892E-3  -4.219563335495E-2
   3.709459459459E-3  -4.249664631065E-2
   3.702027027027E-3  -4.279706192915E-2
   3.694594594595E-3  -4.309688294390E-2
   3.687162162162E-3  -4.339611188106E-2
   3.679729729730E-3  -4.369475145709E-2
   3.672297297297E-3  -4.399280424582E-2
   3.664864864865E-3  -4.429027286509E-2
   3.657432432432E-3  -4.458715988301E-2
   3.650000000000E-3  -4.488346787746E-2
   3.642567567568E-3  -4.517919935281E-2
   3.635135135135E-3  -4.547435688787E-2
   3.627702702703E-3  -4.576894296778E-2
   3.620270270270E-3  -4.606296009929E-2
   3.612837837838E-3  -4.635641071958E-2
   3.605405405405E-3  -4.664929733907E-2
   3.597972972973E-3  -4.694162241743E-2
   3.590540540541E-3  -4.723338835436E-2
   3.583108108108E-3  -4.752459754581E-2
   3.575675675676E-3  -4.781525243520E-2
   3.568243243243E-3  -4.810535541833E-2
   3.560810810811E-3  -4.839490884929E-2
   3.553378378378E-3  -4.868391503789E-2
   3.545945945946E-3  -4.897237639413E-2
   3.538513513514E-3  -4.926029520137E-2
   3.531081081081E-3  -4.954767379622E-2
   3.523648648649E-3  -4.983451447979E-2
   3.516216216216E-3  -5.012081950209E-2
   3.508783783784E-3  -5.040659115752E-2
   3.501351351351E-3  -5.069183171615E-2
   3.493918918919E-3  -5.097654335578E-2
   3.486486486486E-3  -5.126072838379E-2
   3.479054054054E-3  -5.154438893953E-2
   3.471621621622E-3  -5.182752729033E-2
   3.464189189189E-3  -5.211014556443E-2
   3.456756756757E-3  -5.239224596486E-2
   3.449324324324E-3  -5.267383065255E-2
   3.441891891892E-3  -5.295490176384E-2
   3.434459459459E-3  -5.323546140773E-2
   3.427027027027E-3  -5.351551175912E-2
   3.419594594595E-3  -5.379505483233E-2
   3.412162162162E-3  -5.407409277730E-2
   3.404729729730E-3  -5.435262771888E-2
   3.397297297297E-3  -5.463066168573E-2
   3.389864864865E-3  -5.490819673954E-2
   3.382432432432E-3  -5.518523486285E-2
   3.375000000000E-3  -5.546177816473E-2
   3.367567567568E-3  -5.573782861878E-2
   3.360135135135E-3  -5.601338826757E-2
   3.352702702703E-3  -5.628845903132E-2
   3.345270270270E-3  -5.656304300587E-2
   3.337837837838E-3  -5.683714208336E-2
   3.330405405405E-3  -5.711075821447E-2
   3.322972972973E-3  -5.738389339380E-2
   3.315540540541E-3  -5.765654951183E-2
   3.308108108108E-3  -5.792872851548E-2
   3.300675675676E-3  -5.820043233578E-2
   3.293243243243E-3  -5.847166281173E-2
   3.285810810811E-3  -5.874242191023E-2
   3.278378378378E-3  -5.901271144102E-2
   3.270945945946E-3  -5.928253334681E-2
   3.263513513514E-3  -5.955188937437E-2
   3.256081081081E-3  -5.982078149314E-2
   3.248648648649E-3  -6.008921142595E-2
   3.241216216216E-3  -6.035718107934E-2
   3.233783783784E-3  -6.062469224186E-2
   3.226351351351E-3  -6.089174669710E-2
   3.218918918919E-3  -6.115834626770E-2
   3.211486486486E-3  -6.142449267936E-2
   3.204054054054E-3  -6.169018777626E-2
   3.196621621622E-3  -6.195543329023E-2
   3.189189189189E-3  -6.222023093190E-2
   3.181756756757E-3  -6.248458246508E-2
   3.174324324324E-3  -6.274848966360E-2
   3.166891891892E-3  -6.301195422495E-2
   3.159459459459E-3  -6.327497781602E-2
   3.152027027027E-3  -6.353756220496E-2
   3.144594594595E-3  -6.379970904070E-2
   3.137162162162E-3  -6.406142002075E-2
   3.129729729730E-3  -6.432269680521E-2
   3.122297297297E-3  -6.458354105391E-2
   3.114864864865E-3  -6.484395443494E-2
   3.107432432432E-3  -6.510393859596E-2
   3.100000000000E-3  -6.536349512939E-2
   3.092567567568E-3  -6.562262573581E-2
   3.085135135135E-3  -6.588133200162E-2
   3.077702702703E-3  -6.613961547362E-2
   3.070270270270E-3  -6.639747782378E-2
   3.062837837838E-3  -6.665492057836E-2
   3.055405405405E-3  -6.691194536608E-2
   3.047972972973E-3  -6.716855374710E-2
   3.040540540541E-3  -6.742474728788E-2
   3.033108108108E-3  -6.768052753974E-2
   3.025675675676E-3  -6.793589605991E-2
   3.018243243243E-3  -6.819085431677E-2
   3.010810810811E-3  -6.844540393741E-2
   3.003378378378E-3  -6.869954637501E-2
   2.995945945946E-3  -6.895328314637E-2
   2.988513513514E-3  -6.920661575521E-2
   2.981081081081E-3  -6.945954574176E-2
   2.973648648649E-3  -6.971207453846E-2
   2.966216216216E-3  -6.996420367051E-2
   2.958783783784E-3  -7.021593453447E-2
   2.951351351351E-3  -7.046726866180E-2
   2.943918918919E-3  -7.071820748965E-2
   2.936486486486E-3  -7.096875244380E-2
   2.929054054054E-3  -7.121890495524E-2
   2.921621621622E-3  -7.146866652298E-2
   2.914189189189E-3  -7.171803847455E-2
   2.906756756757E-3  -7.196702229386E-2
   2.899324324324E-3  -7.221561935804E-2
   2.891891891892E-3  -7.246383110456E-2
   2.884459459459E-3  -7.271165885020E-2
   2.877027027027E-3  -7.295910405963E-2
   2.869594594595E-3  -7.320616801881E-2
   2.862162162162E-3  -7.345285219233E-2
   2.854729729730E-3  -7.369915788740E-2
   2.847297297297E-3  -7.394508653468E-2
   2.839864864865E-3  -7.419063932447E-2
   2.832432432432E-3  -7.443581774561E-2
   2.825000000000E-3  -7.468062308423E-2
   2.817567567568E-3  -7.492505664967E-2
   2.810135135135E-3  -7.516911976948E-2
   2.802702702703E-3  -7.541281377092E-2
   2.795270270270E-3  -7.565613993336E-2
   2.787837837838E-3  -7.589909962265E-2
   2.780405405405E-3  -7.614169403773E-2
   2.772972972973E-3  -7.638392451134E-2
   2.765540540541E-3  -7.662579230478E-2
   2.758108108108E-3  -7.686729870931E-2
   2.750675675676E-3  -7.710844497400E-2
   2.743243243243E-3  -7.734923237092E-2
   2.735810810811E-3  -7.758966214318E-2
   2.728378378378E-3  -7.782973555268E-2
   2.720945945946E-3  -7.806945380396E-2
   2.713513513514E-3  -7.830881817069E-2
   2.706081081081E-3  -7.854782982555E-2
   2.698648648649E-3  -7.878649002158E-2
   2.691216216216E-3  -7.902479994266E-2
   2.683783783784E-3  -7.926276086633E-2
   2.676351351351E-3  -7.950037393804E-2
   2.668918918919E-3  -7.973764037368E-2
   2.661486486486E-3  -7.997456134222E-2
   2.654054054054E-3  -8.021113805995E-2
   2.646621621622E-3  -8.044737161451E-2
   2.639189189189E-3  -8.068326325154E-2
   2.631756756757E-3  -8.091881415066E-2
   2.624324324324E-3  -8.115402547470E-2
   2.616891891892E-3  -8.138889828275E-2
   2.609459459459E-3  -8.162343380503E-2
   2.602027027027E-3  -8.185763315264E-2
   2.594594594595E-3  -8.209149749400E-2
   2.587162162162E-3  -8.232502787620E-2
   2.579729729730E-3  -8.255822553312E-2
   2.572297297297E-3  -8.279109147338E-2
   2.564864864865E-3  -8.302362691853E-2
   2.557432432432E-3  -8.325583290221E-2
   2.550000000000E-3  -8.348771054829E-2
   2.542567567568E-3  -8.371926092356E-2
   2.535135135135E-3  -8.395048516608E-2
   2.527702702703E-3  -8.418138432592E-2
   2.520270270270E-3  -8.441195949513E-2
   2.512837837838E-3  -8.464221173054E-2
   2.505405405405E-3  -8.487214213163E-2
   2.497972972973E-3  -8.510175175931E-2
   2.490540540541E-3  -8.533104162938E-2
   2.483108108108E-3  -8.556001283316E-2
   2.475675675676E-3  -8.578866642872E-2
   2.468243243243E-3  -8.601700343164E-2
   2.460810810811E-3  -8.624502482615E-2
   2.453378378378E-3  -8.647273175127E-2
   2.445945945946E-3  -8.670012518031E-2
   2.438513513514E-3  -8.692720615034E-2
   2.431081081081E-3  -8.715397565891E-2
   2.423648648649E-3  -8.738043476159E-2
   2.416216216216E-3  -8.760658438574E-2
   2.408783783784E-3  -8.783242561010E-2
   2.401351351351E-3  -8.805795937803E-2
   2.393918918919E-3  -8.828318669519E-2
   2.386486486486E-3  -8.850810859355E-2
   2.379054054054E-3  -8.873272600181E-2
   2.371621621622E-3  -8.895703992233E-2
   2.364189189189E-3  -8.918105132457E-2
   2.356756756757E-3  -8.940476118723E-2
   2.349324324324E-3  -8.962817045627E-2
   2.341891891892E-3  -8.985128011925E-2
   2.334459459459E-3  -9.007409106016E-2
   2.327027027027E-3  -9.029660432656E-2
   2.319594594595E-3  -9.051882080098E-2
   2.312162162162E-3  -9.074074143447E-2
   2.304729729730E-3  -9.096236714974E-2
   2.297297297297E-3  -9.118369895923E-2
   2.289864864865E-3  -9.140473769601E-2
   2.282432432432E-3  -9.162548432168E-2
   2.275000000000E-3  -9.184593972872E-2
   2.267567567568E-3  -9.206610488257E-2
   2.260135135135E-3  -9.228598066294E-2
   2.252702702703E-3  -9.250556796108E-2
   2.245270270270E-3  -9.272486771863E-2
   2.237837837838E-3  -9.294388080584E-2
   2.230405405405E-3  -9.316260815250E-2
   2.222972972973E-3  -9.338105058116E-2
   2.215540540541E-3  -9.359920898014E-2
   2.208108108108E-3  -9.381708429352E-2
   2.200675675676E-3  -9.403467736671E-2
   2.193243243243E-3  -9.425198905173E-2
   2.185810810811E-3  -9.446902024551E-2
   2.178378378378E-3  -9.468577186165E-2
   2.170945945946E-3  -9.490224463612E-2
   2.163513513514E-3  -9.511843951745E-2
   2.156081081081E-3  -9.533435729693E-2
   2.148648648649E-3  -9.554999888483E-2
   2.141216216216E-3  -9.576536508443E-2
   2.133783783784E-3  -9.598045677902E-2
   2.126351351351E-3  -9.619527477556E-2
   2.118918918919E-3  -9.640981993220E-2
   2.111486486486E-3  -9.662409299768E-2
   2.104054054054E-3  -9.683809487753E-2
   2.096621621622E-3  -9.705182635970E-2
   2.089189189189E-3  -9.726528827649E-2
   2.081756756757E-3  -9.747848144341E-2
   2.074324324324E-3  -9.769140668471E-2
   2.066891891892E-3  -9.790406475433E-2
   2.059459459459E-3  -9.811645653531E-2
   2.052027027027E-3  -9.832858274577E-2
   2.044594594595E-3  -9.854044420996E-2
   2.037162162162E-3  -9.875204172205E-2
   2.029729729730E-3  -9.896337610608E-2
   2.022297297297E-3  -9.917444808218E-2
   2.014864864865E-3  -9.938525850235E-2
   2.007432432432E-3  -9.959580805734E-2
   2.000000000000E-3  -9.980609761852E-2
   1.992567567568E-3  -1.000161278753E-1
   1.985135135135E-3  -1.002258996559E-1
   1.977702702703E-3  -1.004354136696E-1
   1.970270270270E-3  -1.006446707307E-1
   1.962837837838E-3  -1.008536715520E-1
   1.955405405405E-3  -1.010624169248E-1
   1.947972972973E-3  -1.012709075329E-1
   1.940540540541E-3  -1.014791442416E-1
   1.933108108108E-3  -1.016871277047E-1
   1.925675675676E-3  -1.018948586543E-1
   1.918243243243E-3  -1.021023378492E-1
   1.910810810811E-3  -1.023095660480E-1
   1.903378378378E-3  -1.025165439620E-1
   1.895945945946E-3  -1.027232723425E-1
   1.888513513514E-3  -1.029297518505E-1
   1.881081081081E-3  -1.031359832846E-1
   1.873648648649E-3  -1.033419673122E-1
   1.866216216216E-3  -1.035477046857E-1
   1.858783783784E-3  -1.037531960411E-1
   1.851351351351E-3  -1.039584421429E-1
   1.843918918919E-3  -1.041634437156E-1
   1.836486486486E-3  -1.043682014571E-1
   1.829054054054E-3  -1.045727160101E-1
   1.821621621622E-3  -1.047769881260E-1
   1.814189189189E-3  -1.049810184855E-1
   1.806756756757E-3  -1.051848077813E-1
   1.799324324324E-3  -1.053883566535E-1
   1.791891891892E-3  -1.055916658583E-1
   1.784459459459E-3  -1.057947360456E-1
   1.777027027027E-3  -1.059975678712E-1
   1.769594594595E-3  -1.062001620665E-1
   1.762162162162E-3  -1.064025192482E-1
   1.754729729730E-3  -1.066046401127E-1
   1.747297297297E-3  -1.068065253122E-1
   1.739864864865E-3  -1.070081755320E-1
   1.732432432432E-3  -1.072095914164E-1
   1.725000000000E-3  -1.074107736166E-1
   1.717567567568E-3  -1.076117228078E-1
   1.710135135135E-3  -1.078124396322E-1
   1.702702702703E-3  -1.080129247514E-1
   1.695270270270E-3  -1.082131788277E-1
   1.687837837838E-3  -1.084132024168E-1
   1.680405405405E-3  -1.086129962631E-1
   1.672972972973E-3  -1.088125609810E-1
   1.665540540541E-3  -1.090118971531E-1
   1.658108108108E-3  -1.092110054780E-1
   1.650675675676E-3  -1.094098865574E-1
   1.643243243243E-3  -1.096085410156E-1
   1.635810810811E-3  -1.098069695158E-1
   1.628378378378E-3  -1.100051726191E-1
   1.620945945946E-3  -1.102031509682E-1
   1.613513513514E-3  -1.104009051932E-1
   1.606081081081E-3  -1.105984359288E-1
   1.598648648649E-3  -1.107957437453E-1
   1.591216216216E-3  -1.109928292750E-1
   1.583783783784E-3  -1.111896931205E-1
   1.576351351351E-3  -1.113863359229E-1
   1.568918918919E-3  -1.115827582158E-1
   1.561486486486E-3  -1.117789606535E-1
   1.554054054054E-3  -1.119749437735E-1
   1.546621621622E-3  -1.121707082278E-1
   1.539189189189E-3  -1.123662546073E-1
   1.531756756757E-3  -1.125615834851E-1
   1.524324324324E-3  -1.127566954299E-1
   1.516891891892E-3  -1.129515910696E-1
   1.509459459459E-3  -1.131462709517E-1
   1.502027027027E-3  -1.133407356671E-1
   1.494594594595E-3  -1.135349857801E-1
   1.487162162162E-3  -1.137290219029E-1
   1.479729729730E-3  -1.139228446019E-1
   1.472297297297E-3  -1.141164543852E-1
   1.464864864865E-3  -1.143098519148E-1
   1.457432432432E-3  -1.145030377088E-1
   1.450000000000E-3  -1.146960123199E-1
   1.442567567568E-3  -1.148887763509E-1
   1.435135135135E-3  -1.150813302990E-1
   1.427702702703E-3  -1.152736747610E-1
   1.420270270270E-3  -1.154658103084E-1
   1.412837837838E-3  -1.156577374467E-1
   1.405405405405E-3  -1.158494567859E-1
   1.397972972973E-3  -1.160409688159E-1
   1.390540540541E-3  -1.162322741060E-1
   1.383108108108E-3  -1.164233732263E-1
   1.375675675676E-3  -1.166142666642E-1
   1.368243243243E-3  -1.168049549999E-1
   1.360810810811E-3  -1.169954387615E-1
   1.353378378378E-3  -1.171857184708E-1
   1.345945945946E-3  -1.173757946813E-1
   1.338513513514E-3  -1.175656679191E-1
   1.331081081081E-3  -1.177553387141E-1
   1.323648648649E-3  -1.179448075592E-1
   1.316216216216E-3  -1.181340750438E-1
   1.308783783784E-3  -1.183231416108E-1
   1.301351351351E-3  -1.185120078523E-1
   1.293918918919E-3  -1.187006742294E-1
   1.286486486486E-3  -1.188891413133E-1
   1.279054054054E-3  -1.190774095829E-1
   1.271621621622E-3  -1.192654795782E-1
   1.264189189189E-3  -1.194533517357E-1
   1.256756756757E-3  -1.196410266514E-1
   1.249324324324E-3  -1.198285047852E-1
   1.241891891892E-3  -1.200157866719E-1
   1.234459459459E-3  -1.202028727559E-1
   1.227027027027E-3  -1.203897636146E-1
   1.219594594595E-3  -1.205764596970E-1
   1.212162162162E-3  -1.207629615205E-1
   1.204729729730E-3  -1.209492695638E-1
   1.197297297297E-3  -1.211353843051E-1
   1.189864864865E-3  -1.213213062603E-1
   1.182432432432E-3  -1.215070359331E-1
   1.175000000000E-3  -1.216925737508E-1
   1.167567567568E-3  -1.218779202754E-1
   1.160135135135E-3  -1.220630758917E-1
   1.152702702703E-3  -1.222480412172E-1
   1.145270270270E-3  -1.224328166131E-1
   1.137837837838E-3  -1.226174026078E-1
   1.130405405405E-3  -1.228017996493E-1
   1.122972972973E-3  -1.229860082328E-1
   1.115540540541E-3  -1.231700288357E-1
   1.108108108108E-3  -1.233538619069E-1
   1.100675675676E-3  -1.235375079182E-1
   1.093243243243E-3  -1.237209673636E-1
   1.085810810811E-3  -1.239042406992E-1
   1.078378378378E-3  -1.240873283587E-1
   1.070945945946E-3  -1.242702308058E-1
   1.063513513514E-3  -1.244529485111E-1
   1.056081081081E-3  -1.246354819567E-1
   1.048648648649E-3  -1.248178315695E-1
   1.041216216216E-3  -1.249999978041E-1
   1.033783783784E-3  -1.251819811448E-1
   1.026351351351E-3  -1.253637819965E-1
   1.018918918919E-3  -1.255454008444E-1
   1.011486486486E-3  -1.257268380899E-1
   1.004054054054E-3  -1.259080942188E-1
   9.966216216216E-4  -1.260891696978E-1
   9.891891891892E-4  -1.262700648975E-1
   9.817567567568E-4  -1.264507803033E-1
   9.743243243243E-4  -1.266313163764E-1
   9.668918918919E-4  -1.268116735115E-1
   9.594594594595E-4  -1.269918521400E-1
   9.520270270270E-4  -1.271718527316E-1
   9.445945945946E-4  -1.273516757024E-1
   9.371621621622E-4  -1.275313214704E-1
   9.297297297297E-4  -1.277107904682E-1
   9.222972972973E-4  -1.278900831360E-1
   9.148648648649E-4  -1.280691999205E-1
   9.074324324324E-4  -1.282481412289E-1
   9.000000000000E-4  -1.284269074330E-1
   8.925675675676E-4  -1.286054990219E-1
   8.851351351351E-4  -1.287839163632E-1
   8.777027027027E-4  -1.289621599202E-1
   8.702702702703E-4  -1.291402300781E-1
   8.628378378378E-4  -1.293181273042E-1
   8.554054054054E-4  -1.294958519501E-1
   8.479729729730E-4  -1.296734044491E-1
   8.405405405405E-4  -1.298507852059E-1
   8.331081081081E-4  -1.300279946512E-1
   8.256756756757E-4  -1.302050331654E-1
   8.182432432432E-4  -1.303819011781E-1
   8.108108108108E-4  -1.305585990351E-1
   8.033783783784E-4  -1.307351272503E-1
   7.959459459459E-4  -1.309114861306E-1
   7.885135135135E-4  -1.310876760999E-1
   7.810810810811E-4  -1.312636975648E-1
   7.736486486486E-4  -1.314395509189E-1
   7.662162162162E-4  -1.316152365670E-1
   7.587837837838E-4  -1.317907549120E-1
   7.513513513514E-4  -1.319661062993E-1
   7.439189189189E-4  -1.321412911895E-1
   7.364864864865E-4  -1.323163098858E-1
   7.290540540541E-4  -1.324911629036E-1
   7.216216216216E-4  -1.326658504703E-1
   7.141891891892E-4  -1.328403730897E-1
   7.067567567568E-4  -1.330147310830E-1
   6.993243243243E-4  -1.331889248950E-1
   6.918918918919E-4  -1.333629548387E-1
   6.844594594595E-4  -1.335368213411E-1
   6.770270270270E-4  -1.337105247876E-1
   6.695945945946E-4  -1.338840655502E-1
   6.621621621622E-4  -1.340574439414E-1
   6.547297297297E-4  -1.342306604060E-1
   6.472972972973E-4  -1.344037152915E-1
   6.398648648649E-4  -1.345766089898E-1
   6.324324324324E-4  -1.347493418340E-1
   6.250000000000E-4  -1.349219142386E-1
   6.175675675676E-4  -1.350943265167E-1
   6.101351351351E-4  -1.352665791053E-1
   6.027027027027E-4  -1.354386723245E-1
   5.952702702703E-4  -1.356106065434E-1
   5.878378378378E-4  -1.357823821136E-1
   5.804054054054E-4  -1.359539994293E-1
   5.729729729730E-4  -1.361254588226E-1
   5.655405405405E-4  -1.362967606639E-1
   5.581081081081E-4  -1.364679053390E-1
   5.506756756757E-4  -1.366388931489E-1
   5.432432432432E-4  -1.368097244553E-1
   5.358108108108E-4  -1.369803996893E-1
   5.283783783784E-4  -1.371509191007E-1
   5.209459459459E-4  -1.373212831028E-1
   5.135135135135E-4  -1.374914920224E-1
   5.060810810811E-4  -1.376615462250E-1
   4.986486486486E-4  -1.378314460441E-1
   4.912162162162E-4  -1.380011918417E-1
   4.837837837838E-4  -1.381707839512E-1
   4.763513513514E-4  -1.383402227456E-1
   4.689189189189E-4  -1.385095085179E-1
   4.614864864865E-4  -1.386786415979E-1
   4.540540540541E-4  -1.388476223996E-1
   4.466216216216E-4  -1.390164512225E-1
   4.391891891892E-4  -1.391851284377E-1
   4.317567567568E-4  -1.393536543118E-1
   4.243243243243E-4  -1.395220292627E-1
   4.168918918919E-4  -1.396902535616E-1
   4.094594594595E-4  -1.398583275694E-1
   4.020270270270E-4  -1.400262515932E-1
   3.945945945946E-4  -1.401940260042E-1
   3.871621621622E-4  -1.403616511213E-1
   3.797297297297E-4  -1.405291272702E-1
   3.722972972973E-4  -1.406964547811E-1
   3.648648648649E-4  -1.408636339486E-1
   3.574324324324E-4  -1.410306651588E-1
   3.500000000000E-4  -1.411975486718E-1
   3.425675675676E-4  -1.413642848651E-1
   3.351351351351E-4  -1.415308740204E-1
   3.277027027027E-4  -1.416973164779E-1
   3.202702702703E-4  -1.418636125859E-1
   3.128378378378E-4  -1.420297626056E-1
   3.054054054054E-4  -1.421957668990E-1
   2.979729729730E-4  -1.423616257608E-1
   2.905405405405E-4  -1.425273395409E-1
   2.831081081081E-4  -1.426929085029E-1
   2.756756756757E-4  -1.428583329841E-1
   2.682432432432E-4  -1.430236133073E-1
   2.608108108108E-4  -1.431887498065E-1
   2.533783783784E-4  -1.433537426911E-1
   2.459459459459E-4  -1.435185924005E-1
   2.385135135135E-4  -1.436832991921E-1
   2.310810810811E-4  -1.438478633173E-1
   2.236486486486E-4  -1.440122851674E-1
   2.162162162162E-4  -1.441765649815E-1
   2.087837837838E-4  -1.443407031103E-1
   2.013513513514E-4  -1.445046998626E-1
   1.939189189189E-4  -1.446685554949E-1
   1.864864864865E-4  -1.448322703217E-1
   1.790540540541E-4  -1.449958447056E-1
   1.716216216216E-4  -1.451592788865E-1
   1.641891891892E-4  -1.453225731476E-1
   1.567567567568E-4  -1.454857277972E-1
   1.493243243243E-4  -1.456487431609E-1
   1.418918918919E-4  -1.458116195305E-1
   1.344594594595E-4  -1.459743571717E-1
   1.270270270270E-4  -1.461369563979E-1
   1.195945945946E-4  -1.462994175325E-1
   1.121621621622E-4  -1.464617408093E-1
   1.047297297297E-4  -1.466239265471E-1
   9.729729729730E-5  -1.467859749837E-1
   8.986486486487E-5  -1.469478865238E-1
   8.243243243243E-5  -1.471096613606E-1
   7.500000000000E-5  -1.472712998151E-1
