#             e [au]            f [a.u.]
   2.500000000000E-3    1.000000000000E0
   2.497522522523E-3   9.721660309713E-1
   2.495045045045E-3   9.040732625472E-1
   2.492567567568E-3   8.359467154477E-1
   2.490090090090E-3   7.761307611296E-1
   2.487612612613E-3   7.248026871598E-1
   2.485135135135E-3   6.806969361201E-1
   2.482657657658E-3   6.424965638608E-1
   2.480180180180E-3   6.090999883538E-1
   2.477702702703E-3   5.796338579286E-1
   2.475225225225E-3   5.534138528658E-1
   2.472747747748E-3   5.299023754717E-1
   2.470270270270E-3   5.086737031042E-1
   2.467792792793E-3   4.893873498708E-1
   2.465315315315E-3   4.717681690603E-1
   2.462837837838E-3   4.555915510417E-1
   2.460360360360E-3   4.406723667698E-1
   2.457882882883E-3   4.268566448988E-1
   2.455405405405E-3   4.140152482755E-1
   2.452927927928E-3   4.020390216893E-1
   2.450450450450E-3   3.908350327572E-1
   2.447972972973E-3   3.803236302442E-1
   2.445495495495E-3   3.704361222368E-1
   2.443018018018E-3   3.611129265721E-1
   2.440540540541E-3   3.523020858553E-1
   2.438063063063E-3   3.439580655140E-1
   2.435585585586E-3   3.360407740149E-1
   2.433108108108E-3   3.285147586197E-1
   2.430630630631E-3   3.213485409972E-1
   2.428153153153E-3   3.145140645645E-1
   2.425675675676E-3   3.079862331650E-1
   2.423198198198E-3   3.017425224149E-1
   2.420720720721E-3   2.957626519988E-1
   2.418243243243E-3   2.900283071453E-1
   2.415765765766E-3   2.845229010325E-1
   2.413288288288E-3   2.792313713233E-1
   2.410810810811E-3   2.741400052148E-1
   2.408333333333E-3   2.692362881804E-1
   2.405855855856E-3   2.645087730178E-1
   2.403378378378E-3   2.599469658635E-1
   2.400900900901E-3   2.555412266406E-1
   2.398423423423E-3   2.512826820681E-1
   2.395945945946E-3   2.471631490767E-1
   2.393468468468E-3   2.431750673539E-1
   2.390990990991E-3   2.393114399310E-1
   2.388513513514E-3   2.355657803108E-1
   2.386036036036E-3   2.319320656524E-1
   2.383558558559E-3   2.284046951828E-1
   2.381081081081E-3   2.249784528614E-1
   2.378603603604E-3   2.216484740362E-1
   2.376126126126E-3   2.184102157798E-1
   2.373648648649E-3   2.152594299760E-1
   2.371171171171E-3   2.121921391987E-1
   2.368693693694E-3   2.092046149143E-1
   2.366216216216E-3   2.062933579108E-1
   2.363738738739E-3   2.034550804904E-1
   2.361261261261E-3   2.006866901657E-1
   2.358783783784E-3   1.979852752556E-1
   2.356306306306E-3   1.953480912961E-1
   2.353828828829E-3   1.927725490747E-1
   2.351351351351E-3   1.902562033723E-1
   2.348873873874E-3   1.877967430129E-1
   2.346396396396E-3   1.853919813806E-1
   2.343918918919E-3   1.830398480406E-1
   2.341441441441E-3   1.807383808463E-1
   2.338963963964E-3   1.784857189355E-1
   2.336486486486E-3   1.762800957799E-1
   2.334009009009E-3   1.741198334815E-1
   2.331531531532E-3   1.720033369320E-1
   2.329054054054E-3   1.699290886453E-1
   2.326576576577E-3   1.678956439945E-1
   2.324099099099E-3   1.659016268466E-1
   2.321621621622E-3   1.639457253156E-1
   2.319144144144E-3   1.620266880925E-1
   2.316666666667E-3   1.601433207177E-1
   2.314189189189E-3   1.582944825072E-1
   2.311711711712E-3   1.564790833139E-1
   2.309234234234E-3   1.546960807497E-1
   2.306756756757E-3   1.529444775171E-1
   2.304279279279E-3   1.512233190122E-1
   2.301801801802E-3   1.495316907906E-1
   2.299324324324E-3   1.478687166940E-1
   2.296846846847E-3   1.462335565966E-1
   2.294369369369E-3   1.446254046719E-1
   2.291891891892E-3   1.430434873300E-1
   2.289414414414E-3   1.414870621108E-1
   2.286936936937E-3   1.399554154884E-1
   2.284459459459E-3   1.384478618776E-1
   2.281981981982E-3   1.369637420271E-1
   2.279504504505E-3   1.355024217548E-1
   2.277027027027E-3   1.340632908152E-1
   2.274549549550E-3   1.326457616411E-1
   2.272072072072E-3   1.312492683824E-1
   2.269594594595E-3   1.298732658747E-1
   2.267117117117E-3   1.285172283886E-1
   2.264639639640E-3   1.271806492112E-1
   2.262162162162E-3   1.258630395913E-1
   2.259684684685E-3   1.245639276689E-1
   2.257207207207E-3   1.232828581208E-1
   2.254729729730E-3   1.220193911199E-1
   2.252252252252E-3   1.207731019546E-1
   2.249774774775E-3   1.195435800336E-1
   2.247297297297E-3   1.183304285171E-1
   2.244819819820E-3   1.171332637131E-1
   2.242342342342E-3   1.159517144169E-1
   2.239864864865E-3   1.147854214874E-1
   2.237387387387E-3   1.136340373043E-1
   2.234909909910E-3   1.124972252824E-1
   2.232432432432E-3   1.113746594596E-1
   2.229954954955E-3   1.102660240424E-1
   2.227477477477E-3   1.091710131116E-1
   2.225000000000E-3   1.080893299600E-1
   2.222522522523E-3   1.070206870417E-1
   2.220045045045E-3   1.059648054399E-1
   2.217567567568E-3   1.049214146119E-1
   2.215090090090E-3   1.038902519295E-1
   2.212612612613E-3   1.028710625845E-1
   2.210135135135E-3   1.018635991712E-1
   2.207657657658E-3   1.008676214237E-1
   2.205180180180E-3   9.988289592857E-2
   2.202702702703E-3   9.890919595857E-2
   2.200225225225E-3   9.794630109024E-2
   2.197747747748E-3   9.699399723605E-2
   2.195270270270E-3   9.605207609499E-2
   2.192792792793E-3   9.512033516731E-2
   2.190315315315E-3   9.419857743544E-2
   2.187837837838E-3   9.328661128408E-2
   2.185360360360E-3   9.238425020603E-2
   2.182882882883E-3   9.149131264550E-2
   2.180405405405E-3   9.060762191750E-2
   2.177927927928E-3   8.973300594277E-2
   2.175450450450E-3   8.886729707991E-2
   2.172972972973E-3   8.801033212678E-2
   2.170495495495E-3   8.716195202960E-2
   2.168018018018E-3   8.632200177203E-2
   2.165540540541E-3   8.549033024417E-2
   2.163063063063E-3   8.466679017637E-2
   2.160585585586E-3   8.385123797860E-2
   2.158108108108E-3   8.304353360226E-2
   2.155630630631E-3   8.224354044601E-2
   2.153153153153E-3   8.145112519111E-2
   2.150675675676E-3   8.066615786654E-2
   2.148198198198E-3   7.988851147814E-2
   2.145720720721E-3   7.911806220267E-2
   2.143243243243E-3   7.835468910235E-2
   2.140765765766E-3   7.759827402384E-2
   2.138288288288E-3   7.684870177089E-2
   2.135810810811E-3   7.610585966271E-2
   2.133333333333E-3   7.536963766382E-2
   2.130855855856E-3   7.463992828066E-2
   2.128378378378E-3   7.391662643112E-2
   2.125900900901E-3   7.319962953559E-2
   2.123423423423E-3   7.248883713710E-2
   2.120945945946E-3   7.178415113521E-2
   2.118468468468E-3   7.108547567296E-2
   2.115990990991E-3   7.039271686340E-2
   2.113513513514E-3   6.970578294785E-2
   2.111036036036E-3   6.902458422613E-2
   2.108558558559E-3   6.834903283306E-2
   2.106081081081E-3   6.767904285531E-2
   2.103603603604E-3   6.701453022454E-2
   2.101126126126E-3   6.635541266832E-2
   2.098648648649E-3   6.570160961065E-2
   2.096171171171E-3   6.505304215849E-2
   2.093693693694E-3   6.440963314109E-2
   2.091216216216E-3   6.377130695601E-2
   2.088738738739E-3   6.313798946433E-2
   2.086261261261E-3   6.250960820864E-2
   2.083783783784E-3   6.188609210196E-2
   2.081306306306E-3   6.126737153598E-2
   2.078828828829E-3   6.065337824798E-2
   2.076351351351E-3   6.004404545024E-2
   2.073873873874E-3   5.943930761076E-2
   2.071396396396E-3   5.883910052137E-2
   2.068918918919E-3   5.824336117874E-2
   2.066441441441E-3   5.765202793480E-2
   2.063963963964E-3   5.706504019486E-2
   2.061486486486E-3   5.648233863611E-2
   2.059009009009E-3   5.590386508292E-2
   2.056531531532E-3   5.532956236095E-2
   2.054054054054E-3   5.475937457963E-2
   2.051576576577E-3   5.419324666697E-2
   2.049099099099E-3   5.363112480935E-2
   2.046621621622E-3   5.307295601449E-2
   2.044144144144E-3   5.251868842446E-2
   2.041666666667E-3   5.196827108274E-2
   2.039189189189E-3   5.142165396753E-2
   2.036711711712E-3   5.087878793174E-2
   2.034234234234E-3   5.033962484568E-2
   2.031756756757E-3   4.980411737298E-2
   2.029279279279E-3   4.927221894277E-2
   2.026801801802E-3   4.874388396305E-2
   2.024324324324E-3   4.821906766675E-2
   2.021846846847E-3   4.769772590091E-2
   2.019369369369E-3   4.717981547943E-2
   2.016891891892E-3   4.666529393279E-2
   2.014414414414E-3   4.615411946321E-2
   2.011936936937E-3   4.564625101195E-2
   2.009459459459E-3   4.514164835860E-2
   2.006981981982E-3   4.464027184210E-2
   2.004504504505E-3   4.414208249530E-2
   2.002027027027E-3   4.364704208607E-2
   1.999549549550E-3   4.315511295153E-2
   1.997072072072E-3   4.266625808322E-2
   1.994594594595E-3   4.218044107249E-2
   1.992117117117E-3   4.169762630203E-2
   1.989639639640E-3   4.121777845413E-2
   1.987162162162E-3   4.074086301143E-2
   1.984684684685E-3   4.026684595721E-2
   1.982207207207E-3   3.979569382829E-2
   1.979729729730E-3   3.932737368586E-2
   1.977252252252E-3   3.886185320723E-2
   1.974774774775E-3   3.839910048775E-2
   1.972297297297E-3   3.793908421808E-2
   1.969819819820E-3   3.748177357651E-2
   1.967342342342E-3   3.702713813243E-2
   1.964864864865E-3   3.657514814079E-2
   1.962387387387E-3   3.612577407960E-2
   1.959909909910E-3   3.567898706359E-2
   1.957432432432E-3   3.523475867254E-2
   1.954954954955E-3   3.479306079590E-2
   1.952477477477E-3   3.435386587534E-2
   1.950000000000E-3   3.391714672509E-2
   1.947522522523E-3   3.348287664819E-2
   1.945045045045E-3   3.305102915864E-2
   1.942567567568E-3   3.262157845852E-2
   1.940090090090E-3   3.219449892245E-2
   1.937612612613E-3   3.176976535304E-2
   1.935135135135E-3   3.134735299963E-2
   1.932657657658E-3   3.092723750398E-2
   1.930180180180E-3   3.050939471980E-2
   1.927702702703E-3   3.009380097357E-2
   1.925225225225E-3   2.968043294068E-2
   1.922747747748E-3   2.926926763591E-2
   1.920270270270E-3   2.886028236049E-2
   1.917792792793E-3   2.845345476433E-2
   1.915315315315E-3   2.804876291700E-2
   1.912837837838E-3   2.764618504790E-2
   1.910360360360E-3   2.724569985453E-2
   1.907882882883E-3   2.684728615084E-2
   1.905405405405E-3   2.645092325944E-2
   1.902927927928E-3   2.605659064359E-2
   1.900450450450E-3   2.566426816835E-2
   1.897972972973E-3   2.527393588857E-2
   1.895495495495E-3   2.488557422312E-2
   1.893018018018E-3   2.449916380087E-2
   1.890540540541E-3   2.411468551439E-2
   1.888063063063E-3   2.373212064407E-2
   1.885585585586E-3   2.335145057109E-2
   1.883108108108E-3   2.297265699324E-2
   1.880630630631E-3   2.259572187205E-2
   1.878153153153E-3   2.222062740765E-2
   1.875675675676E-3   2.184735605790E-2
   1.873198198198E-3   2.147589046557E-2
   1.870720720721E-3   2.110621356307E-2
   1.868243243243E-3   2.073830851677E-2
   1.865765765766E-3   2.037215864717E-2
   1.863288288288E-3   2.000774761932E-2
   1.860810810811E-3   1.964505914310E-2
   1.858333333333E-3   1.928407732267E-2
   1.855855855856E-3   1.892478636012E-2
   1.853378378378E-3   1.856717071081E-2
   1.850900900901E-3   1.821121501064E-2
   1.848423423423E-3   1.785690405354E-2
   1.845945945946E-3   1.750422299564E-2
   1.843468468468E-3   1.715315694352E-2
   1.840990990991E-3   1.680369137528E-2
   1.838513513514E-3   1.645581191368E-2
   1.836036036036E-3   1.610950435687E-2
   1.833558558559E-3   1.576475463794E-2
   1.831081081081E-3   1.542154898104E-2
   1.828603603604E-3   1.507987367133E-2
   1.826126126126E-3   1.473971522600E-2
   1.823648648649E-3   1.440106026176E-2
   1.821171171171E-3   1.406389572190E-2
   1.818693693694E-3   1.372820849578E-2
   1.816216216216E-3   1.339398584374E-2
   1.813738738739E-3   1.306121502204E-2
   1.811261261261E-3   1.272988349695E-2
   1.808783783784E-3   1.239997896146E-2
   1.806306306306E-3   1.207148911516E-2
   1.803828828829E-3   1.174440203730E-2
   1.801351351351E-3   1.141870562182E-2
   1.798873873874E-3   1.109438817727E-2
   1.796396396396E-3   1.077143811566E-2
   1.793918918919E-3   1.044984393463E-2
   1.791441441441E-3   1.012959418032E-2
   1.788963963964E-3   9.810677709468E-3
   1.786486486486E-3   9.493083446079E-3
   1.784009009009E-3   9.176800347203E-3
   1.781531531532E-3   8.861817682075E-3
   1.779054054054E-3   8.548124679066E-3
   1.776576576577E-3   8.235710791815E-3
   1.774099099099E-3   7.924565580300E-3
   1.771621621622E-3   7.614678706958E-3
   1.769144144144E-3   7.306039967458E-3
   1.766666666667E-3   6.998639240943E-3
   1.764189189189E-3   6.692466588899E-3
   1.761711711712E-3   6.387512145959E-3
   1.759234234234E-3   6.083766136840E-3
   1.756756756757E-3   5.781218966793E-3
   1.754279279279E-3   5.479861063536E-3
   1.751801801802E-3   5.179683036059E-3
   1.749324324324E-3   4.880675558260E-3
   1.746846846847E-3   4.582829420765E-3
   1.744369369369E-3   4.286135550111E-3
   1.741891891892E-3   3.990584890296E-3
   1.739414414414E-3   3.696168649511E-3
   1.736936936937E-3   3.402877898015E-3
   1.734459459459E-3   3.110703999961E-3
   1.731981981982E-3   2.819638349316E-3
   1.729504504505E-3   2.529672363810E-3
   1.727027027027E-3   2.240797712354E-3
   1.724549549550E-3   1.953005988420E-3
   1.722072072072E-3   1.666289016568E-3
   1.719594594595E-3   1.380638585184E-3
   1.717117117117E-3   1.096046666578E-3
   1.714639639640E-3   8.125053045973E-4
   1.712162162162E-3   5.300066109885E-4
   1.709684684685E-3   2.485427759921E-4
   1.707207207207E-3  -3.189391822913E-5
   1.704729729730E-3  -3.113111351205E-4
   1.702252252252E-3  -5.897164034483E-4
   1.699774774775E-3  -8.671172016259E-4
   1.697297297297E-3  -1.143520952281E-3
   1.694819819820E-3  -1.418934960040E-3
   1.692342342342E-3  -1.693366438067E-3
   1.689864864865E-3  -1.966822589562E-3
   1.687387387387E-3  -2.239310474356E-3
   1.684909909910E-3  -2.510837116633E-3
   1.682432432432E-3  -2.781409504333E-3
   1.679954954955E-3  -3.051034489882E-3
   1.677477477477E-3  -3.319718824150E-3
   1.675000000000E-3  -3.587469272667E-3
   1.672522522523E-3  -3.854292532098E-3
   1.670045045045E-3  -4.120195136719E-3
   1.667567567568E-3  -4.385183711358E-3
   1.665090090090E-3  -4.649264606271E-3
   1.662612612613E-3  -4.912444283385E-3
   1.660135135135E-3  -5.174729063412E-3
   1.657657657658E-3  -5.436125217427E-3
   1.655180180180E-3  -5.696638963190E-3
   1.652702702703E-3  -5.956276396443E-3
   1.650225225225E-3  -6.215043652338E-3
   1.647747747748E-3  -6.472946692362E-3
   1.645270270270E-3  -6.729991556189E-3
   1.642792792793E-3  -6.986184062092E-3
   1.640315315315E-3  -7.241530133150E-3
   1.637837837838E-3  -7.496035504911E-3
   1.635360360360E-3  -7.749705934439E-3
   1.632882882883E-3  -8.002547065764E-3
   1.630405405405E-3  -8.254564580733E-3
   1.627927927928E-3  -8.505764019074E-3
   1.625450450450E-3  -8.756150859902E-3
   1.622972972973E-3  -9.005730571827E-3
   1.620495495495E-3  -9.254508544508E-3
   1.618018018018E-3  -9.502490130685E-3
   1.615540540541E-3  -9.749680722517E-3
   1.613063063063E-3  -9.996085479494E-3
   1.610585585586E-3  -1.024170962731E-2
   1.608108108108E-3  -1.048655828795E-2
   1.605630630631E-3  -1.073063662001E-2
   1.603153153153E-3  -1.097394965247E-2
   1.600675675676E-3  -1.121650240031E-2
   1.598198198198E-3  -1.145829983301E-2
   1.595720720721E-3  -1.169934688324E-2
   1.593243243243E-3  -1.193964830730E-2
   1.590765765766E-3  -1.217920907831E-2
   1.588288288288E-3  -1.241803385306E-2
   1.585810810811E-3  -1.265612744297E-2
   1.583333333333E-3  -1.289349443835E-2
   1.580855855856E-3  -1.313013961517E-2
   1.578378378378E-3  -1.336606753369E-2
   1.575900900901E-3  -1.360128272262E-2
   1.573423423423E-3  -1.383578971739E-2
   1.570945945946E-3  -1.406959302928E-2
   1.568468468468E-3  -1.430269706906E-2
   1.565990990991E-3  -1.453510620907E-2
   1.563513513514E-3  -1.476682485419E-2
   1.561036036036E-3  -1.499785729460E-2
   1.558558558559E-3  -1.522820781045E-2
   1.556081081081E-3  -1.545788063904E-2
   1.553603603604E-3  -1.568688001403E-2
   1.551126126126E-3  -1.591521010324E-2
   1.548648648649E-3  -1.614287499909E-2
   1.546171171171E-3  -1.636987880974E-2
   1.543693693694E-3  -1.659622561170E-2
   1.541216216216E-3  -1.682191942238E-2
   1.538738738739E-3  -1.704696419715E-2
   1.536261261261E-3  -1.727136396581E-2
   1.533783783784E-3  -1.749512250589E-2
   1.531306306306E-3  -1.771824377412E-2
   1.528828828829E-3  -1.794073168642E-2
   1.526351351351E-3  -1.816258993274E-2
   1.523873873874E-3  -1.838382233553E-2
   1.521396396396E-3  -1.860443271369E-2
   1.518918918919E-3  -1.882442471309E-2
   1.516441441441E-3  -1.904380202393E-2
   1.513963963964E-3  -1.926256833693E-2
   1.511486486486E-3  -1.948072725477E-2
   1.509009009009E-3  -1.969828234626E-2
   1.506531531532E-3  -1.991523718598E-2
   1.504054054054E-3  -2.013159532729E-2
   1.501576576577E-3  -2.034736022318E-2
   1.499099099099E-3  -2.056253537241E-2
   1.496621621622E-3  -2.077712421889E-2
   1.494144144144E-3  -2.099113014480E-2
   1.491666666667E-3  -2.120455657688E-2
   1.489189189189E-3  -2.141740683318E-2
   1.486711711712E-3  -2.162968429831E-2
   1.484234234234E-3  -2.184139219117E-2
   1.481756756757E-3  -2.205253386929E-2
   1.479279279279E-3  -2.226311249383E-2
   1.476801801802E-3  -2.247313134661E-2
   1.474324324324E-3  -2.268259362353E-2
   1.471846846847E-3  -2.289150239138E-2
   1.469369369369E-3  -2.309986090840E-2
   1.466891891892E-3  -2.330767225736E-2
   1.464414414414E-3  -2.351493945426E-2
   1.461936936937E-3  -2.372166562805E-2
   1.459459459459E-3  -2.392785383173E-2
   1.456981981982E-3  -2.413350706609E-2
   1.454504504505E-3  -2.433862830756E-2
   1.452027027027E-3  -2.454322053025E-2
   1.449549549550E-3  -2.474728665315E-2
   1.447072072072E-3  -2.495082962314E-2
   1.444594594595E-3  -2.515385229707E-2
   1.442117117117E-3  -2.535635762086E-2
   1.439639639640E-3  -2.555834832433E-2
   1.437162162162E-3  -2.575982734976E-2
   1.434684684685E-3  -2.596079745388E-2
   1.432207207207E-3  -2.616126140682E-2
   1.429729729730E-3  -2.636122195601E-2
   1.427252252252E-3  -2.656068193242E-2
   1.424774774775E-3  -2.675964391540E-2
   1.422297297297E-3  -2.695811068274E-2
   1.419819819820E-3  -2.715608492296E-2
   1.417342342342E-3  -2.735356926060E-2
   1.414864864865E-3  -2.755056628681E-2
   1.412387387387E-3  -2.774707870732E-2
   1.409909909910E-3  -2.794310902173E-2
   1.407432432432E-3  -2.813865982993E-2
   1.404954954955E-3  -2.833373368108E-2
   1.402477477477E-3  -2.852833313685E-2
   1.400000000000E-3  -2.872246072825E-2
   1.397522522523E-3  -2.891611887062E-2
   1.395045045045E-3  -2.910931009378E-2
   1.392567567568E-3  -2.930203685480E-2
   1.390090090090E-3  -2.949430157979E-2
   1.387612612613E-3  -2.968610668601E-2
   1.385135135135E-3  -2.987745453579E-2
   1.382657657658E-3  -3.006834758851E-2
   1.380180180180E-3  -3.025878812841E-2
   1.377702702703E-3  -3.044877856540E-2
   1.375225225225E-3  -3.063832118706E-2
   1.372747747748E-3  -3.082741830957E-2
   1.370270270270E-3  -3.101607226571E-2
   1.367792792793E-3  -3.120428528222E-2
   1.365315315315E-3  -3.139205969081E-2
   1.362837837838E-3  -3.157939761685E-2
   1.360360360360E-3  -3.176630139928E-2
   1.357882882883E-3  -3.195277321877E-2
   1.355405405405E-3  -3.213881518162E-2
   1.352927927928E-3  -3.232442962871E-2
   1.350450450450E-3  -3.250961858404E-2
   1.347972972973E-3  -3.269438422439E-2
   1.345495495495E-3  -3.287872869920E-2
   1.343018018018E-3  -3.306265413813E-2
   1.340540540541E-3  -3.324616262315E-2
   1.338063063063E-3  -3.342925622438E-2
   1.335585585586E-3  -3.361193701784E-2
   1.333108108108E-3  -3.379420710349E-2
   1.330630630631E-3  -3.397606847185E-2
   1.328153153153E-3  -3.415752315687E-2
   1.325675675676E-3  -3.433857311571E-2
   1.323198198198E-3  -3.451922045198E-2
   1.320720720721E-3  -3.469946704472E-2
   1.318243243243E-3  -3.487931496799E-2
   1.315765765766E-3  -3.505876607209E-2
   1.313288288288E-3  -3.523782234997E-2
   1.310810810811E-3  -3.541648571002E-2
   1.308333333333E-3  -3.559475807488E-2
   1.305855855856E-3  -3.577264132004E-2
   1.303378378378E-3  -3.595013738183E-2
   1.300900900901E-3  -3.612724808754E-2
   1.298423423423E-3  -3.630397531633E-2
   1.295945945946E-3  -3.648032089404E-2
   1.293468468468E-3  -3.665628665161E-2
   1.290990990991E-3  -3.683187444827E-2
   1.288513513514E-3  -3.700708606427E-2
   1.286036036036E-3  -3.718192322599E-2
   1.283558558559E-3  -3.735638783952E-2
   1.281081081081E-3  -3.753048166028E-2
   1.278603603604E-3  -3.770420632606E-2
   1.276126126126E-3  -3.787756371255E-2
   1.273648648649E-3  -3.805055548408E-2
   1.271171171171E-3  -3.822318339130E-2
   1.268693693694E-3  -3.839544916792E-2
   1.266216216216E-3  -3.856735443714E-2
   1.263738738739E-3  -3.873890094358E-2
   1.261261261261E-3  -3.891009032619E-2
   1.258783783784E-3  -3.908092427130E-2
   1.256306306306E-3  -3.925140443558E-2
   1.253828828829E-3  -3.942153244712E-2
   1.251351351351E-3  -3.959130995669E-2
   1.248873873874E-3  -3.976073855205E-2
   1.246396396396E-3  -3.992981989455E-2
   1.243918918919E-3  -4.009855551553E-2
   1.241441441441E-3  -4.026694704292E-2
   1.238963963964E-3  -4.043499606840E-2
   1.236486486486E-3  -4.060270415583E-2
   1.234009009009E-3  -4.077007277203E-2
   1.231531531532E-3  -4.093710358528E-2
   1.229054054054E-3  -4.110379801793E-2
   1.226576576577E-3  -4.127015770293E-2
   1.224099099099E-3  -4.143618403970E-2
   1.221621621622E-3  -4.160187866150E-2
   1.219144144144E-3  -4.176724298614E-2
   1.216666666667E-3  -4.193227853565E-2
   1.214189189189E-3  -4.209698670183E-2
   1.211711711712E-3  -4.226136906298E-2
   1.209234234234E-3  -4.242542702178E-2
   1.206756756757E-3  -4.258916198640E-2
   1.204279279279E-3  -4.275257549206E-2
   1.201801801802E-3  -4.291566883640E-2
   1.199324324324E-3  -4.307844355239E-2
   1.196846846847E-3  -4.324090101295E-2
   1.194369369369E-3  -4.340304257254E-2
   1.191891891892E-3  -4.356486967977E-2
   1.189414414414E-3  -4.372638374843E-2
   1.186936936937E-3  -4.388758605908E-2
   1.184459459459E-3  -4.404847803656E-2
   1.181981981982E-3  -4.420906105523E-2
   1.179504504505E-3  -4.436933639399E-2
   1.177027027027E-3  -4.452930543286E-2
   1.174549549550E-3  -4.468896952717E-2
   1.172072072072E-3  -4.484832995553E-2
   1.169594594595E-3  -4.500738801800E-2
   1.167117117117E-3  -4.516614506200E-2
   1.164639639640E-3  -4.532460234144E-2
   1.162162162162E-3  -4.548276122906E-2
   1.159684684685E-3  -4.564062291945E-2
   1.157207207207E-3  -4.579818874677E-2
   1.154729729730E-3  -4.595545994961E-2
   1.152252252252E-3  -4.611243774863E-2
   1.149774774775E-3  -4.626912346126E-2
   1.147297297297E-3  -4.642551830547E-2
   1.144819819820E-3  -4.658162347088E-2
   1.142342342342E-3  -4.673744022613E-2
   1.139864864865E-3  -4.689296978226E-2
   1.137387387387E-3  -4.704821333461E-2
   1.134909909910E-3  -4.720317211397E-2
   1.132432432432E-3  -4.735784731050E-2
   1.129954954955E-3  -4.751224011951E-2
   1.127477477477E-3  -4.766635170503E-2
   1.125000000000E-3  -4.782018322896E-2
   1.122522522523E-3  -4.797373593699E-2
   1.120045045045E-3  -4.812701087384E-2
   1.117567567568E-3  -4.828000923483E-2
   1.115090090090E-3  -4.843273221537E-2
   1.112612612613E-3  -4.858518090408E-2
   1.110135135135E-3  -4.873735644915E-2
   1.107657657658E-3  -4.888925999137E-2
   1.105180180180E-3  -4.904089259990E-2
   1.102702702703E-3  -4.919225548426E-2
   1.100225225225E-3  -4.934334957489E-2
   1.097747747748E-3  -4.949417614342E-2
   1.095270270270E-3  -4.964473622689E-2
   1.092792792793E-3  -4.979503088678E-2
   1.090315315315E-3  -4.994506123087E-2
   1.087837837838E-3  -5.009482833330E-2
   1.085360360360E-3  -5.024433324478E-2
   1.082882882883E-3  -5.039357696692E-2
   1.080405405405E-3  -5.054256068834E-2
   1.077927927928E-3  -5.069128533182E-2
   1.075450450450E-3  -5.083975199808E-2
   1.072972972973E-3  -5.098796171582E-2
   1.070495495495E-3  -5.113591554896E-2
   1.068018018018E-3  -5.128361442345E-2
   1.065540540541E-3  -5.143105945441E-2
   1.063063063063E-3  -5.157825159217E-2
   1.060585585586E-3  -5.172519193007E-2
   1.058108108108E-3  -5.187188134549E-2
   1.055630630631E-3  -5.201832089571E-2
   1.053153153153E-3  -5.216451155765E-2
   1.050675675676E-3  -5.231045430533E-2
   1.048198198198E-3  -5.245615014032E-2
   1.045720720721E-3  -5.260160000838E-2
   1.043243243243E-3  -5.274680492292E-2
   1.040765765766E-3  -5.289176574539E-2
   1.038288288288E-3  -5.303648352311E-2
   1.035810810811E-3  -5.318095920371E-2
   1.033333333333E-3  -5.332519367198E-2
   1.030855855856E-3  -5.346918791419E-2
   1.028378378378E-3  -5.361294283639E-2
   1.025900900901E-3  -5.375645940187E-2
   1.023423423423E-3  -5.389973842327E-2
   1.020945945946E-3  -5.404278097525E-2
   1.018468468468E-3  -5.418558783978E-2
   1.015990990991E-3  -5.432815996740E-2
   1.013513513514E-3  -5.447049826619E-2
   1.011036036036E-3  -5.461260368337E-2
   1.008558558559E-3  -5.475447704039E-2
   1.006081081081E-3  -5.489611921021E-2
   1.003603603604E-3  -5.503753117068E-2
   1.001126126126E-3  -5.517871370155E-2
   9.986486486486E-4  -5.531966764882E-2
   9.961711711712E-4  -5.546039402051E-2
   9.936936936937E-4  -5.560089355888E-2
   9.912162162162E-4  -5.574116714799E-2
   9.887387387387E-4  -5.588121566232E-2
   9.862612612613E-4  -5.602103990826E-2
   9.837837837838E-4  -5.616064079637E-2
   9.813063063063E-4  -5.630001907657E-2
   9.788288288288E-4  -5.643917567497E-2
   9.763513513514E-4  -5.657811137758E-2
   9.738738738739E-4  -5.671682699711E-2
   9.713963963964E-4  -5.685532335056E-2
   9.689189189189E-4  -5.699360129782E-2
   9.664414414414E-4  -5.713166156740E-2
   9.639639639640E-4  -5.726950505086E-2
   9.614864864865E-4  -5.740713250289E-2
   9.590090090090E-4  -5.754454473353E-2
   9.565315315315E-4  -5.768174250914E-2
   9.540540540541E-4  -5.781872668162E-2
   9.515765765766E-4  -5.795549799771E-2
   9.490990990991E-4  -5.809205725061E-2
   9.466216216216E-4  -5.822840517840E-2
   9.441441441441E-4  -5.836454260918E-2
   9.416666666667E-4  -5.850047028049E-2
   9.391891891892E-4  -5.863618894762E-2
   9.367117117117E-4  -5.877169937921E-2
   9.342342342342E-4  -5.890700232892E-2
   9.317567567568E-4  -5.904209854752E-2
   9.292792792793E-4  -5.917698880292E-2
   9.268018018018E-4  -5.931167382783E-2
   9.243243243243E-4  -5.944615434226E-2
   9.218468468468E-4  -5.958043113264E-2
   9.193693693694E-4  -5.971450484976E-2
   9.168918918919E-4  -5.984837629612E-2
   9.144144144144E-4  -5.998204616095E-2
   9.119369369369E-4  -6.011551518243E-2
   9.094594594595E-4  -6.024878407405E-2
   9.069819819820E-4  -6.038185352460E-2
   9.045045045045E-4  -6.051472426174E-2
   9.020270270270E-4  -6.064739699013E-2
   8.995495495495E-4  -6.077987239442E-2
   8.970720720721E-4  -6.091215117311E-2
   8.945945945946E-4  -6.104423410140E-2
   8.921171171171E-4  -6.117612174751E-2
   8.896396396396E-4  -6.130781487955E-2
   8.871621621622E-4  -6.143931414934E-2
   8.846846846847E-4  -6.157062028961E-2
   8.822072072072E-4  -6.170173390875E-2
   8.797297297297E-4  -6.183265567692E-2
   8.772522522523E-4  -6.196338631164E-2
   8.747747747748E-4  -6.209392643848E-2
   8.722972972973E-4  -6.222427676249E-2
   8.698198198198E-4  -6.235443791776E-2
   8.673423423423E-4  -6.248441055007E-2
   8.648648648649E-4  -6.261419532914E-2
   8.623873873874E-4  -6.274379289119E-2
   8.599099099099E-4  -6.287320388806E-2
   8.574324324324E-4  -6.300242900146E-2
   8.549549549550E-4  -6.313146882748E-2
   8.524774774775E-4  -6.326032399770E-2
   8.500000000000E-4  -6.338899516531E-2
   8.475225225225E-4  -6.351748294047E-2
   8.450450450450E-4  -6.364578796530E-2
   8.425675675676E-4  -6.377391086733E-2
   8.400900900901E-4  -6.390185223119E-2
   8.376126126126E-4  -6.402961268561E-2
   8.351351351351E-4  -6.415719289249E-2
   8.326576576577E-4  -6.428459346368E-2
   8.301801801802E-4  -6.441181488764E-2
   8.277027027027E-4  -6.453885793856E-2
   8.252252252252E-4  -6.466572312361E-2
   8.227477477477E-4  -6.479241106214E-2
   8.202702702703E-4  -6.491892229054E-2
   8.177927927928E-4  -6.504525750324E-2
   8.153153153153E-4  -6.517141720579E-2
   8.128378378378E-4  -6.529740200956E-2
   8.103603603604E-4  -6.542321251774E-2
   8.078828828829E-4  -6.554884931722E-2
   8.054054054054E-4  -6.567431295410E-2
   8.029279279279E-4  -6.579960402983E-2
   8.004504504505E-4  -6.592472311684E-2
   7.979729729730E-4  -6.604967076482E-2
   7.954954954955E-4  -6.617444756681E-2
   7.930180180180E-4  -6.629905408315E-2
   7.905405405405E-4  -6.642349084162E-2
   7.880630630631E-4  -6.654775842938E-2
   7.855855855856E-4  -6.667185739903E-2
   7.831081081081E-4  -6.679578831491E-2
   7.806306306306E-4  -6.691955169801E-2
   7.781531531532E-4  -6.704314808148E-2
   7.756756756757E-4  -6.716657811838E-2
   7.731981981982E-4  -6.728984222355E-2
   7.707207207207E-4  -6.741294100137E-2
   7.682432432432E-4  -6.753587499213E-2
   7.657657657658E-4  -6.765864472600E-2
   7.632882882883E-4  -6.778125070950E-2
   7.608108108108E-4  -6.790369347317E-2
   7.583333333333E-4  -6.802597360457E-2
   7.558558558559E-4  -6.814809158812E-2
   7.533783783784E-4  -6.827004788132E-2
   7.509009009009E-4  -6.839184307812E-2
   7.484234234234E-4  -6.851347770898E-2
   7.459459459459E-4  -6.863495227045E-2
   7.434684684685E-4  -6.875626723240E-2
   7.409909909910E-4  -6.887742315903E-2
   7.385135135135E-4  -6.899842052075E-2
   7.360360360360E-4  -6.911925985730E-2
   7.335585585586E-4  -6.923994166690E-2
   7.310810810811E-4  -6.936046642834E-2
   7.286036036036E-4  -6.948083463674E-2
   7.261261261261E-4  -6.960104681223E-2
   7.236486486486E-4  -6.972110343455E-2
   7.211711711712E-4  -6.984100499239E-2
   7.186936936937E-4  -6.996075194127E-2
   7.162162162162E-4  -7.008034484733E-2
   7.137387387387E-4  -7.019978413331E-2
   7.112612612613E-4  -7.031907032257E-2
   7.087837837838E-4  -7.043820383626E-2
   7.063063063063E-4  -7.055718521856E-2
   7.038288288288E-4  -7.067601492649E-2
   7.013513513514E-4  -7.079469341065E-2
   6.988738738739E-4  -7.091322114484E-2
   6.963963963964E-4  -7.103159862214E-2
   6.939189189189E-4  -7.114982623687E-2
   6.914414414414E-4  -7.126790453260E-2
   6.889639639640E-4  -7.138583397057E-2
   6.864864864865E-4  -7.150361493816E-2
   6.840090090090E-4  -7.162124797386E-2
   6.815315315315E-4  -7.173873351945E-2
   6.790540540541E-4  -7.185607200620E-2
   6.765765765766E-4  -7.197326384737E-2
   6.740990990991E-4  -7.209030959760E-2
   6.716216216216E-4  -7.220720962599E-2
   6.691441441441E-4  -7.232396436837E-2
   6.666666666667E-4  -7.244057433634E-2
   6.641891891892E-4  -7.255703990889E-2
   6.617117117117E-4  -7.267336151999E-2
   6.592342342342E-4  -7.278953962189E-2
   6.567567567568E-4  -7.290557472100E-2
   6.542792792793E-4  -7.302146717257E-2
   6.518018018018E-4  -7.313721741704E-2
   6.493243243243E-4  -7.325282586519E-2
   6.468468468468E-4  -7.336829304979E-2
   6.443693693694E-4  -7.348361927542E-2
   6.418918918919E-4  -7.359880505824E-2
   6.394144144144E-4  -7.371385070862E-2
   6.369369369369E-4  -7.382875676694E-2
   6.344594594595E-4  -7.394352355331E-2
   6.319819819820E-4  -7.405815153514E-2
   6.295045045045E-4  -7.417264111556E-2
   6.270270270270E-4  -7.428699269288E-2
   6.245495495495E-4  -7.440120675591E-2
   6.220720720721E-4  -7.451528363131E-2
   6.195945945946E-4  -7.462922372977E-2
   6.171171171171E-4  -7.474302749045E-2
   6.146396396396E-4  -7.485669532054E-2
   6.121621621622E-4  -7.497022758101E-2
   6.096846846847E-4  -7.508362472223E-2
   6.072072072072E-4  -7.519688708047E-2
   6.047297297297E-4  -7.531001510450E-2
   6.022522522523E-4  -7.542300918164E-2
   5.997747747748E-4  -7.553586967811E-2
   5.972972972973E-4  -7.564859699509E-2
   5.948198198198E-4  -7.576119157055E-2
   5.923423423423E-4  -7.587365367824E-2
   5.898648648649E-4  -7.598598385477E-2
   5.873873873874E-4  -7.609818239374E-2
   5.849099099099E-4  -7.621024969282E-2
   5.824324324324E-4  -7.632218609906E-2
   5.799549549550E-4  -7.643399207011E-2
   5.774774774775E-4  -7.654566792105E-2
   5.750000000000E-4  -7.665721402912E-2
   5.725225225225E-4  -7.676863078793E-2
   5.700450450450E-4  -7.687991856831E-2
   5.675675675676E-4  -7.699107774117E-2
   5.650900900901E-4  -7.710210871936E-2
   5.626126126126E-4  -7.721301179777E-2
   5.601351351351E-4  -7.732378738650E-2
   5.576576576577E-4  -7.743443583024E-2
   5.551801801802E-4  -7.754495752756E-2
   5.527027027027E-4  -7.765535281483E-2
   5.502252252252E-4  -7.776562204806E-2
   5.477477477477E-4  -7.787576558406E-2
   5.452702702703E-4  -7.798578379475E-2
   5.427927927928E-4  -7.809567700547E-2
   5.403153153153E-4  -7.820544560460E-2
   5.378378378378E-4  -7.831508993275E-2
   5.353603603604E-4  -7.842461034725E-2
   5.328828828829E-4  -7.853400718264E-2
   5.304054054054E-4  -7.864328084561E-2
   5.279279279279E-4  -7.875243162476E-2
   5.254504504505E-4  -7.886145985492E-2
   5.229729729730E-4  -7.897036591777E-2
   5.204954954955E-4  -7.907915013918E-2
   5.180180180180E-4  -7.918781286908E-2
   5.155405405405E-4  -7.929635439221E-2
   5.130630630631E-4  -7.940477515223E-2
   5.105855855856E-4  -7.951307540514E-2
   5.081081081081E-4  -7.962125550470E-2
   5.056306306306E-4  -7.972931579137E-2
   5.031531531532E-4  -7.983725661352E-2
   5.006756756757E-4  -7.994507827980E-2
   4.981981981982E-4  -8.005278110439E-2
   4.957207207207E-4  -8.016036549063E-2
   4.932432432432E-4  -8.026783169452E-2
   4.907657657658E-4  -8.037518006347E-2
   4.882882882883E-4  -8.048241089115E-2
   4.858108108108E-4  -8.058952457840E-2
   4.833333333333E-4  -8.069652134500E-2
   4.808558558559E-4  -8.080340157967E-2
   4.783783783784E-4  -8.091016557721E-2
   4.759009009009E-4  -8.101681370677E-2
   4.734234234234E-4  -8.112334618530E-2
   4.709459459459E-4  -8.122976344422E-2
   4.684684684685E-4  -8.133606574196E-2
   4.659909909910E-4  -8.144225336980E-2
   4.635135135135E-4  -8.154832662198E-2
   4.610360360360E-4  -8.165428591083E-2
   4.585585585586E-4  -8.176013145769E-2
   4.560810810811E-4  -8.186586357421E-2
   4.536036036036E-4  -8.197148260819E-2
   4.511261261261E-4  -8.207698881202E-2
   4.486486486486E-4  -8.218238250906E-2
   4.461711711712E-4  -8.228766402912E-2
   4.436936936937E-4  -8.239283369015E-2
   4.412162162162E-4  -8.249789174145E-2
   4.387387387387E-4  -8.260283850352E-2
   4.362612612613E-4  -8.270767426798E-2
   4.337837837838E-4  -8.281239934389E-2
   4.313063063063E-4  -8.291701400648E-2
   4.288288288288E-4  -8.302151857437E-2
   4.263513513514E-4  -8.312591336428E-2
   4.238738738739E-4  -8.323019855557E-2
   4.213963963964E-4  -8.333437451982E-2
   4.189189189189E-4  -8.343844158389E-2
   4.164414414414E-4  -8.354239997199E-2
   4.139639639640E-4  -8.364624998292E-2
   4.114864864865E-4  -8.374999193075E-2
   4.090090090090E-4  -8.385362611774E-2
   4.065315315315E-4  -8.395715273902E-2
   4.040540540541E-4  -8.406057219150E-2
   4.015765765766E-4  -8.416388467758E-2
   3.990990990991E-4  -8.426709047714E-2
   3.966216216216E-4  -8.437018989285E-2
   3.941441441441E-4  -8.447318322052E-2
   3.916666666667E-4  -8.457607070692E-2
   3.891891891892E-4  -8.467885262476E-2
   3.867117117117E-4  -8.478152928899E-2
   3.842342342342E-4  -8.488410092445E-2
   3.817567567568E-4  -8.498656789374E-2
   3.792792792793E-4  -8.508893033770E-2
   3.768018018018E-4  -8.519118862371E-2
   3.743243243243E-4  -8.529334299293E-2
   3.718468468468E-4  -8.539539368750E-2
   3.693693693694E-4  -8.549734102525E-2
   3.668918918919E-4  -8.559918525441E-2
   3.644144144144E-4  -8.570092660172E-2
   3.619369369369E-4  -8.580256538821E-2
   3.594594594595E-4  -8.590410183611E-2
   3.569819819820E-4  -8.600553625197E-2
   3.545045045045E-4  -8.610686883487E-2
   3.520270270270E-4  -8.620809990868E-2
   3.495495495495E-4  -8.630922971752E-2
   3.470720720721E-4  -8.641025849604E-2
   3.445945945946E-4  -8.651118650240E-2
   3.421171171171E-4  -8.661201400941E-2
   3.396396396396E-4  -8.671274129322E-2
   3.371621621622E-4  -8.681336855225E-2
   3.346846846847E-4  -8.691389610451E-2
   3.322072072072E-4  -8.701432412214E-2
   3.297297297297E-4  -8.711465292684E-2
   3.272522522523E-4  -8.721488275757E-2
   3.247747747748E-4  -8.731501384380E-2
   3.222972972973E-4  -8.741504644431E-2
   3.198198198198E-4  -8.751498081365E-2
   3.173423423423E-4  -8.761481720405E-2
   3.148648648649E-4  -8.771455582420E-2
   3.123873873874E-4  -8.781419694026E-2
   3.099099099099E-4  -8.791374083856E-2
   3.074324324324E-4  -8.801318769354E-2
   3.049549549550E-4  -8.811253778796E-2
   3.024774774775E-4  -8.821179135052E-2
   3.000000000000E-4  -8.831094861461E-2
   2.975225225225E-4  -8.841000983215E-2
   2.950450450450E-4  -8.850897522958E-2
   2.925675675676E-4  -8.860784508008E-2
   2.900900900901E-4  -8.870661960827E-2
   2.876126126126E-4  -8.880529901256E-2
   2.851351351351E-4  -8.890388358906E-2
   2.826576576577E-4  -8.900237354502E-2
   2.801801801802E-4  -8.910076906303E-2
   2.777027027027E-4  -8.919907038871E-2
   2.752252252252E-4  -8.929727781816E-2
   2.727477477477E-4  -8.939539157590E-2
   2.702702702703E-4  -8.949341180303E-2
   2.677927927928E-4  -8.959133880676E-2
   2.653153153153E-4  -8.968917283506E-2
   2.628378378378E-4  -8.978691402312E-2
   2.603603603604E-4  -8.988456270431E-2
   2.578828828829E-4  -8.998211901291E-2
   2.554054054054E-4  -9.007958326885E-2
   2.529279279279E-4  -9.017695556505E-2
   2.504504504505E-4  -9.027423624106E-2
   2.479729729730E-4  -9.037142547931E-2
   2.454954954955E-4  -9.046852347481E-2
   2.430180180180E-4  -9.056553050319E-2
   2.405405405405E-4  -9.066244674088E-2
   2.380630630631E-4  -9.075927242747E-2
   2.355855855856E-4  -9.085600774961E-2
   2.331081081081E-4  -9.095265300569E-2
   2.306306306306E-4  -9.104920830314E-2
   2.281531531532E-4  -9.114567394790E-2
   2.256756756757E-4  -9.124205010670E-2
   2.231981981982E-4  -9.133833705457E-2
   2.207207207207E-4  -9.143453488052E-2
   2.182432432432E-4  -9.153064391348E-2
   2.157657657658E-4  -9.162666431065E-2
   2.132882882883E-4  -9.172259631655E-2
   2.108108108108E-4  -9.181844008737E-2
   2.083333333333E-4  -9.191419591360E-2
   2.058558558559E-4  -9.200986395521E-2
   2.033783783784E-4  -9.210544440245E-2
   2.009009009009E-4  -9.220093750310E-2
   1.984234234234E-4  -9.229634346862E-2
   1.959459459459E-4  -9.239166247403E-2
   1.934684684685E-4  -9.248689471865E-2
   1.909909909910E-4  -9.258204044113E-2
   1.885135135135E-4  -9.267709981417E-2
   1.860360360360E-4  -9.277207304629E-2
   1.835585585586E-4  -9.286696036275E-2
   1.810810810811E-4  -9.296176195257E-2
   1.786036036036E-4  -9.305647801168E-2
   1.761261261261E-4  -9.315110872621E-2
   1.736486486486E-4  -9.324565431395E-2
   1.711711711712E-4  -9.334011502925E-2
   1.686936936937E-4  -9.343449097162E-2
   1.662162162162E-4  -9.352878238737E-2
   1.637387387387E-4  -9.362298950228E-2
   1.612612612613E-4  -9.371711246411E-2
   1.587837837838E-4  -9.381115142251E-2
   1.563063063063E-4  -9.390510666240E-2
   1.538288288288E-4  -9.399897836081E-2
   1.513513513514E-4  -9.409276666292E-2
   1.488738738739E-4  -9.418647181919E-2
   1.463963963964E-4  -9.428009402752E-2
   1.439189189189E-4  -9.437363338263E-2
   1.414414414414E-4  -9.446709019297E-2
   1.389639639640E-4  -9.456046461524E-2
   1.364864864865E-4  -9.465375680421E-2
   1.340090090090E-4  -9.474696694271E-2
   1.315315315315E-4  -9.484009525705E-2
   1.290540540541E-4  -9.493314193309E-2
   1.265765765766E-4  -9.502610711865E-2
   1.240990990991E-4  -9.511899104332E-2
   1.216216216216E-4  -9.521179386057E-2
   1.191441441441E-4  -9.530451577672E-2
   1.166666666667E-4  -9.539715696982E-2
   1.141891891892E-4  -9.548971759847E-2
   1.117117117117E-4  -9.558219789467E-2
   1.092342342342E-4  -9.567459800783E-2
   1.067567567568E-4  -9.576691814306E-2
   1.042792792793E-4  -9.585915845634E-2
   1.018018018018E-4  -9.595131912826E-2
   9.932432432432E-5  -9.604340034277E-2
   9.684684684685E-5  -9.613540229766E-2
   9.436936936937E-5  -9.622732513488E-2
   9.189189189189E-5  -9.631916903967E-2
   8.941441441441E-5  -9.641093424652E-2
   8.693693693694E-5  -9.650262088514E-2
   8.445945945946E-5  -9.659422908771E-2
   8.198198198198E-5  -9.668575914321E-2
   7.950450450450E-5  -9.677721115262E-2
   7.702702702703E-5  -9.686858525727E-2
   7.454954954955E-5  -9.695988172192E-2
   7.207207207207E-5  -9.705110064533E-2
   6.959459459459E-5  -9.714224222058E-2
   6.711711711712E-5  -9.723330661270E-2
   6.463963963964E-5  -9.732429402509E-2
   6.216216216216E-5  -9.741520459364E-2
   5.968468468468E-5  -9.750603851645E-2
   5.720720720721E-5  -9.759679594030E-2
   5.472972972973E-5  -9.768747703909E-2
   5.225225225225E-5  -9.777808199579E-2
   4.977477477477E-5  -9.786861095378E-2
   4.729729729730E-5  -9.795906411663E-2
   4.481981981982E-5  -9.804944166390E-2
   4.234234234234E-5  -9.813974367158E-2
   3.986486486486E-5  -9.822997037537E-2
   3.738738738739E-5  -9.832012193404E-2
   3.490990990991E-5  -9.841019848432E-2
   3.243243243243E-5  -9.850020020070E-2
   2.995495495495E-5  -9.859012729058E-2
   2.747747747748E-5  -9.867997985513E-2
   2.500000000000E-5  -9.876975808441E-2
