#             e [au]            f [a.u.]
  -5.000000000000E-1  -9.640275905600E-1
  -4.994994994995E-1  -9.639567829539E-1
  -4.989989989990E-1  -9.638858030002E-1
  -4.984984984985E-1  -9.638146500971E-1
  -4.979979979980E-1  -9.637433237987E-1
  -4.974974974975E-1  -9.636718235514E-1
  -4.969969969970E-1  -9.636001487827E-1
  -4.964964964965E-1  -9.635282990758E-1
  -4.959959959960E-1  -9.634562738201E-1
  -4.954954954955E-1  -9.633840725614E-1
  -4.949949949950E-1  -9.633116947363E-1
  -4.944944944945E-1  -9.632391397784E-1
  -4.939939939940E-1  -9.631664072102E-1
  -4.934934934935E-1  -9.630934964647E-1
  -4.929929929930E-1  -9.630204070599E-1
  -4.924924924925E-1  -9.629471383852E-1
  -4.919919919920E-1  -9.628736899756E-1
  -4.914914914915E-1  -9.628000612528E-1
  -4.909909909910E-1  -9.627262516206E-1
  -4.904904904905E-1  -9.626522606419E-1
  -4.899899899900E-1  -9.625780876794E-1
  -4.894894894895E-1  -9.625037322578E-1
  -4.889889889890E-1  -9.624291937517E-1
  -4.884884884885E-1  -9.623544716829E-1
  -4.879879879880E-1  -9.622795654408E-1
  -4.874874874875E-1  -9.622044744676E-1
  -4.869869869870E-1  -9.621291982608E-1
  -4.864864864865E-1  -9.620537361846E-1
  -4.859859859860E-1  -9.619780877509E-1
  -4.854854854855E-1  -9.619022523194E-1
  -4.849849849850E-1  -9.618262293792E-1
  -4.844844844845E-1  -9.617500183617E-1
  -4.839839839840E-1  -9.616736186374E-1
  -4.834834834835E-1  -9.615970297098E-1
  -4.829829829830E-1  -9.615202509268E-1
  -4.824824824825E-1  -9.614432817863E-1
  -4.819819819820E-1  -9.613661216141E-1
  -4.814814814815E-1  -9.612887699417E-1
  -4.809809809810E-1  -9.612112261285E-1
  -4.804804804805E-1  -9.611334895507E-1
  -4.799799799800E-1  -9.610555596937E-1
  -4.794794794795E-1  -9.609774358922E-1
  -4.789789789790E-1  -9.608991176104E-1
  -4.784784784785E-1  -9.608206042546E-1
  -4.779779779780E-1  -9.607418951670E-1
  -4.774774774775E-1  -9.606629898272E-1
  -4.769769769770E-1  -9.605838875566E-1
  -4.764764764765E-1  -9.605045878275E-1
  -4.759759759760E-1  -9.604250899365E-1
  -4.754754754755E-1  -9.603453933928E-1
  -4.749749749750E-1  -9.602654975280E-1
  -4.744744744745E-1  -9.601854016882E-1
  -4.739739739740E-1  -9.601051053383E-1
  -4.734734734735E-1  -9.600246077802E-1
  -4.729729729730E-1  -9.599439084540E-1
  -4.724724724725E-1  -9.598630066983E-1
  -4.719719719720E-1  -9.597819019489E-1
  -4.714714714715E-1  -9.597005935382E-1
  -4.709709709710E-1  -9.596190807963E-1
  -4.704704704705E-1  -9.595373631534E-1
  -4.699699699700E-1  -9.594554399344E-1
  -4.694694694695E-1  -9.593733105635E-1
  -4.689689689690E-1  -9.592909743213E-1
  -4.684684684685E-1  -9.592084306494E-1
  -4.679679679680E-1  -9.591256788612E-1
  -4.674674674675E-1  -9.590427182501E-1
  -4.669669669670E-1  -9.589595482918E-1
  -4.664664664665E-1  -9.588761682314E-1
  -4.659659659660E-1  -9.587925774997E-1
  -4.654654654655E-1  -9.587087753988E-1
  -4.649649649650E-1  -9.586247612283E-1
  -4.644644644645E-1  -9.585405343920E-1
  -4.639639639640E-1  -9.584560941823E-1
  -4.634634634635E-1  -9.583714399987E-1
  -4.629629629630E-1  -9.582865710873E-1
  -4.624624624625E-1  -9.582014868627E-1
  -4.619619619620E-1  -9.581161866093E-1
  -4.614614614615E-1  -9.580306695872E-1
  -4.609609609610E-1  -9.579449352464E-1
  -4.604604604605E-1  -9.578589827989E-1
  -4.599599599600E-1  -9.577728116453E-1
  -4.594594594595E-1  -9.576864210158E-1
  -4.589589589590E-1  -9.575998103072E-1
  -4.584584584585E-1  -9.575129787619E-1
  -4.579579579580E-1  -9.574259256883E-1
  -4.574574574575E-1  -9.573386504526E-1
  -4.569569569570E-1  -9.572511522685E-1
  -4.564564564565E-1  -9.571634305226E-1
  -4.559559559560E-1  -9.570754844226E-1
  -4.554554554555E-1  -9.569873133254E-1
  -4.549549549550E-1  -9.568989165224E-1
  -4.544544544545E-1  -9.568102932346E-1
  -4.539539539540E-1  -9.567214428338E-1
  -4.534534534535E-1  -9.566323645133E-1
  -4.529529529530E-1  -9.565430576418E-1
  -4.524524524525E-1  -9.564535213824E-1
  -4.519519519520E-1  -9.563637551432E-1
  -4.514514514515E-1  -9.562737581284E-1
  -4.509509509510E-1  -9.561835295602E-1
  -4.504504504505E-1  -9.560930687935E-1
  -4.499499499499E-1  -9.560023750002E-1
  -4.494494494494E-1  -9.559114475073E-1
  -4.489489489489E-1  -9.558202855702E-1
  -4.484484484484E-1  -9.557288883757E-1
  -4.479479479479E-1  -9.556372552660E-1
  -4.474474474474E-1  -9.555453853946E-1
  -4.469469469469E-1  -9.554532781016E-1
  -4.464464464464E-1  -9.553609325102E-1
  -4.459459459459E-1  -9.552683480004E-1
  -4.454454454454E-1  -9.551755237376E-1
  -4.449449449449E-1  -9.550824589087E-1
  -4.444444444444E-1  -9.549891528355E-1
  -4.439439439439E-1  -9.548956046533E-1
  -4.434434434434E-1  -9.548018136553E-1
  -4.429429429429E-1  -9.547077790157E-1
  -4.424424424424E-1  -9.546135000225E-1
  -4.419419419419E-1  -9.545189758450E-1
  -4.414414414414E-1  -9.544242056452E-1
  -4.409409409409E-1  -9.543291887043E-1
  -4.404404404404E-1  -9.542339241805E-1
  -4.399399399399E-1  -9.541384113468E-1
  -4.394394394394E-1  -9.540426493088E-1
  -4.389389389389E-1  -9.539466373559E-1
  -4.384384384384E-1  -9.538503746348E-1
  -4.379379379379E-1  -9.537538602628E-1
  -4.374374374374E-1  -9.536570935705E-1
  -4.369369369369E-1  -9.535600736211E-1
  -4.364364364364E-1  -9.534627996912E-1
  -4.359359359359E-1  -9.533652708627E-1
  -4.354354354354E-1  -9.532674864047E-1
  -4.349349349349E-1  -9.531694454148E-1
  -4.344344344344E-1  -9.530711470592E-1
  -4.339339339339E-1  -9.529725905779E-1
  -4.334334334334E-1  -9.528737750303E-1
  -4.329329329329E-1  -9.527746996746E-1
  -4.324324324324E-1  -9.526753636138E-1
  -4.319319319319E-1  -9.525757659260E-1
  -4.314314314314E-1  -9.524759059043E-1
  -4.309309309309E-1  -9.523757825695E-1
  -4.304304304304E-1  -9.522753951627E-1
  -4.299299299299E-1  -9.521747427198E-1
  -4.294294294294E-1  -9.520738244747E-1
  -4.289289289289E-1  -9.519726394820E-1
  -4.284284284284E-1  -9.518711868678E-1
  -4.279279279279E-1  -9.517694658326E-1
  -4.274274274274E-1  -9.516674753931E-1
  -4.269269269269E-1  -9.515652147674E-1
  -4.264264264264E-1  -9.514626829670E-1
  -4.259259259259E-1  -9.513598791752E-1
  -4.254254254254E-1  -9.512568024998E-1
  -4.249249249249E-1  -9.511534519643E-1
  -4.244244244244E-1  -9.510498267695E-1
  -4.239239239239E-1  -9.509459259084E-1
  -4.234234234234E-1  -9.508417485729E-1
  -4.229229229229E-1  -9.507372937232E-1
  -4.224224224224E-1  -9.506325605961E-1
  -4.219219219219E-1  -9.505275481965E-1
  -4.214214214214E-1  -9.504222555457E-1
  -4.209209209209E-1  -9.503166818221E-1
  -4.204204204204E-1  -9.502108259876E-1
  -4.199199199199E-1  -9.501046871881E-1
  -4.194194194194E-1  -9.499982644314E-1
  -4.189189189189E-1  -9.498915568537E-1
  -4.184184184184E-1  -9.497845634566E-1
  -4.179179179179E-1  -9.496772832350E-1
  -4.174174174174E-1  -9.495697153418E-1
  -4.169169169169E-1  -9.494618586856E-1
  -4.164164164164E-1  -9.493537124637E-1
  -4.159159159159E-1  -9.492452756330E-1
  -4.154154154154E-1  -9.491365471649E-1
  -4.149149149149E-1  -9.490275261988E-1
  -4.144144144144E-1  -9.489182116164E-1
  -4.139139139139E-1  -9.488086026019E-1
  -4.134134134134E-1  -9.486986980322E-1
  -4.129129129129E-1  -9.485884970278E-1
  -4.124124124124E-1  -9.484779985400E-1
  -4.119119119119E-1  -9.483672015147E-1
  -4.114114114114E-1  -9.482561050323E-1
  -4.109109109109E-1  -9.481447080324E-1
  -4.104104104104E-1  -9.480330095878E-1
  -4.099099099099E-1  -9.479210085710E-1
  -4.094094094094E-1  -9.478087040763E-1
  -4.089089089089E-1  -9.476960950258E-1
  -4.084084084084E-1  -9.475831803065E-1
  -4.079079079079E-1  -9.474699590562E-1
  -4.074074074074E-1  -9.473564301001E-1
  -4.069069069069E-1  -9.472425925080E-1
  -4.064064064064E-1  -9.471284451242E-1
  -4.059059059059E-1  -9.470139870146E-1
  -4.054054054054E-1  -9.468992170394E-1
  -4.049049049049E-1  -9.467841341412E-1
  -4.044044044044E-1  -9.466687373462E-1
  -4.039039039039E-1  -9.465530254729E-1
  -4.034034034034E-1  -9.464369975642E-1
  -4.029029029029E-1  -9.463206524307E-1
  -4.024024024024E-1  -9.462039890811E-1
  -4.019019019019E-1  -9.460870064302E-1
  -4.014014014014E-1  -9.459697033018E-1
  -4.009009009009E-1  -9.458520787212E-1
  -4.004004004004E-1  -9.457341314695E-1
  -3.998998998999E-1  -9.456158605692E-1
  -3.993993993994E-1  -9.454972648198E-1
  -3.988988988989E-1  -9.453783431104E-1
  -3.983983983984E-1  -9.452590944165E-1
  -3.978978978979E-1  -9.451395174961E-1
  -3.973973973974E-1  -9.450196113424E-1
  -3.968968968969E-1  -9.448993747075E-1
  -3.963963963964E-1  -9.447788065459E-1
  -3.958958958959E-1  -9.446579057168E-1
  -3.953953953954E-1  -9.445366709855E-1
  -3.948948948949E-1  -9.444151013242E-1
  -3.943943943944E-1  -9.442931954582E-1
  -3.938938938939E-1  -9.441709523478E-1
  -3.933933933934E-1  -9.440483706783E-1
  -3.928928928929E-1  -9.439254494626E-1
  -3.923923923924E-1  -9.438021874357E-1
  -3.918918918919E-1  -9.436785833583E-1
  -3.913913913914E-1  -9.435546361668E-1
  -3.908908908909E-1  -9.434303445513E-1
  -3.903903903904E-1  -9.433057074090E-1
  -3.898898898899E-1  -9.431807234811E-1
  -3.893893893894E-1  -9.430553916542E-1
  -3.888888888889E-1  -9.429297106579E-1
  -3.883883883884E-1  -9.428036792139E-1
  -3.878878878879E-1  -9.426772962280E-1
  -3.873873873874E-1  -9.425505603212E-1
  -3.868868868869E-1  -9.424234704491E-1
  -3.863863863864E-1  -9.422960252195E-1
  -3.858858858859E-1  -9.421682235176E-1
  -3.853853853854E-1  -9.420400640344E-1
  -3.848848848849E-1  -9.419115454234E-1
  -3.843843843844E-1  -9.417826666194E-1
  -3.838838838839E-1  -9.416534261996E-1
  -3.833833833834E-1  -9.415238230243E-1
  -3.828828828829E-1  -9.413938557576E-1
  -3.823823823824E-1  -9.412635230531E-1
  -3.818818818819E-1  -9.411328237281E-1
  -3.813813813814E-1  -9.410017564240E-1
  -3.808808808809E-1  -9.408703199454E-1
  -3.803803803804E-1  -9.407385128606E-1
  -3.798798798799E-1  -9.406063339952E-1
  -3.793793793794E-1  -9.404737819692E-1
  -3.788788788789E-1  -9.403408553662E-1
  -3.783783783784E-1  -9.402075530623E-1
  -3.778778778779E-1  -9.400738735610E-1
  -3.773773773774E-1  -9.399398156609E-1
  -3.768768768769E-1  -9.398053778883E-1
  -3.763763763764E-1  -9.396705590282E-1
  -3.758758758759E-1  -9.395353576291E-1
  -3.753753753754E-1  -9.393997723309E-1
  -3.748748748749E-1  -9.392638018707E-1
  -3.743743743744E-1  -9.391274447440E-1
  -3.738738738739E-1  -9.389906997084E-1
  -3.733733733734E-1  -9.388535652467E-1
  -3.728728728729E-1  -9.387160400683E-1
  -3.723723723724E-1  -9.385781227862E-1
  -3.718718718719E-1  -9.384398118896E-1
  -3.713713713714E-1  -9.383011061106E-1
  -3.708708708709E-1  -9.381620039013E-1
  -3.703703703704E-1  -9.380225039778E-1
  -3.698698698699E-1  -9.378826047398E-1
  -3.693693693694E-1  -9.377423049659E-1
  -3.688688688689E-1  -9.376016031140E-1
  -3.683683683684E-1  -9.374604976682E-1
  -3.678678678679E-1  -9.373189873146E-1
  -3.673673673674E-1  -9.371770704608E-1
  -3.668668668669E-1  -9.370347457431E-1
  -3.663663663664E-1  -9.368920116944E-1
  -3.658658658659E-1  -9.367488667313E-1
  -3.653653653654E-1  -9.366053095090E-1
  -3.648648648649E-1  -9.364613383977E-1
  -3.643643643644E-1  -9.363169520422E-1
  -3.638638638639E-1  -9.361721487604E-1
  -3.633633633634E-1  -9.360269272552E-1
  -3.628628628629E-1  -9.358812859051E-1
  -3.623623623624E-1  -9.357352231108E-1
  -3.618618618619E-1  -9.355887374878E-1
  -3.613613613614E-1  -9.354418273525E-1
  -3.608608608609E-1  -9.352944912713E-1
  -3.603603603604E-1  -9.351467276167E-1
  -3.598598598599E-1  -9.349985349433E-1
  -3.593593593594E-1  -9.348499116131E-1
  -3.588588588589E-1  -9.347008559730E-1
  -3.583583583584E-1  -9.345513665617E-1
  -3.578578578579E-1  -9.344014417150E-1
  -3.573573573574E-1  -9.342510799496E-1
  -3.568568568569E-1  -9.341002795179E-1
  -3.563563563564E-1  -9.339490389593E-1
  -3.558558558559E-1  -9.337973565842E-1
  -3.553553553554E-1  -9.336452306548E-1
  -3.548548548549E-1  -9.334926597693E-1
  -3.543543543544E-1  -9.333396421003E-1
  -3.538538538539E-1  -9.331861761520E-1
  -3.533533533534E-1  -9.330322601220E-1
  -3.528528528529E-1  -9.328778925016E-1
  -3.523523523524E-1  -9.327230715088E-1
  -3.518518518519E-1  -9.325677954671E-1
  -3.513513513514E-1  -9.324120628095E-1
  -3.508508508509E-1  -9.322558716914E-1
  -3.503503503504E-1  -9.320992205670E-1
  -3.498498498498E-1  -9.319421076556E-1
  -3.493493493493E-1  -9.317845311220E-1
  -3.488488488488E-1  -9.316264894803E-1
  -3.483483483483E-1  -9.314679808043E-1
  -3.478478478478E-1  -9.313090035164E-1
  -3.473473473473E-1  -9.311495557062E-1
  -3.468468468468E-1  -9.309896357831E-1
  -3.463463463463E-1  -9.308292418643E-1
  -3.458458458458E-1  -9.306683721801E-1
  -3.453453453453E-1  -9.305070250710E-1
  -3.448448448448E-1  -9.303451985897E-1
  -3.443443443443E-1  -9.301828911015E-1
  -3.438438438438E-1  -9.300201006440E-1
  -3.433433433433E-1  -9.298568255238E-1
  -3.428428428428E-1  -9.296930639241E-1
  -3.423423423423E-1  -9.295288138911E-1
  -3.418418418418E-1  -9.293640737525E-1
  -3.413413413413E-1  -9.291988414966E-1
  -3.408408408408E-1  -9.290331154366E-1
  -3.403403403403E-1  -9.288668935001E-1
  -3.398398398398E-1  -9.287001740654E-1
  -3.393393393393E-1  -9.285329551284E-1
  -3.388388388388E-1  -9.283652347133E-1
  -3.383383383383E-1  -9.281970110931E-1
  -3.378378378378E-1  -9.280282821882E-1
  -3.373373373373E-1  -9.278590462103E-1
  -3.368368368368E-1  -9.276893011513E-1
  -3.363363363363E-1  -9.275190452034E-1
  -3.358358358358E-1  -9.273482763358E-1
  -3.353353353353E-1  -9.271769925168E-1
  -3.348348348348E-1  -9.270051919496E-1
  -3.343343343343E-1  -9.268328724514E-1
  -3.338338338338E-1  -9.266600322983E-1
  -3.333333333333E-1  -9.264866693737E-1
  -3.328328328328E-1  -9.263127815895E-1
  -3.323323323323E-1  -9.261383671098E-1
  -3.318318318318E-1  -9.259634236992E-1
  -3.313313313313E-1  -9.257879495962E-1
  -3.308308308308E-1  -9.256119425365E-1
  -3.303303303303E-1  -9.254354006517E-1
  -3.298298298298E-1  -9.252583218022E-1
  -3.293293293293E-1  -9.250807038242E-1
  -3.288288288288E-1  -9.249025447774E-1
  -3.283283283283E-1  -9.247238424872E-1
  -3.278278278278E-1  -9.245445949888E-1
  -3.273273273273E-1  -9.243647999977E-1
  -3.268268268268E-1  -9.241844555726E-1
  -3.263263263263E-1  -9.240035595018E-1
  -3.258258258258E-1  -9.238221095101E-1
  -3.253253253253E-1  -9.236401037186E-1
  -3.248248248248E-1  -9.234575397468E-1
  -3.243243243243E-1  -9.232744156052E-1
  -3.238238238238E-1  -9.230907289321E-1
  -3.233233233233E-1  -9.229064777219E-1
  -3.228228228228E-1  -9.227216596387E-1
  -3.223223223223E-1  -9.225362724664E-1
  -3.218218218218E-1  -9.223503141249E-1
  -3.213213213213E-1  -9.221637821977E-1
  -3.208208208208E-1  -9.219766746254E-1
  -3.203203203203E-1  -9.217889889666E-1
  -3.198198198198E-1  -9.216007230969E-1
  -3.193193193193E-1  -9.214118747411E-1
  -3.188188188188E-1  -9.212224414691E-1
  -3.183183183183E-1  -9.210324211721E-1
  -3.178178178178E-1  -9.208418113494E-1
  -3.173173173173E-1  -9.206506098702E-1
  -3.168168168168E-1  -9.204588142607E-1
  -3.163163163163E-1  -9.202664221740E-1
  -3.158158158158E-1  -9.200734313963E-1
  -3.153153153153E-1  -9.198798393730E-1
  -3.148148148148E-1  -9.196856439176E-1
  -3.143143143143E-1  -9.194908424397E-1
  -3.138138138138E-1  -9.192954326878E-1
  -3.133133133133E-1  -9.190994122451E-1
  -3.128128128128E-1  -9.189027785392E-1
  -3.123123123123E-1  -9.187055293280E-1
  -3.118118118118E-1  -9.185076619618E-1
  -3.113113113113E-1  -9.183091741786E-1
  -3.108108108108E-1  -9.181100632545E-1
  -3.103103103103E-1  -9.179103269976E-1
  -3.098098098098E-1  -9.177099627607E-1
  -3.093093093093E-1  -9.175089679305E-1
  -3.088088088088E-1  -9.173073401869E-1
  -3.083083083083E-1  -9.171050767837E-1
  -3.078078078078E-1  -9.169021753254E-1
  -3.073073073073E-1  -9.166986331491E-1
  -3.068068068068E-1  -9.164944478300E-1
  -3.063063063063E-1  -9.162896166753E-1
  -3.058058058058E-1  -9.160841369847E-1
  -3.053053053053E-1  -9.158780063446E-1
  -3.048048048048E-1  -9.156712218734E-1
  -3.043043043043E-1  -9.154637812327E-1
  -3.038038038038E-1  -9.152556815138E-1
  -3.033033033033E-1  -9.150469202564E-1
  -3.028028028028E-1  -9.148374946705E-1
  -3.023023023023E-1  -9.146274019074E-1
  -3.018018018018E-1  -9.144166395703E-1
  -3.013013013013E-1  -9.142052046758E-1
  -3.008008008008E-1  -9.139930946915E-1
  -3.003003003003E-1  -9.137803067684E-1
  -2.997997997998E-1  -9.135668380308E-1
  -2.992992992993E-1  -9.133526858617E-1
  -2.987987987988E-1  -9.131378473589E-1
  -2.982982982983E-1  -9.129223198758E-1
  -2.977977977978E-1  -9.127061003750E-1
  -2.972972972973E-1  -9.124891862382E-1
  -2.967967967968E-1  -9.122715745036E-1
  -2.962962962963E-1  -9.120532621434E-1
  -2.957957957958E-1  -9.118342466047E-1
  -2.952952952953E-1  -9.116145247168E-1
  -2.947947947948E-1  -9.113940937909E-1
  -2.942942942943E-1  -9.111729506787E-1
  -2.937937937938E-1  -9.109510926614E-1
  -2.932932932933E-1  -9.107285166187E-1
  -2.927927927928E-1  -9.105052195765E-1
  -2.922922922923E-1  -9.102811987194E-1
  -2.917917917918E-1  -9.100564508171E-1
  -2.912912912913E-1  -9.098309730776E-1
  -2.907907907908E-1  -9.096047622432E-1
  -2.902902902903E-1  -9.093778154334E-1
  -2.897897897898E-1  -9.091501295825E-1
  -2.892892892893E-1  -9.089217014385E-1
  -2.887887887888E-1  -9.086925281319E-1
  -2.882882882883E-1  -9.084626063214E-1
  -2.877877877878E-1  -9.082319331019E-1
  -2.872872872873E-1  -9.080005050421E-1
  -2.867867867868E-1  -9.077683193271E-1
  -2.862862862863E-1  -9.075353725994E-1
  -2.857857857858E-1  -9.073016615481E-1
  -2.852852852853E-1  -9.070671831925E-1
  -2.847847847848E-1  -9.068319340655E-1
  -2.842842842843E-1  -9.065959111005E-1
  -2.837837837838E-1  -9.063591110275E-1
  -2.832832832833E-1  -9.061215303879E-1
  -2.827827827828E-1  -9.058831661226E-1
  -2.822822822823E-1  -9.056440146701E-1
  -2.817817817818E-1  -9.054040729373E-1
  -2.812812812813E-1  -9.051633372740E-1
  -2.807807807808E-1  -9.049218046645E-1
  -2.802802802803E-1  -9.046794715434E-1
  -2.797797797798E-1  -9.044363343799E-1
  -2.792792792793E-1  -9.041923899923E-1
  -2.787787787788E-1  -9.039476346960E-1
  -2.782782782783E-1  -9.037020652075E-1
  -2.777777777778E-1  -9.034556779242E-1
  -2.772772772773E-1  -9.032084695326E-1
  -2.767767767768E-1  -9.029604363872E-1
  -2.762762762763E-1  -9.027115748297E-1
  -2.757757757758E-1  -9.024618814917E-1
  -2.752752752753E-1  -9.022113526609E-1
  -2.747747747748E-1  -9.019599849456E-1
  -2.742742742743E-1  -9.017077744673E-1
  -2.737737737738E-1  -9.014547178471E-1
  -2.732732732733E-1  -9.012008113063E-1
  -2.727727727728E-1  -9.009460509762E-1
  -2.722722722723E-1  -9.006904335467E-1
  -2.717717717718E-1  -9.004339549801E-1
  -2.712712712713E-1  -9.001766118013E-1
  -2.707707707708E-1  -8.999183999936E-1
  -2.702702702703E-1  -8.996593160417E-1
  -2.697697697698E-1  -8.993993559535E-1
  -2.692692692693E-1  -8.991385159116E-1
  -2.687687687688E-1  -8.988767922678E-1
  -2.682682682683E-1  -8.986141809070E-1
  -2.677677677678E-1  -8.983506782040E-1
  -2.672672672673E-1  -8.980862801268E-1
  -2.667667667668E-1  -8.978209825565E-1
  -2.662662662663E-1  -8.975547819326E-1
  -2.657657657658E-1  -8.972876739638E-1
  -2.652652652653E-1  -8.970196549218E-1
  -2.647647647648E-1  -8.967507205282E-1
  -2.642642642643E-1  -8.964808670178E-1
  -2.637637637638E-1  -8.962100901234E-1
  -2.632632632633E-1  -8.959383857700E-1
  -2.627627627628E-1  -8.956657500602E-1
  -2.622622622623E-1  -8.953921785893E-1
  -2.617617617618E-1  -8.951176674819E-1
  -2.612612612613E-1  -8.948422122920E-1
  -2.607607607608E-1  -8.945658090295E-1
  -2.602602602603E-1  -8.942884534734E-1
  -2.597597597598E-1  -8.940101411723E-1
  -2.592592592593E-1  -8.937308681362E-1
  -2.587587587588E-1  -8.934506297898E-1
  -2.582582582583E-1  -8.931694221023E-1
  -2.577577577578E-1  -8.928872403780E-1
  -2.572572572573E-1  -8.926040806750E-1
  -2.567567567568E-1  -8.923199383886E-1
  -2.562562562563E-1  -8.920348089637E-1
  -2.557557557558E-1  -8.917486882403E-1
  -2.552552552553E-1  -8.914615714689E-1
  -2.547547547548E-1  -8.911734543694E-1
  -2.542542542543E-1  -8.908843322822E-1
  -2.537537537538E-1  -8.905942008799E-1
  -2.532532532533E-1  -8.903030554465E-1
  -2.527527527528E-1  -8.900108912424E-1
  -2.522522522523E-1  -8.897177039330E-1
  -2.517517517518E-1  -8.894234885063E-1
  -2.512512512513E-1  -8.891282407232E-1
  -2.507507507508E-1  -8.888319556583E-1
  -2.502502502503E-1  -8.885346284380E-1
  -2.497497497497E-1  -8.882362545960E-1
  -2.492492492492E-1  -8.879368289730E-1
  -2.487487487487E-1  -8.876363472072E-1
  -2.482482482482E-1  -8.873348040776E-1
  -2.477477477477E-1  -8.870321950158E-1
  -2.472472472472E-1  -8.867285149735E-1
  -2.467467467467E-1  -8.864237588698E-1
  -2.462462462462E-1  -8.861179219772E-1
  -2.457457457457E-1  -8.858109991539E-1
  -2.452452452452E-1  -8.855029856175E-1
  -2.447447447447E-1  -8.851938760138E-1
  -2.442442442442E-1  -8.848836655776E-1
  -2.437437437437E-1  -8.845723490524E-1
  -2.432432432432E-1  -8.842599210654E-1
  -2.427427427427E-1  -8.839463769212E-1
  -2.422422422422E-1  -8.836317110319E-1
  -2.417417417417E-1  -8.833159184850E-1
  -2.412412412412E-1  -8.829989937062E-1
  -2.407407407407E-1  -8.826809317249E-1
  -2.402402402402E-1  -8.823617269769E-1
  -2.397397397397E-1  -8.820413741126E-1
  -2.392392392392E-1  -8.817198679862E-1
  -2.387387387387E-1  -8.813972028592E-1
  -2.382382382382E-1  -8.810733736027E-1
  -2.377377377377E-1  -8.807483744146E-1
  -2.372372372372E-1  -8.804222000140E-1
  -2.367367367367E-1  -8.800948448577E-1
  -2.362362362362E-1  -8.797663031207E-1
  -2.357357357357E-1  -8.794365695036E-1
  -2.352352352352E-1  -8.791056380388E-1
  -2.347347347347E-1  -8.787735033618E-1
  -2.342342342342E-1  -8.784401595056E-1
  -2.337337337337E-1  -8.781056007236E-1
  -2.332332332332E-1  -8.777698214633E-1
  -2.327327327327E-1  -8.774328155754E-1
  -2.322322322322E-1  -8.770945775299E-1
  -2.317317317317E-1  -8.767551010920E-1
  -2.312312312312E-1  -8.764143805821E-1
  -2.307307307307E-1  -8.760724100356E-1
  -2.302302302302E-1  -8.757291831850E-1
  -2.297297297297E-1  -8.753846943298E-1
  -2.292292292292E-1  -8.750389370477E-1
  -2.287287287287E-1  -8.746919055595E-1
  -2.282282282282E-1  -8.743435932860E-1
  -2.277277277277E-1  -8.739939945386E-1
  -2.272272272272E-1  -8.736431028343E-1
  -2.267267267267E-1  -8.732909117211E-1
  -2.262262262262E-1  -8.729374152403E-1
  -2.257257257257E-1  -8.725826066854E-1
  -2.252252252252E-1  -8.722264799326E-1
  -2.247247247247E-1  -8.718690283709E-1
  -2.242242242242E-1  -8.715102458049E-1
  -2.237237237237E-1  -8.711501255320E-1
  -2.232232232232E-1  -8.707886608252E-1
  -2.227227227227E-1  -8.704258454504E-1
  -2.222222222222E-1  -8.700616723155E-1
  -2.217217217217E-1  -8.696961352913E-1
  -2.212212212212E-1  -8.693292271985E-1
  -2.207207207207E-1  -8.689609416360E-1
  -2.202202202202E-1  -8.685912716236E-1
  -2.197197197197E-1  -8.682202100247E-1
  -2.192192192192E-1  -8.678477505026E-1
  -2.187187187187E-1  -8.674738856597E-1
  -2.182182182182E-1  -8.670986088770E-1
  -2.177177177177E-1  -8.667219129487E-1
  -2.172172172172E-1  -8.663437906140E-1
  -2.167167167167E-1  -8.659642350302E-1
  -2.162162162162E-1  -8.655832388498E-1
  -2.157157157157E-1  -8.652007951426E-1
  -2.152152152152E-1  -8.648168962736E-1
  -2.147147147147E-1  -8.644315353202E-1
  -2.142142142142E-1  -8.640447047366E-1
  -2.137137137137E-1  -8.636563968373E-1
  -2.132132132132E-1  -8.632666047503E-1
  -2.127127127127E-1  -8.628753204935E-1
  -2.122122122122E-1  -8.624825369142E-1
  -2.117117117117E-1  -8.620882460224E-1
  -2.112112112112E-1  -8.616924405709E-1
  -2.107107107107E-1  -8.612951125618E-1
  -2.102102102102E-1  -8.608962542487E-1
  -2.097097097097E-1  -8.604958581413E-1
  -2.092092092092E-1  -8.600939159786E-1
  -2.087087087087E-1  -8.596904202667E-1
  -2.082082082082E-1  -8.592853626481E-1
  -2.077077077077E-1  -8.588787354233E-1
  -2.072072072072E-1  -8.584705305264E-1
  -2.067067067067E-1  -8.580607395390E-1
  -2.062062062062E-1  -8.576493547033E-1
  -2.057057057057E-1  -8.572363673906E-1
  -2.052052052052E-1  -8.568217697218E-1
  -2.047047047047E-1  -8.564055528598E-1
  -2.042042042042E-1  -8.559877090315E-1
  -2.037037037037E-1  -8.555682294766E-1
  -2.032032032032E-1  -8.551471054875E-1
  -2.027027027027E-1  -8.547243289159E-1
  -2.022022022022E-1  -8.542998907202E-1
  -2.017017017017E-1  -8.538737825560E-1
  -2.012012012012E-1  -8.534459956627E-1
  -2.007007007007E-1  -8.530165209341E-1
  -2.002002002002E-1  -8.525853499444E-1
  -1.996996996997E-1  -8.521524733480E-1
  -1.991991991992E-1  -8.517178825856E-1
  -1.986986986987E-1  -8.512815680850E-1
  -1.981981981982E-1  -8.508435213947E-1
  -1.976976976977E-1  -8.504037330129E-1
  -1.971971971972E-1  -8.499621934997E-1
  -1.966966966967E-1  -8.495188940023E-1
  -1.961961961962E-1  -8.490738247159E-1
  -1.956956956957E-1  -8.486269765546E-1
  -1.951951951952E-1  -8.481783398016E-1
  -1.946946946947E-1  -8.477279052424E-1
  -1.941941941942E-1  -8.472756630280E-1
  -1.936936936937E-1  -8.468216032523E-1
  -1.931931931932E-1  -8.463657164843E-1
  -1.926926926927E-1  -8.459079926759E-1
  -1.921921921922E-1  -8.454484222771E-1
  -1.916916916917E-1  -8.449869948579E-1
  -1.911911911912E-1  -8.445237008472E-1
  -1.906906906907E-1  -8.440585299099E-1
  -1.901901901902E-1  -8.435914715160E-1
  -1.896896896897E-1  -8.431225161068E-1
  -1.891891891892E-1  -8.426516527782E-1
  -1.886886886887E-1  -8.421788716070E-1
  -1.881881881882E-1  -8.417041616402E-1
  -1.876876876877E-1  -8.412275128031E-1
  -1.871871871872E-1  -8.407489141227E-1
  -1.866866866867E-1  -8.402683548899E-1
  -1.861861861862E-1  -8.397858246910E-1
  -1.856856856857E-1  -8.393013121801E-1
  -1.851851851852E-1  -8.388148069188E-1
  -1.846846846847E-1  -8.383262976413E-1
  -1.841841841842E-1  -8.378357728905E-1
  -1.836836836837E-1  -8.373432222202E-1
  -1.831831831832E-1  -8.368486337611E-1
  -1.826826826827E-1  -8.363519966689E-1
  -1.821821821822E-1  -8.358532990217E-1
  -1.816816816817E-1  -8.353525298102E-1
  -1.811811811812E-1  -8.348496770658E-1
  -1.806806806807E-1  -8.343447291131E-1
  -1.801801801802E-1  -8.338376745632E-1
  -1.796796796797E-1  -8.333285010534E-1
  -1.791791791792E-1  -8.328171971628E-1
  -1.786786786787E-1  -8.323037503424E-1
  -1.781781781782E-1  -8.317881488556E-1
  -1.776776776777E-1  -8.312703804974E-1
  -1.771771771772E-1  -8.307504325815E-1
  -1.766766766767E-1  -8.302282932249E-1
  -1.761761761762E-1  -8.297039494197E-1
  -1.756756756757E-1  -8.291773891114E-1
  -1.751751751752E-1  -8.286485989572E-1
  -1.746746746747E-1  -8.281175669790E-1
  -1.741741741742E-1  -8.275842799115E-1
  -1.736736736737E-1  -8.270487245160E-1
  -1.731731731732E-1  -8.265108882598E-1
  -1.726726726727E-1  -8.259707574382E-1
  -1.721721721722E-1  -8.254283191825E-1
  -1.716716716717E-1  -8.248835598508E-1
  -1.711711711712E-1  -8.243364663771E-1
  -1.706706706707E-1  -8.237870249101E-1
  -1.701701701702E-1  -8.232352214872E-1
  -1.696696696697E-1  -8.226810428795E-1
  -1.691691691692E-1  -8.221244744898E-1
  -1.686686686687E-1  -8.215655031366E-1
  -1.681681681682E-1  -8.210041142968E-1
  -1.676676676677E-1  -8.204402934640E-1
  -1.671671671672E-1  -8.198740268604E-1
  -1.666666666667E-1  -8.193052994681E-1
  -1.661661661662E-1  -8.187340971370E-1
  -1.656656656657E-1  -8.181604049224E-1
  -1.651651651652E-1  -8.175842084435E-1
  -1.646646646647E-1  -8.170054924996E-1
  -1.641641641642E-1  -8.164242417750E-1
  -1.636636636637E-1  -8.158404415413E-1
  -1.631631631632E-1  -8.152540762307E-1
  -1.626626626627E-1  -8.146651308922E-1
  -1.621621621622E-1  -8.140735894131E-1
  -1.616616616617E-1  -8.134794367392E-1
  -1.611611611612E-1  -8.128826567938E-1
  -1.606606606607E-1  -8.122832332414E-1
  -1.601601601602E-1  -8.116811509360E-1
  -1.596596596597E-1  -8.110763929669E-1
  -1.591591591592E-1  -8.104689436470E-1
  -1.586586586587E-1  -8.098587859462E-1
  -1.581581581582E-1  -8.092459039067E-1
  -1.576576576577E-1  -8.086302803739E-1
  -1.571571571572E-1  -8.080118985108E-1
  -1.566566566567E-1  -8.073907418074E-1
  -1.561561561562E-1  -8.067667925239E-1
  -1.556556556557E-1  -8.061400340327E-1
  -1.551551551552E-1  -8.055104486122E-1
  -1.546546546547E-1  -8.048780182456E-1
  -1.541541541542E-1  -8.042427261801E-1
  -1.536536536537E-1  -8.036045537884E-1
  -1.531531531532E-1  -8.029634837031E-1
  -1.526526526527E-1  -8.023194971451E-1
  -1.521521521522E-1  -8.016725764612E-1
  -1.516516516517E-1  -8.010227027108E-1
  -1.511511511512E-1  -8.003698572761E-1
  -1.506506506507E-1  -7.997140218779E-1
  -1.501501501502E-1  -7.990551769368E-1
  -1.496496496496E-1  -7.983933039989E-1
  -1.491491491491E-1  -7.977283831620E-1
  -1.486486486486E-1  -7.970603954974E-1
  -1.481481481481E-1  -7.963893214065E-1
  -1.476476476476E-1  -7.957151406227E-1
  -1.471471471471E-1  -7.950378338934E-1
  -1.466466466466E-1  -7.943573804287E-1
  -1.461461461461E-1  -7.936737606173E-1
  -1.456456456456E-1  -7.929869531545E-1
  -1.451451451451E-1  -7.922969384128E-1
  -1.446446446446E-1  -7.916036950613E-1
  -1.441441441441E-1  -7.909072017421E-1
  -1.436436436436E-1  -7.902074379603E-1
  -1.431431431431E-1  -7.895043816179E-1
  -1.426426426426E-1  -7.887980116812E-1
  -1.421421421421E-1  -7.880883060151E-1
  -1.416416416416E-1  -7.873752432012E-1
  -1.411411411411E-1  -7.866588007125E-1
  -1.406406406406E-1  -7.859389558402E-1
  -1.401401401401E-1  -7.852156867217E-1
  -1.396396396396E-1  -7.844889696964E-1
  -1.391391391391E-1  -7.837587828743E-1
  -1.386386386386E-1  -7.830251025230E-1
  -1.381381381381E-1  -7.822879048756E-1
  -1.376376376376E-1  -7.815471670562E-1
  -1.371371371371E-1  -7.808028643003E-1
  -1.366366366366E-1  -7.800549736791E-1
  -1.361361361361E-1  -7.793034699694E-1
  -1.356356356356E-1  -7.785483294347E-1
  -1.351351351351E-1  -7.777895269638E-1
  -1.346346346346E-1  -7.770270372178E-1
  -1.341341341341E-1  -7.762608355652E-1
  -1.336336336336E-1  -7.754908961891E-1
  -1.331331331331E-1  -7.747171939980E-1
  -1.326326326326E-1  -7.739397022975E-1
  -1.321321321321E-1  -7.731583956954E-1
  -1.316316316316E-1  -7.723732474030E-1
  -1.311311311311E-1  -7.715842301521E-1
  -1.306306306306E-1  -7.707913182057E-1
  -1.301301301301E-1  -7.699944833900E-1
  -1.296296296296E-1  -7.691936990476E-1
  -1.291291291291E-1  -7.683889366869E-1
  -1.286286286286E-1  -7.675801691163E-1
  -1.281281281281E-1  -7.667673674857E-1
  -1.276276276276E-1  -7.659505032515E-1
  -1.271271271271E-1  -7.651295482278E-1
  -1.266266266266E-1  -7.643044724860E-1
  -1.261261261261E-1  -7.634752474786E-1
  -1.256256256256E-1  -7.626418427007E-1
  -1.251251251251E-1  -7.618042287964E-1
  -1.246246246246E-1  -7.609623755107E-1
  -1.241241241241E-1  -7.601162516343E-1
  -1.236236236236E-1  -7.592658271282E-1
  -1.231231231231E-1  -7.584110699453E-1
  -1.226226226226E-1  -7.575519494433E-1
  -1.221221221221E-1  -7.566884331460E-1
  -1.216216216216E-1  -7.558204888950E-1
  -1.211211211211E-1  -7.549480848501E-1
  -1.206206206206E-1  -7.540711873349E-1
  -1.201201201201E-1  -7.531897640683E-1
  -1.196196196196E-1  -7.523037806624E-1
  -1.191191191191E-1  -7.514132039445E-1
  -1.186186186186E-1  -7.505179996981E-1
  -1.181181181181E-1  -7.496181327190E-1
  -1.176176176176E-1  -7.487135689677E-1
  -1.171171171171E-1  -7.478042722576E-1
  -1.166166166166E-1  -7.468902078373E-1
  -1.161161161161E-1  -7.459713385158E-1
  -1.156156156156E-1  -7.450476292466E-1
  -1.151151151151E-1  -7.441190425208E-1
  -1.146146146146E-1  -7.431855406821E-1
  -1.141141141141E-1  -7.422470870286E-1
  -1.136136136136E-1  -7.413036426147E-1
  -1.131131131131E-1  -7.403551697106E-1
  -1.126126126126E-1  -7.394016289943E-1
  -1.121121121121E-1  -7.384429818992E-1
  -1.116116116116E-1  -7.374791882470E-1
  -1.111111111111E-1  -7.365102074059E-1
  -1.106106106106E-1  -7.355359995070E-1
  -1.101101101101E-1  -7.345565230169E-1
  -1.096096096096E-1  -7.335717371725E-1
  -1.091091091091E-1  -7.325815990196E-1
  -1.086086086086E-1  -7.315860671172E-1
  -1.081081081081E-1  -7.305850980408E-1
  -1.076076076076E-1  -7.295786476362E-1
  -1.071071071071E-1  -7.285666735006E-1
  -1.066066066066E-1  -7.275491299777E-1
  -1.061061061061E-1  -7.265259731603E-1
  -1.056056056056E-1  -7.254971571187E-1
  -1.051051051051E-1  -7.244626353564E-1
  -1.046046046046E-1  -7.234223621734E-1
  -1.041041041041E-1  -7.223762899969E-1
  -1.036036036036E-1  -7.213243720221E-1
  -1.031031031031E-1  -7.202665590465E-1
  -1.026026026026E-1  -7.192028034093E-1
  -1.021021021021E-1  -7.181330552824E-1
  -1.016016016016E-1  -7.170572639512E-1
  -1.011011011011E-1  -7.159753805495E-1
  -1.006006006006E-1  -7.148873526307E-1
  -1.001001001001E-1  -7.137931295503E-1
  -9.959959959960E-2  -7.126926578757E-1
  -9.909909909910E-2  -7.115858857252E-1
  -9.859859859860E-2  -7.104727586252E-1
  -9.809809809810E-2  -7.093532222714E-1
  -9.759759759760E-2  -7.082272225432E-1
  -9.709709709710E-2  -7.070947026465E-1
  -9.659659659660E-2  -7.059556073660E-1
  -9.609609609610E-2  -7.048098785010E-1
  -9.559559559560E-2  -7.036574591140E-1
  -9.509509509510E-2  -7.024982907290E-1
  -9.459459459459E-2  -7.013323131898E-1
  -9.409409409409E-2  -7.001594676369E-1
  -9.359359359359E-2  -6.989796921138E-1
  -9.309309309309E-2  -6.977929262317E-1
  -9.259259259259E-2  -6.965991061128E-1
  -9.209209209209E-2  -6.953981703498E-1
  -9.159159159159E-2  -6.941900540346E-1
  -9.109109109109E-2  -6.929746916886E-1
  -9.059059059059E-2  -6.917520188013E-1
  -9.009009009009E-2  -6.905219675219E-1
  -8.958958958959E-2  -6.892844713016E-1
  -8.908908908909E-2  -6.880394617235E-1
  -8.858858858859E-2  -6.867868685093E-1
  -8.808808808809E-2  -6.855266226512E-1
  -8.758758758759E-2  -6.842586516452E-1
  -8.708708708709E-2  -6.829828845282E-1
  -8.658658658659E-2  -6.816992464986E-1
  -8.608608608609E-2  -6.804076652351E-1
  -8.558558558559E-2  -6.791080645039E-1
  -8.508508508509E-2  -6.778003673290E-1
  -8.458458458458E-2  -6.764844975972E-1
  -8.408408408408E-2  -6.751603754759E-1
  -8.358358358358E-2  -6.738279223189E-1
  -8.308308308308E-2  -6.724870567021E-1
  -8.258258258258E-2  -6.711376976699E-1
  -8.208208208208E-2  -6.697797614024E-1
  -8.158158158158E-2  -6.684131629011E-1
  -8.108108108108E-2  -6.670378175481E-1
  -8.058058058058E-2  -6.656536378182E-1
  -8.008008008008E-2  -6.642605366018E-1
  -7.957957957958E-2  -6.628584230247E-1
  -7.907907907908E-2  -6.614472076603E-1
  -7.857857857858E-2  -6.600267976317E-1
  -7.807807807808E-2  -6.585970982494E-1
  -7.757757757758E-2  -6.571580166115E-1
  -7.707707707708E-2  -6.557094544350E-1
  -7.657657657658E-2  -6.542513151643E-1
  -7.607607607608E-2  -6.527834978045E-1
  -7.557557557558E-2  -6.513059027148E-1
  -7.507507507508E-2  -6.498184260984E-1
  -7.457457457457E-2  -6.483209636373E-1
  -7.407407407407E-2  -6.468134104175E-1
  -7.357357357357E-2  -6.452956572318E-1
  -7.307307307307E-2  -6.437675961339E-1
  -7.257257257257E-2  -6.422291151242E-1
  -7.207207207207E-2  -6.406800999383E-1
  -7.157157157157E-2  -6.391204379442E-1
  -7.107107107107E-2  -6.375500103333E-1
  -7.057057057057E-2  -6.359686998314E-1
  -7.007007007007E-2  -6.343763840057E-1
  -6.956956956957E-2  -6.327729415626E-1
  -6.906906906907E-2  -6.311582462893E-1
  -6.856856856857E-2  -6.295321710131E-1
  -6.806806806807E-2  -6.278945875683E-1
  -6.756756756757E-2  -6.262453626906E-1
  -6.706706706707E-2  -6.245843640525E-1
  -6.656656656657E-2  -6.229114536587E-1
  -6.606606606607E-2  -6.212264939636E-1
  -6.556556556557E-2  -6.195293437005E-1
  -6.506506506507E-2  -6.178198577418E-1
  -6.456456456456E-2  -6.160978913030E-1
  -6.406406406406E-2  -6.143632934697E-1
  -6.356356356356E-2  -6.126159140334E-1
  -6.306306306306E-2  -6.108555959949E-1
  -6.256256256256E-2  -6.090821842669E-1
  -6.206206206206E-2  -6.072955168084E-1
  -6.156156156156E-2  -6.054954289038E-1
  -6.106106106106E-2  -6.036817553909E-1
  -6.056056056056E-2  -6.018543242191E-1
  -6.006006006006E-2  -6.000129631900E-1
  -5.955955955956E-2  -5.981574943729E-1
  -5.905905905906E-2  -5.962877386198E-1
  -5.855855855856E-2  -5.944035108290E-1
  -5.805805805806E-2  -5.925046221396E-1
  -5.755755755756E-2  -5.905908826707E-1
  -5.705705705706E-2  -5.886620943015E-1
  -5.655655655656E-2  -5.867180601105E-1
  -5.605605605606E-2  -5.847585746530E-1
  -5.555555555556E-2  -5.827834286047E-1
  -5.505505505506E-2  -5.807924111363E-1
  -5.455455455455E-2  -5.787853023833E-1
  -5.405405405405E-2  -5.767618832124E-1
  -5.355355355355E-2  -5.747219240789E-1
  -5.305305305305E-2  -5.726651950034E-1
  -5.255255255255E-2  -5.705914577005E-1
  -5.205205205205E-2  -5.685004684806E-1
  -5.155155155155E-2  -5.663919807764E-1
  -5.105105105105E-2  -5.642657396440E-1
  -5.055055055055E-2  -5.621214868876E-1
  -5.005005005005E-2  -5.599589544707E-1
  -4.954954954955E-2  -5.577778722923E-1
  -4.904904904905E-2  -5.555779605471E-1
  -4.854854854855E-2  -5.533589320818E-1
  -4.804804804805E-2  -5.511204976659E-1
  -4.754754754755E-2  -5.488623548092E-1
  -4.704704704705E-2  -5.465841985093E-1
  -4.654654654655E-2  -5.442857114972E-1
  -4.604604604605E-2  -5.419665730012E-1
  -4.554554554555E-2  -5.396264498987E-1
  -4.504504504505E-2  -5.372650021296E-1
  -4.454454454454E-2  -5.348818824314E-1
  -4.404404404404E-2  -5.324767301019E-1
  -4.354354354354E-2  -5.300491794781E-1
  -4.304304304304E-2  -5.275988500864E-1
  -4.254254254254E-2  -5.251253552111E-1
  -4.204204204204E-2  -5.226282954706E-1
  -4.154154154154E-2  -5.201072582854E-1
  -4.104104104104E-2  -5.175618237224E-1
  -4.054054054054E-2  -5.149915545170E-1
  -4.004004004004E-2  -5.123960057871E-1
  -3.953953953954E-2  -5.097747148395E-1
  -3.903903903904E-2  -5.071272070257E-1
  -3.853853853854E-2  -5.044529952187E-1
  -3.803803803804E-2  -5.017515725845E-1
  -3.753753753754E-2  -4.990224218276E-1
  -3.703703703704E-2  -4.962650037784E-1
  -3.653653653654E-2  -4.934787668124E-1
  -3.603603603604E-2  -4.906631392394E-1
  -3.553553553554E-2  -4.878175283387E-1
  -3.503503503504E-2  -4.849413265876E-1
  -3.453453453453E-2  -4.820339000254E-1
  -3.403403403403E-2  -4.790945987410E-1
  -3.353353353353E-2  -4.761227433931E-1
  -3.303303303303E-2  -4.731176388411E-1
  -3.253253253253E-2  -4.700785581139E-1
  -3.203203203203E-2  -4.670047483665E-1
  -3.153153153153E-2  -4.638954335410E-1
  -3.103103103103E-2  -4.607498020537E-1
  -3.053053053053E-2  -4.575670167297E-1
  -3.003003003003E-2  -4.543462039031E-1
  -2.952952952953E-2  -4.510864594085E-1
  -2.902902902903E-2  -4.477868385969E-1
  -2.852852852853E-2  -4.444463582366E-1
  -2.802802802803E-2  -4.410639993012E-1
  -2.752752752753E-2  -4.376386919166E-1
  -2.702702702703E-2  -4.341693297668E-1
  -2.652652652653E-2  -4.306547483879E-1
  -2.602602602603E-2  -4.270937393766E-1
  -2.552552552553E-2  -4.234850340401E-1
  -2.502502502503E-2  -4.198273040104E-1
  -2.452452452452E-2  -4.161191666385E-1
  -2.402402402402E-2  -4.123591624301E-1
  -2.352352352352E-2  -4.085457688627E-1
  -2.302302302302E-2  -4.046773814521E-1
  -2.252252252252E-2  -4.007523137621E-1
  -2.202202202202E-2  -3.967687964007E-1
  -2.152152152152E-2  -3.927249606569E-1
  -2.102102102102E-2  -3.886188412957E-1
  -2.052052052052E-2  -3.844483564393E-1
  -2.002002002002E-2  -3.802113142289E-1
  -1.951951951952E-2  -3.759053886783E-1
  -1.901901901902E-2  -3.715281141660E-1
  -1.851851851852E-2  -3.670768844439E-1
  -1.801801801802E-2  -3.625489177841E-1
  -1.751751751752E-2  -3.579412642407E-1
  -1.701701701702E-2  -3.532507703368E-1
  -1.651651651652E-2  -3.484740788181E-1
  -1.601601601602E-2  -3.436075907075E-1
  -1.551551551552E-2  -3.386474534772E-1
  -1.501501501502E-2  -3.335895351412E-1
  -1.451451451451E-2  -3.284293815953E-1
  -1.401401401401E-2  -3.231622012318E-1
  -1.351351351351E-2  -3.177828053347E-1
  -1.301301301301E-2  -3.122855824571E-1
  -1.251251251251E-2  -3.066644329664E-1
  -1.201201201201E-2  -3.009127081320E-1
  -1.151151151151E-2  -2.950231531833E-1
  -1.101101101101E-2  -2.889878022410E-1
  -1.051051051051E-2  -2.827979027581E-1
  -1.001001001001E-2  -2.764437715990E-1
  -9.509509509510E-3  -2.699146835707E-1
  -9.009009009009E-3  -2.631986669578E-1
  -8.508508508509E-3  -2.562823063696E-1
  -8.008008008008E-3  -2.491504874255E-1
  -7.507507507508E-3  -2.417860404693E-1
  -7.007007007007E-3  -2.341693415562E-1
  -6.506506506507E-3  -2.262777429231E-1
  -6.006006006006E-3  -2.180848403442E-1
  -5.505505505505E-3  -2.095595006412E-1
  -5.005005005005E-3  -2.006644511197E-1
  -4.504504504505E-3  -1.913543288438E-1
  -4.004004004004E-3  -1.815726872777E-1
  -3.503503503503E-3  -1.712474266427E-1
  -3.003003003003E-3  -1.602831325294E-1
  -2.502502502503E-3  -1.485475903107E-1
  -2.002002002002E-3  -1.358454655436E-1
  -1.501501501502E-3  -1.218596812016E-1
  -1.001001001001E-3  -1.059920865792E-1
  -5.005005005005E-4  -8.673989749482E-2
    0.000000000000E0  -4.860922428734E-2
