#             e [au]            f [a.u.]
   -1.118645000000E1  -9.999999878615E-1
   -1.117525235235E1  -9.999999877460E-1
   -1.116405470470E1  -9.999999876293E-1
   -1.115285705706E1  -9.999999875115E-1
   -1.114165940941E1  -9.999999873924E-1
   -1.113046176176E1  -9.999999872722E-1
   -1.111926411411E1  -9.999999871508E-1
   -1.110806646647E1  -9.999999870281E-1
   -1.109686881882E1  -9.999999869042E-1
   -1.108567117117E1  -9.999999867791E-1
   -1.107447352352E1  -9.999999866527E-1
   -1.106327587588E1  -9.999999865250E-1
   -1.105207822823E1  -9.999999863961E-1
   -1.104088058058E1  -9.999999862658E-1
   -1.102968293293E1  -9.999999861342E-1
   -1.101848528529E1  -9.999999860013E-1
   -1.100728763764E1  -9.999999858671E-1
   -1.099608998999E1  -9.999999857315E-1
   -1.098489234234E1  -9.999999855945E-1
   -1.097369469469E1  -9.999999854562E-1
   -1.096249704705E1  -9.999999853164E-1
   -1.095129939940E1  -9.999999851753E-1
   -1.094010175175E1  -9.999999850327E-1
   -1.092890410410E1  -9.999999848886E-1
   -1.091770645646E1  -9.999999847431E-1
   -1.090650880881E1  -9.999999845961E-1
   -1.089531116116E1  -9.999999844476E-1
   -1.088411351351E1  -9.999999842977E-1
   -1.087291586587E1  -9.999999841461E-1
   -1.086171821822E1  -9.999999839931E-1
   -1.085052057057E1  -9.999999838385E-1
   -1.083932292292E1  -9.999999836823E-1
   -1.082812527528E1  -9.999999835245E-1
   -1.081692762763E1  -9.999999833652E-1
   -1.080572997998E1  -9.999999832041E-1
   -1.079453233233E1  -9.999999830415E-1
   -1.078333468468E1  -9.999999828772E-1
   -1.077213703704E1  -9.999999827112E-1
   -1.076093938939E1  -9.999999825435E-1
   -1.074974174174E1  -9.999999823741E-1
   -1.073854409409E1  -9.999999822030E-1
   -1.072734644645E1  -9.999999820301E-1
   -1.071614879880E1  -9.999999818554E-1
   -1.070495115115E1  -9.999999816790E-1
   -1.069375350350E1  -9.999999815007E-1
   -1.068255585586E1  -9.999999813206E-1
   -1.067135820821E1  -9.999999811387E-1
   -1.066016056056E1  -9.999999809549E-1
   -1.064896291291E1  -9.999999807692E-1
   -1.063776526527E1  -9.999999805816E-1
   -1.062656761762E1  -9.999999803921E-1
   -1.061536996997E1  -9.999999802006E-1
   -1.060417232232E1  -9.999999800071E-1
   -1.059297467467E1  -9.999999798117E-1
   -1.058177702703E1  -9.999999796142E-1
   -1.057057937938E1  -9.999999794147E-1
   -1.055938173173E1  -9.999999792131E-1
   -1.054818408408E1  -9.999999790095E-1
   -1.053698643644E1  -9.999999788037E-1
   -1.052578878879E1  -9.999999785958E-1
   -1.051459114114E1  -9.999999783858E-1
   -1.050339349349E1  -9.999999781736E-1
   -1.049219584585E1  -9.999999779592E-1
   -1.048099819820E1  -9.999999777426E-1
   -1.046980055055E1  -9.999999775237E-1
   -1.045860290290E1  -9.999999773026E-1
   -1.044740525526E1  -9.999999770791E-1
   -1.043620760761E1  -9.999999768534E-1
   -1.042500995996E1  -9.999999766253E-1
   -1.041381231231E1  -9.999999763948E-1
   -1.040261466466E1  -9.999999761619E-1
   -1.039141701702E1  -9.999999759266E-1
   -1.038021936937E1  -9.999999756888E-1
   -1.036902172172E1  -9.999999754486E-1
   -1.035782407407E1  -9.999999752059E-1
   -1.034662642643E1  -9.999999749606E-1
   -1.033542877878E1  -9.999999747128E-1
   -1.032423113113E1  -9.999999744624E-1
   -1.031303348348E1  -9.999999742093E-1
   -1.030183583584E1  -9.999999739536E-1
   -1.029063818819E1  -9.999999736953E-1
   -1.027944054054E1  -9.999999734342E-1
   -1.026824289289E1  -9.999999731704E-1
   -1.025704524525E1  -9.999999729038E-1
   -1.024584759760E1  -9.999999726345E-1
   -1.023464994995E1  -9.999999723623E-1
   -1.022345230230E1  -9.999999720872E-1
   -1.021225465465E1  -9.999999718093E-1
   -1.020105700701E1  -9.999999715284E-1
   -1.018985935936E1  -9.999999712446E-1
   -1.017866171171E1  -9.999999709578E-1
   -1.016746406406E1  -9.999999706680E-1
   -1.015626641642E1  -9.999999703751E-1
   -1.014506876877E1  -9.999999700791E-1
   -1.013387112112E1  -9.999999697801E-1
   -1.012267347347E1  -9.999999694778E-1
   -1.011147582583E1  -9.999999691724E-1
   -1.010027817818E1  -9.999999688637E-1
   -1.008908053053E1  -9.999999685518E-1
   -1.007788288288E1  -9.999999682365E-1
   -1.006668523524E1  -9.999999679180E-1
   -1.005548758759E1  -9.999999675960E-1
   -1.004428993994E1  -9.999999672707E-1
   -1.003309229229E1  -9.999999669418E-1
   -1.002189464464E1  -9.999999666095E-1
   -1.001069699700E1  -9.999999662737E-1
   -9.999499349349E0  -9.999999659343E-1
   -9.988301701702E0  -9.999999655913E-1
   -9.977104054054E0  -9.999999652447E-1
   -9.965906406406E0  -9.999999648943E-1
   -9.954708758759E0  -9.999999645402E-1
   -9.943511111111E0  -9.996858845804E-1
   -9.932313463463E0  -9.996248429915E-1
   -9.921115815816E0  -9.995440225421E-1
   -9.909918168168E0  -9.994622290727E-1
   -9.898720520521E0  -9.993553768655E-1
   -9.887522872873E0  -9.992482649937E-1
   -9.876325225225E0  -9.991275642960E-1
   -9.865127577578E0  -9.989726189842E-1
   -9.853929929930E0  -9.988191215525E-1
   -9.842732282282E0  -9.986483031953E-1
   -9.831534634635E0  -9.984588890399E-1
   -9.820336986987E0  -9.982495719089E-1
   -9.809139339339E0  -9.980503910869E-1
   -9.797941691692E0  -9.978000156857E-1
   -9.786744044044E0  -9.975257870573E-1
   -9.775546396396E0  -9.972660635546E-1
   -9.764348748749E0  -9.969430583387E-1
   -9.753151101101E0  -9.966379072395E-1
   -9.741953453453E0  -9.962608755460E-1
   -9.730755805806E0  -9.959054500300E-1
   -9.719558158158E0  -9.955246515809E-1
   -9.708360510511E0  -9.950583847989E-1
   -9.697162862863E0  -9.946199512572E-1
   -9.685965215215E0  -9.941525683033E-1
   -9.674767567568E0  -9.936550570737E-1
   -9.663569919920E0  -9.931262313216E-1
   -9.652372272272E0  -9.925648991532E-1
   -9.641174624625E0  -9.919698647834E-1
   -9.629976976977E0  -9.913399303083E-1
   -9.618779329329E0  -9.907626287430E-1
   -9.607581681682E0  -9.900633470957E-1
   -9.596384034034E0  -9.893256309982E-1
   -9.585186386386E0  -9.886489433839E-1
   -9.573988738739E0  -9.878349811524E-1
   -9.562791091091E0  -9.869790588903E-1
   -9.551593443443E0  -9.861930194579E-1
   -9.540395795796E0  -9.853709518315E-1
   -9.529198148148E0  -9.843907920176E-1
   -9.518000500501E0  -9.834894253921E-1
   -9.506802852853E0  -9.825487904763E-1
   -9.495605205205E0  -9.814342793370E-1
   -9.484407557558E0  -9.804077491497E-1
   -9.473209909910E0  -9.793386866893E-1
   -9.462012262262E0  -9.782260076996E-1
   -9.450814614615E0  -9.770686257829E-1
   -9.439616966967E0  -9.758654532462E-1
   -9.428419319319E0  -9.746154019524E-1
   -9.417221671672E0  -9.733173841786E-1
   -9.406024024024E0  -9.719703134815E-1
   -9.394826376376E0  -9.705731055524E-1
   -9.383628728729E0  -9.691246790883E-1
   -9.372431081081E0  -9.676239566491E-1
   -9.361233433433E0  -9.660698655185E-1
   -9.350035785786E0  -9.644613385543E-1
   -9.338838138138E0  -9.629884096523E-1
   -9.327640490490E0  -9.612717412731E-1
   -9.316442842843E0  -9.594974183952E-1
   -9.305245195195E0  -9.578671243678E-1
   -9.294047547548E0  -9.559781139159E-1
   -9.282849899900E0  -9.542385589001E-1
   -9.271652252252E0  -9.522304824252E-1
   -9.260454604605E0  -9.501594631344E-1
   -9.249256956957E0  -9.482455996018E-1
   -9.238059309309E0  -9.462738071985E-1
   -9.226861661662E0  -9.440145568696E-1
   -9.215664014014E0  -9.419197664248E-1
   -9.204466366366E0  -9.395284823849E-1
   -9.193268718719E0  -9.373061101653E-1
   -9.182071071071E0  -9.350198949287E-1
   -9.170873423423E0  -9.324240389113E-1
   -9.159675775776E0  -9.300033116618E-1
   -9.148478128128E0  -9.275151632834E-1
   -9.137280480480E0  -9.249583740920E-1
   -9.126082832833E0  -9.223317222769E-1
   -9.114885185185E0  -9.196339843739E-1
   -9.103687537538E0  -9.166021955019E-1
   -9.092489889890E0  -9.137559962606E-1
   -9.081292242242E0  -9.108351429451E-1
   -9.070094594595E0  -9.078384171748E-1
   -9.058896946947E0  -9.047646022663E-1
   -9.047699299299E0  -9.016124838891E-1
   -9.036501651652E0  -8.983808507541E-1
   -9.025304004004E0  -8.950684952816E-1
   -9.014106356356E0  -8.916742142929E-1
   -9.002908708709E0  -8.881968096991E-1
   -8.991711061061E0  -8.849176986815E-1
   -8.980513413413E0  -8.812718317701E-1
   -8.969315765766E0  -8.775391336039E-1
   -8.958118118118E0  -8.737184292024E-1
   -8.946920470470E0  -8.698085522677E-1
   -8.935722822823E0  -8.660974307466E-1
   -8.924525175175E0  -8.620063463576E-1
   -8.913327527528E0  -8.578224787793E-1
   -8.902129879880E0  -8.535446999754E-1
   -8.890932232232E0  -8.494637283130E-1
   -8.879734584585E0  -8.449947238001E-1
   -8.868536936937E0  -8.404283160888E-1
   -8.857339289289E0  -8.360560012253E-1
   -8.846141641642E0  -8.312909747398E-1
   -8.834943993994E0  -8.264251662106E-1
   -8.823746346346E0  -8.217493564044E-1
   -8.812548698699E0  -8.166777586526E-1
   -8.801351051051E0  -8.117931283682E-1
   -8.790153403403E0  -8.065109878415E-1
   -8.778955755756E0  -8.014121759392E-1
   -8.767758108108E0  -7.959148721533E-1
   -8.756560460460E0  -7.905966406480E-1
   -8.745362812813E0  -7.848797042964E-1
   -8.734165165165E0  -7.793369598708E-1
   -8.722967517518E0  -7.733960913438E-1
   -8.711769869870E0  -7.676239070857E-1
   -8.700572222222E0  -7.617346614034E-1
   -8.689374574575E0  -7.554486341822E-1
   -8.678176926927E0  -7.493227513079E-1
   -8.666979279279E0  -7.430760792925E-1
   -8.655781631632E0  -7.364357839113E-1
   -8.644583983984E0  -7.299457808094E-1
   -8.633386336336E0  -7.233315318361E-1
   -8.622188688689E0  -7.163286874834E-1
   -8.610991041041E0  -7.094650067353E-1
   -8.599793393393E0  -7.024739435965E-1
   -8.588595745746E0  -6.953544792822E-1
   -8.577398098098E0  -6.878553060683E-1
   -8.566200450450E0  -6.804792484494E-1
   -8.555002802803E0  -6.729721608509E-1
   -8.543805155155E0  -6.653332113319E-1
   -8.532607507508E0  -6.575616205614E-1
   -8.521409859860E0  -6.496566635274E-1
   -8.510212212212E0  -6.413904228053E-1
   -8.499014564565E0  -6.332207911280E-1
   -8.487816916917E0  -6.249161110119E-1
   -8.476619269269E0  -6.164758962450E-1
   -8.465421621622E0  -6.078997265336E-1
   -8.454223973974E0  -5.991872497958E-1
   -8.443026326326E0  -5.903381844485E-1
   -8.431828678679E0  -5.813523216616E-1
   -8.420631031031E0  -5.722295274885E-1
   -8.409433383383E0  -5.629697452131E-1
   -8.398235735736E0  -5.535729974091E-1
   -8.387038088088E0  -5.440393880571E-1
   -8.375840440440E0  -5.343691046694E-1
   -8.364642792793E0  -5.245624202609E-1
   -8.353445145145E0  -5.146196953451E-1
   -8.342247497497E0  -5.045413800330E-1
   -8.331049849850E0  -4.943280150432E-1
   -8.319852202202E0  -4.839802346599E-1
   -8.308654554555E0  -4.734987676802E-1
   -8.297456906907E0  -4.628844391381E-1
   -8.286259259259E0  -4.521381718311E-1
   -8.275061611612E0  -4.412609877125E-1
   -8.263863963964E0  -4.303690274437E-1
   -8.252666316316E0  -4.192277764986E-1
   -8.241468668669E0  -4.079593029622E-1
   -8.230271021021E0  -3.965650472691E-1
   -8.219073373373E0  -3.850465560727E-1
   -8.207875725726E0  -3.734054809776E-1
   -8.196678078078E0  -3.617266959772E-1
   -8.185480430430E0  -3.498403756625E-1
   -8.174282782783E0  -3.378371500562E-1
   -8.163085135135E0  -3.257191083247E-1
   -8.151887487487E0  -3.134884464732E-1
   -8.140689839840E0  -3.012058359381E-1
   -8.129492192192E0  -2.887519897009E-1
   -8.118294544545E0  -2.761928931754E-1
   -8.107096896897E0  -2.635311775063E-1
   -8.095899249249E0  -2.508103602923E-1
   -8.084701601602E0  -2.379473454393E-1
   -8.073503953954E0  -2.249904136019E-1
   -8.062306306306E0  -2.119720229085E-1
   -8.051108658659E0  -1.988326793650E-1
   -8.039911011011E0  -1.856090870816E-1
   -8.028713363363E0  -1.723241477912E-1
   -8.017515715716E0  -1.589390043860E-1
   -8.006318068068E0  -1.454801911043E-1
   -7.995120420420E0  -1.319628034847E-1
   -7.983922772773E0  -1.183651387133E-1
   -7.972725125125E0  -1.047052207630E-1
   -7.961527477477E0  -9.099231473881E-2
   -7.950329829830E0  -7.721791262707E-2
   -7.939132182182E0  -6.339608833192E-2
   -7.927934534535E0  -4.952445129908E-2
   -7.916736886887E0  -3.561130476840E-2
   -7.905539239239E0  -2.166115358772E-2
   -7.894341591592E0  -7.677455016312E-3
   -7.883143943944E0   6.334546125012E-3
   -7.871946296296E0   2.037021588400E-2
   -7.860748648649E0   3.442427217358E-2
   -7.849551001001E0   4.849294274926E-2
   -7.838353353353E0   6.256889327199E-2
   -7.827155705706E0   7.665129685533E-2
   -7.815958058058E0   9.073417773496E-2
   -7.804760410410E0   1.048053848806E-1
   -7.793562762763E0   1.188730538432E-1
   -7.782365115115E0   1.329150538511E-1
   -7.771167467467E0   1.469336265419E-1
   -7.759969819820E0   1.609401001584E-1
   -7.748772172172E0   1.748983693542E-1
   -7.737574524525E0   1.888404801663E-1
   -7.726376876877E0   2.027180542047E-1
   -7.715179229229E0   2.165765217117E-1
   -7.703981581582E0   2.303532900401E-1
   -7.692783933934E0   2.441091298712E-1
   -7.681586286286E0   2.577653708796E-1
   -7.670388638639E0   2.713999907319E-1
   -7.659190990991E0   2.849164745493E-1
   -7.647993343343E0   2.983539385054E-1
   -7.636795695696E0   3.117698533362E-1
   -7.625598048048E0   3.250397047266E-1
   -7.614400400400E0   3.382168085694E-1
   -7.603202752753E0   3.513746886811E-1
   -7.592005105105E0   3.643580119621E-1
   -7.580807457457E0   3.773256318910E-1
   -7.569609809810E0   3.900988745222E-1
   -7.558412162162E0   4.027586966421E-1
   -7.547214514515E0   4.154087111811E-1
   -7.536016866867E0   4.278356784537E-1
   -7.524819219219E0   4.401383187795E-1
   -7.513621571572E0   4.524389324646E-1
   -7.502423923924E0   4.644882783569E-1
   -7.491226276276E0   4.764036464047E-1
   -7.480028628629E0   4.883264421749E-1
   -7.468830980981E0   4.999705666217E-1
   -7.457633333333E0   5.114723837540E-1
   -7.446435685686E0   5.229925143976E-1
   -7.435238038038E0   5.342077340770E-1
   -7.424040390390E0   5.452736777254E-1
   -7.412842742743E0   5.561883506744E-1
   -7.401645095095E0   5.671366280917E-1
   -7.390447447447E0   5.777483998627E-1
   -7.379249799800E0   5.882037718623E-1
   -7.368052152152E0   5.985013705199E-1
   -7.356854504505E0   6.088492133620E-1
   -7.345656856857E0   6.188323596506E-1
   -7.334459209209E0   6.286544084573E-1
   -7.323261561562E0   6.383145856491E-1
   -7.312063913914E0   6.480423440897E-1
   -7.300866266266E0   6.573811217412E-1
   -7.289668618619E0   6.665564234602E-1
   -7.278470970971E0   6.755680371962E-1
   -7.267273323323E0   6.844158851385E-1
   -7.256075675676E0   6.933522295228E-1
   -7.244878028028E0   7.018761347054E-1
   -7.233680380380E0   7.102366417554E-1
   -7.222482732733E0   7.184341710756E-1
   -7.211285085085E0   7.264692591558E-1
   -7.200087437437E0   7.346127255707E-1
   -7.188889789790E0   7.423273986057E-1
   -7.177692142142E0   7.498817130940E-1
   -7.166494494494E0   7.572766277298E-1
   -7.155296846847E0   7.645131967485E-1
   -7.144099199199E0   7.715925662378E-1
   -7.132901551552E0   7.788009009115E-1
   -7.121703903904E0   7.855709316802E-1
   -7.110506256256E0   7.921875197573E-1
   -7.099308608609E0   7.986521348054E-1
   -7.088110960961E0   8.049663169951E-1
   -7.076913313313E0   8.111316727952E-1
   -7.065715665666E0   8.171498708408E-1
   -7.054518018018E0   8.230226379154E-1
   -7.043320370370E0   8.290445101738E-1
   -7.032122722723E0   8.346315925205E-1
   -7.020925075075E0   8.400785597509E-1
   -7.009727427427E0   8.453873347274E-1
   -6.998529779780E0   8.505598793817E-1
   -6.987332132132E0   8.555981911055E-1
   -6.976134484484E0   8.605042992407E-1
   -6.964936836837E0   8.652802615799E-1
   -6.953739189189E0   8.699281614176E-1
   -6.942541541542E0   8.744501037760E-1
   -6.931343893894E0   8.788482126830E-1
   -6.920146246246E0   8.831246280709E-1
   -6.908948598599E0   8.872815028895E-1
   -6.897750950951E0   8.916004627328E-1
   -6.886553303303E0   8.955225006830E-1
   -6.875355655656E0   8.993313833668E-1
   -6.864158008008E0   9.030292936557E-1
   -6.852960360360E0   9.066184146950E-1
   -6.841762712713E0   9.101009275758E-1
   -6.830565065065E0   9.134790092455E-1
   -6.819367417417E0   9.167548304441E-1
   -6.808169769770E0   9.199305537693E-1
   -6.796972122122E0   9.230083318438E-1
   -6.785774474474E0   9.259903055656E-1
   -6.774576826827E0   9.288786024857E-1
   -6.763379179179E0   9.316753351988E-1
   -6.752181531532E0   9.343826001075E-1
   -6.740983883884E0   9.370024757420E-1
   -6.729786236236E0   9.395370217053E-1
   -6.718588588589E0   9.419882774211E-1
   -6.707390940941E0   9.443582610520E-1
   -6.696193293293E0   9.466489684596E-1
   -6.684995645646E0   9.488623722640E-1
   -6.673797997998E0   9.510004209718E-1
   -6.662600350350E0   9.530650381882E-1
   -6.651402702703E0   9.550581218819E-1
   -6.640205055055E0   9.569815437219E-1
   -6.629007407407E0   9.588371484951E-1
   -6.617809759760E0   9.606267535534E-1
   -6.606612112112E0   9.623521483592E-1
   -6.595414464464E0   9.638263679783E-1
   -6.584216816817E0   9.654325762357E-1
   -6.573019169169E0   9.669797749160E-1
   -6.561821521522E0   9.684696346628E-1
   -6.550623873874E0   9.699037966519E-1
   -6.539426226226E0   9.712838725350E-1
   -6.528228578579E0   9.726114442862E-1
   -6.517030930931E0   9.738880641002E-1
   -6.505833283283E0   9.751152543554E-1
   -6.494635635636E0   9.762945075842E-1
   -6.483437987988E0   9.774272864966E-1
   -6.472240340340E0   9.785150240204E-1
   -6.461042692693E0   9.795591233955E-1
   -6.449845045045E0   9.804234928798E-1
   -6.438647397397E0   9.813881502720E-1
   -6.427449749750E0   9.823131676966E-1
   -6.416252102102E0   9.831998285907E-1
   -6.405054454454E0   9.840493875549E-1
   -6.393856806807E0   9.848630705777E-1
   -6.382659159159E0   9.856420752710E-1
   -6.371461511512E0   9.863875711053E-1
   -6.360263863864E0   9.871006997372E-1
   -6.349066216216E0   9.877825752034E-1
   -6.337868568569E0   9.883324102686E-1
   -6.326670920921E0   9.889583001832E-1
   -6.315473273273E0   9.895560647827E-1
   -6.304275625626E0   9.901267095706E-1
   -6.293077977978E0   9.906712141516E-1
   -6.281880330330E0   9.911905325567E-1
   -6.270682682683E0   9.916855936629E-1
   -6.259485035035E0   9.920771688815E-1
   -6.248287387387E0   9.925292902489E-1
   -6.237089739740E0   9.929597350395E-1
   -6.225892092092E0   9.933693341944E-1
   -6.214694444444E0   9.937588953621E-1
   -6.203496796797E0   9.941292032723E-1
   -6.192299149149E0   9.944171307992E-1
   -6.181101501502E0   9.947537186501E-1
   -6.169903853854E0   9.950732135021E-1
   -6.158706206206E0   9.953763119783E-1
   -6.147508558559E0   9.956636897675E-1
   -6.136310910911E0   9.959360019967E-1
   -6.125113263263E0   9.961439923667E-1
   -6.113915615616E0   9.963902137080E-1
   -6.102717967968E0   9.966231555136E-1
   -6.091520320320E0   9.968433946453E-1
   -6.080322672673E0   9.970514893612E-1
   -6.069125025025E0   9.972479796929E-1
   -6.057927377377E0   9.973952984780E-1
   -6.046729729730E0   9.975719290701E-1
   -6.035532082082E0   9.977384124018E-1
   -6.024334434434E0   9.978952197876E-1
   -6.013136786787E0   9.980428062017E-1
   -6.001939139139E0   9.981517230501E-1
   -5.990741491491E0   9.982836898362E-1
   -5.979543843844E0   9.984076522356E-1
   -5.968346196196E0   9.985240041403E-1
   -5.957148548549E0   9.986087820302E-1
   -5.945950900901E0   9.987123500139E-1
   -5.934753253253E0   9.988093529090E-1
   -5.923555605606E0   9.989001293577E-1
   -5.912357957958E0   9.989850048506E-1
   -5.901160310310E0   9.990458206814E-1
   -5.889962662663E0   9.991208941592E-1
   -5.878765015015E0   9.991909218938E-1
   -5.867567367367E0   9.992561809962E-1
   -5.856369719720E0   9.993023134923E-1
   -5.845172072072E0   9.993597237565E-1
   -5.833974424424E0   9.994130874062E-1
   -5.822776776777E0   9.994626383549E-1
   -5.811579129129E0   9.994971842479E-1
   -5.800381481481E0   9.995405194242E-1
   -5.789183833834E0   9.995806459900E-1
   -5.777986186186E0   9.996177595406E-1
   -5.766788538539E0   9.996432686825E-1
   -5.755590890891E0   9.996755189192E-1
   -5.744393243243E0   9.997052565554E-1
   -5.733195595596E0   9.997326434412E-1
   -5.721997947948E0   9.997511939987E-1
   -5.710800300300E0   9.997748259108E-1
   -5.699602652653E0   9.997965170545E-1
   -5.688405005005E0   9.998110512510E-1
   -5.677207357357E0   9.998296665403E-1
   -5.666009709710E0   9.998466920801E-1
   -5.654812062062E0   9.998622410268E-1
   -5.643614414414E0   9.998725010132E-1
   -5.632416766767E0   9.998857361269E-1
   -5.621219119119E0   9.998977759772E-1
   -5.610021471471E0   9.999056305233E-1
   -5.598823823824E0   9.999158133389E-1
   -5.587626176176E0   9.999250375987E-1
   -5.576428528529E0   9.999333791851E-1
   -5.565230880881E0   9.999387338296E-1
   -5.554033233233E0   9.999457209519E-1
   -5.542835585586E0   9.999520101424E-1
   -5.531637937938E0   9.999559990649E-1
   -5.520440290290E0   9.999612273061E-1
   -5.509242642643E0   9.999659098093E-1
   -5.498044994995E0   9.999688433277E-1
   -5.486847347347E0   9.999727043440E-1
   -5.475649699700E0   9.999761437365E-1
   -5.464452052052E0   9.999792007742E-1
   -5.453254404404E0   9.999810826206E-1
   -5.442056756757E0   9.999835723187E-1
   -5.430859109109E0   9.999857720002E-1
   -5.419661461461E0   9.999871084170E-1
   -5.408463813814E0   9.999888824694E-1
   -5.397266166166E0   9.999904397267E-1
   -5.386068518519E0   9.999913731355E-1
   -5.374870870871E0   9.999926158773E-1
   -5.363673223223E0   9.999936991039E-1
   -5.352475575576E0   9.999943393910E-1
   -5.341277927928E0   9.999951940029E-1
   -5.330080280280E0   9.999959332496E-1
   -5.318882632633E0   9.999963639591E-1
   -5.307684984985E0   9.999969399827E-1
   -5.296487337337E0   9.999974341229E-1
   -5.285289689690E0   9.999977177572E-1
   -5.274092042042E0   9.999980976186E-1
   -5.262894394394E0   9.999983135982E-1
   -5.251696746747E0   9.999986030433E-1
   -5.240499099099E0   9.999988476472E-1
   -5.229301451451E0   9.999989845287E-1
   -5.218103803804E0   9.999991680303E-1
   -5.206906156156E0   9.999993214885E-1
   -5.195708508509E0   9.999994059509E-1
   -5.184510860861E0   9.999995191280E-1
   -5.173313213213E0   9.999996126943E-1
   -5.162115565566E0   9.999996633051E-1
   -5.150917917918E0   9.999997310310E-1
   -5.139720270270E0   9.999997672594E-1
   -5.128522622623E0   9.999998156822E-1
   -5.117324974975E0   9.999998548840E-1
   -5.106127327327E0   9.999998754621E-1
   -5.094929679680E0   9.999999028838E-1
   -5.083732032032E0   9.999999247569E-1
   -5.072534384384E0   9.999999360117E-1
   -5.061336736737E0   9.999999509459E-1
   -5.050139089089E0   9.999999585319E-1
   -5.038941441441E0   9.999999685667E-1
   -5.027743793794E0   9.999999763552E-1
   -5.016546146146E0   9.999999802250E-1
   -5.005348498498E0   9.999999853103E-1
   -4.994150850851E0   9.999999878011E-1
   -4.982953203203E0   9.999999910589E-1
   -4.971755555556E0   9.999999935064E-1
   -4.960557907908E0   9.999999946759E-1
   -4.949360260260E0   9.999999961909E-1
   -4.938162612613E0   9.999999969032E-1
   -4.926964964965E0   9.999999978199E-1
   -4.915767317317E0   9.999999984821E-1
   -4.904569669670E0   9.999999987847E-1
   -4.893372022022E0   9.999999991691E-1
   -4.882174374374E0   9.999999993415E-1
   -4.870976726727E0   9.999999995585E-1
   -4.859779079079E0   9.999999997080E-1
   -4.848581431431E0   9.999999997729E-1
   -4.837383783784E0   9.999999998531E-1
   -4.826186136136E0   9.999999998872E-1
   -4.814988488488E0   9.999999999287E-1
   -4.803790840841E0   9.999999999558E-1
   -4.792593193193E0   9.999999999668E-1
   -4.781395545546E0   9.999999999799E-1
   -4.770197897898E0   9.999999999852E-1
   -4.759000250250E0   9.999999999913E-1
   -4.747802602603E0   9.999999999937E-1
   -4.736604954955E0   9.999999999964E-1
   -4.725407307307E0   9.999999999980E-1
   -4.714209659660E0   9.999999999986E-1
   -4.703012012012E0   9.999999999993E-1
   -4.691814364364E0   9.999999999995E-1
   -4.680616716717E0   9.999999999997E-1
   -4.669419069069E0   9.999999999998E-1
   -4.658221421421E0   9.999999999999E-1
   -4.647023773774E0    1.000000000000E0
   -4.635826126126E0    1.000000000000E0
   -4.624628478478E0    1.000000000000E0
   -4.613430830831E0    1.000000000000E0
   -4.602233183183E0    1.000000000000E0
   -4.591035535536E0    1.000000000000E0
   -4.579837887888E0    1.000000000000E0
   -4.568640240240E0    1.000000000000E0
   -4.557442592593E0    1.000000000000E0
   -4.546244944945E0    1.000000000000E0
   -4.535047297297E0    1.000000000000E0
   -4.523849649650E0    1.000000000000E0
   -4.512652002002E0    1.000000000000E0
   -4.501454354354E0    1.000000000000E0
   -4.490256706707E0    1.000000000000E0
   -4.479059059059E0    1.000000000000E0
   -4.467861411411E0    1.000000000000E0
   -4.456663763764E0    1.000000000000E0
   -4.445466116116E0    1.000000000000E0
   -4.434268468468E0    1.000000000000E0
   -4.423070820821E0    1.000000000000E0
   -4.411873173173E0    1.000000000000E0
   -4.400675525526E0    1.000000000000E0
   -4.389477877878E0    1.000000000000E0
   -4.378280230230E0    1.000000000000E0
   -4.367082582583E0    1.000000000000E0
   -4.355884934935E0    1.000000000000E0
   -4.344687287287E0    1.000000000000E0
   -4.333489639640E0    1.000000000000E0
   -4.322291991992E0    1.000000000000E0
   -4.311094344344E0    1.000000000000E0
   -4.299896696697E0    1.000000000000E0
   -4.288699049049E0    1.000000000000E0
   -4.277501401401E0    1.000000000000E0
   -4.266303753754E0    1.000000000000E0
   -4.255106106106E0    1.000000000000E0
   -4.243908458458E0    1.000000000000E0
   -4.232710810811E0    1.000000000000E0
   -4.221513163163E0    1.000000000000E0
   -4.210315515516E0    1.000000000000E0
   -4.199117867868E0    1.000000000000E0
   -4.187920220220E0    1.000000000000E0
   -4.176722572573E0    1.000000000000E0
   -4.165524924925E0    1.000000000000E0
   -4.154327277277E0    1.000000000000E0
   -4.143129629630E0    1.000000000000E0
   -4.131931981982E0    1.000000000000E0
   -4.120734334334E0    1.000000000000E0
   -4.109536686687E0    1.000000000000E0
   -4.098339039039E0    1.000000000000E0
   -4.087141391391E0    1.000000000000E0
   -4.075943743744E0    1.000000000000E0
   -4.064746096096E0    1.000000000000E0
   -4.053548448448E0    1.000000000000E0
   -4.042350800801E0    1.000000000000E0
   -4.031153153153E0    1.000000000000E0
   -4.019955505506E0   -1.000000000000E0
   -4.008757857858E0   -1.000000000000E0
   -3.997560210210E0   -1.000000000000E0
   -3.986362562563E0   -1.000000000000E0
   -3.975164914915E0   -1.000000000000E0
   -3.963967267267E0   -1.000000000000E0
   -3.952769619620E0   -1.000000000000E0
   -3.941571971972E0   -1.000000000000E0
   -3.930374324324E0   -1.000000000000E0
   -3.919176676677E0   -1.000000000000E0
   -3.907979029029E0   -1.000000000000E0
   -3.896781381381E0   -1.000000000000E0
   -3.885583733734E0   -1.000000000000E0
   -3.874386086086E0   -1.000000000000E0
   -3.863188438438E0   -1.000000000000E0
   -3.851990790791E0   -1.000000000000E0
   -3.840793143143E0   -1.000000000000E0
   -3.829595495495E0   -1.000000000000E0
   -3.818397847848E0   -1.000000000000E0
   -3.807200200200E0   -1.000000000000E0
   -3.796002552553E0   -1.000000000000E0
   -3.784804904905E0   -1.000000000000E0
   -3.773607257257E0   -1.000000000000E0
   -3.762409609610E0   -1.000000000000E0
   -3.751211961962E0   -1.000000000000E0
   -3.740014314314E0   -1.000000000000E0
   -3.728816666667E0   -1.000000000000E0
   -3.717619019019E0   -1.000000000000E0
   -3.706421371371E0   -1.000000000000E0
   -3.695223723724E0   -1.000000000000E0
   -3.684026076076E0   -1.000000000000E0
   -3.672828428428E0   -1.000000000000E0
   -3.661630780781E0   -1.000000000000E0
   -3.650433133133E0   -1.000000000000E0
   -3.639235485485E0   -1.000000000000E0
   -3.628037837838E0   -1.000000000000E0
   -3.616840190190E0   -1.000000000000E0
   -3.605642542543E0   -1.000000000000E0
   -3.594444894895E0   -1.000000000000E0
   -3.583247247247E0   -1.000000000000E0
   -3.572049599600E0   -1.000000000000E0
   -3.560851951952E0   -1.000000000000E0
   -3.549654304304E0   -1.000000000000E0
   -3.538456656657E0   -1.000000000000E0
   -3.527259009009E0   -1.000000000000E0
   -3.516061361361E0   -1.000000000000E0
   -3.504863713714E0   -1.000000000000E0
   -3.493666066066E0   -1.000000000000E0
   -3.482468418418E0   -1.000000000000E0
   -3.471270770771E0   -1.000000000000E0
   -3.460073123123E0   -1.000000000000E0
   -3.448875475475E0   -1.000000000000E0
   -3.437677827828E0   -1.000000000000E0
   -3.426480180180E0   -1.000000000000E0
   -3.415282532533E0   -1.000000000000E0
   -3.404084884885E0   -1.000000000000E0
   -3.392887237237E0   -1.000000000000E0
   -3.381689589590E0   -1.000000000000E0
   -3.370491941942E0   -1.000000000000E0
   -3.359294294294E0   -1.000000000000E0
   -3.348096646647E0   -1.000000000000E0
   -3.336898998999E0   -1.000000000000E0
   -3.325701351351E0   -1.000000000000E0
   -3.314503703704E0  -9.999999999999E-1
   -3.303306056056E0  -9.999999999999E-1
   -3.292108408408E0  -9.999999999998E-1
   -3.280910760761E0  -9.999999999998E-1
   -3.269713113113E0  -9.999999999996E-1
   -3.258515465465E0  -9.999999999995E-1
   -3.247317817818E0  -9.999999999991E-1
   -3.236120170170E0  -9.999999999987E-1
   -3.224922522523E0  -9.999999999978E-1
   -3.213724874875E0  -9.999999999972E-1
   -3.202527227227E0  -9.999999999963E-1
   -3.191329579580E0  -9.999999999938E-1
   -3.180131931932E0  -9.999999999920E-1
   -3.168934284284E0  -9.999999999872E-1
   -3.157736636637E0  -9.999999999836E-1
   -3.146538988989E0  -9.999999999792E-1
   -3.135341341341E0  -9.999999999676E-1
   -3.124143693694E0  -9.999999999593E-1
   -3.112946046046E0  -9.999999999380E-1
   -3.101748398398E0  -9.999999999229E-1
   -3.090550750751E0  -9.999999999044E-1
   -3.079353103103E0  -9.999999998582E-1
   -3.068155455455E0  -9.999999998260E-1
   -3.056957807808E0  -9.999999997466E-1
   -3.045760160160E0  -9.999999996918E-1
   -3.034562512513E0  -9.999999996263E-1
   -3.023364864865E0  -9.999999994678E-1
   -3.012167217217E0  -9.999999993599E-1
   -3.000969569570E0  -9.999999991028E-1
   -2.989771921922E0  -9.999999989290E-1
   -2.978574274274E0  -9.999999987247E-1
   -2.967376626627E0  -9.999999982465E-1
   -2.956178978979E0  -9.999999979263E-1
   -2.944981331331E0  -9.999999971868E-1
   -2.933783683684E0  -9.999999966945E-1
   -2.922586036036E0  -9.999999961241E-1
   -2.911388388388E0  -9.999999948282E-1
   -2.900190740741E0  -9.999999939716E-1
   -2.888993093093E0  -9.999999920480E-1
   -2.877795445445E0  -9.999999907823E-1
   -2.866597797798E0  -9.999999893341E-1
   -2.855400150150E0  -9.999999861303E-1
   -2.844202502503E0  -9.999999840331E-1
   -2.833004854855E0  -9.999999794435E-1
   -2.821807207207E0  -9.999999764488E-1
   -2.810609559560E0  -9.999999730593E-1
   -2.799411911912E0  -9.999999657432E-1
   -2.788214264264E0  -9.999999609868E-1
   -2.777016616617E0  -9.999999556330E-1
   -2.765818968969E0  -9.999999442292E-1
   -2.754621321321E0  -9.999999368359E-1
   -2.743423673674E0  -9.999999212405E-1
   -2.732226026026E0  -9.999999111453E-1
   -2.721028378378E0  -9.999998998804E-1
   -2.709830730731E0  -9.999998764135E-1
   -2.698633083083E0  -9.999998612462E-1
   -2.687435435435E0  -9.999998299400E-1
   -2.676237787788E0  -9.999998097193E-1
   -2.665040140140E0  -9.999997873258E-1
   -2.653842492492E0  -9.999997416518E-1
   -2.642644844845E0  -9.999997121628E-1
   -2.631447197197E0  -9.999996796320E-1
   -2.620249549550E0  -9.999996140493E-1
   -2.609051901902E0  -9.999995716990E-1
   -2.597854254254E0  -9.999994870544E-1
   -2.586656606607E0  -9.999994323662E-1
   -2.575458958959E0  -9.999993724085E-1
   -2.564261311311E0  -9.999992539102E-1
   -2.553063663664E0  -9.999991772655E-1
   -2.541866016016E0  -9.999990935032E-1
   -2.530668368368E0  -9.999989297764E-1
   -2.519470720721E0  -9.999988237104E-1
   -2.508273073073E0  -9.999987081392E-1
   -2.497075425425E0  -9.999984846810E-1
   -2.485877777778E0  -9.999983396251E-1
   -2.474680130130E0  -9.999980614285E-1
   -2.463482482482E0  -9.999978805099E-1
   -2.452284834835E0  -9.999976843132E-1
   -2.441087187187E0  -9.999973120204E-1
   -2.429889539540E0  -9.999970692400E-1
   -2.418691891892E0  -9.999968066063E-1
   -2.407494244244E0  -9.999963134723E-1
   -2.396296596597E0  -9.999959908762E-1
   -2.385098948949E0  -9.999956427057E-1
   -2.373901301301E0  -9.999949957612E-1
   -2.362703653654E0  -9.999945710597E-1
   -2.351506006006E0  -9.999941136805E-1
   -2.340308358358E0  -9.999932725870E-1
   -2.329110710711E0  -9.999927183023E-1
   -2.317913063063E0  -9.999917069076E-1
   -2.306715415415E0  -9.999910383252E-1
   -2.295517767768E0  -9.999903208069E-1
   -2.284320120120E0  -9.999890249422E-1
   -2.273122472472E0  -9.999881645316E-1
   -2.261924824825E0  -9.999872428216E-1
   -2.250727177177E0  -9.999855951173E-1
   -2.239529529530E0  -9.999844959455E-1
   -2.228331881882E0  -9.999833204733E-1
   -2.217134234234E0  -9.999812404354E-1
   -2.205936586587E0  -9.999798459326E-1
   -2.194738938939E0  -9.999783570208E-1
   -2.183541291291E0  -9.999757489811E-1
   -2.172343643644E0  -9.999739913013E-1
   -2.161145995996E0  -9.999721174571E-1
   -2.149948348348E0  -9.999688682690E-1
   -2.138750700701E0  -9.999666664207E-1
   -2.127553053053E0  -9.999643223861E-1
   -2.116355405405E0  -9.999602988392E-1
   -2.105157757758E0  -9.999575565542E-1
   -2.093960110110E0  -9.999546410865E-1
   -2.082762462462E0  -9.999496870106E-1
   -2.071564814815E0  -9.999462903209E-1
   -2.060367167167E0  -9.999405621526E-1
   -2.049169519520E0  -9.999366166901E-1
   -2.037971871872E0  -9.999324311750E-1
   -2.026774224224E0  -9.999254436029E-1
   -2.015576576577E0  -9.999206001276E-1
   -2.004378928929E0  -9.999154677895E-1
   -1.993181281281E0  -9.999069855157E-1
   -1.981983633634E0  -9.999010674866E-1
   -1.970785985986E0  -9.998948032098E-1
   -1.959588338338E0  -9.998845540312E-1
   -1.948390690691E0  -9.998773550878E-1
   -1.937193043043E0  -9.998697426260E-1
   -1.925995395395E0  -9.998574125620E-1
   -1.914797747748E0  -9.998486921612E-1
   -1.903600100100E0  -9.998394795941E-1
   -1.892402452452E0  -9.998247074445E-1
   -1.881204804805E0  -9.998141859220E-1
   -1.870007157157E0  -9.998030805129E-1
   -1.858809509510E0  -9.997913610991E-1
   -1.847611861862E0  -9.997728047598E-1
   -1.836414214214E0  -9.997594671357E-1
   -1.825216566567E0  -9.997454037538E-1
   -1.814018918919E0  -9.997233593007E-1
   -1.802821271271E0  -9.997073968675E-1
   -1.791623623624E0  -9.996905789776E-1
   -1.780425975976E0  -9.996644810719E-1
   -1.769228328328E0  -9.996454405629E-1
   -1.758030680681E0  -9.996253943589E-1
   -1.746833033033E0  -9.995945984555E-1
   -1.735635385385E0  -9.995719574995E-1
   -1.724437737738E0  -9.995481371222E-1
   -1.713240090090E0  -9.995119095782E-1
   -1.702042442442E0  -9.994850671539E-1
   -1.690844794795E0  -9.994568447460E-1
   -1.679647147147E0  -9.994143517333E-1
   -1.668449499500E0  -9.993826173621E-1
   -1.657251851852E0  -9.993492718016E-1
   -1.646054204204E0  -9.992995668678E-1
   -1.634856556557E0  -9.992621483687E-1
   -1.623658908909E0  -9.992228525051E-1
   -1.612461261261E0  -9.991648626035E-1
   -1.601263613614E0  -9.991208522204E-1
   -1.590065965966E0  -9.990746584053E-1
   -1.578868318318E0  -9.990071681891E-1
   -1.567670670671E0  -9.989555268540E-1
   -1.556473023023E0  -9.989013505279E-1
   -1.545275375375E0  -9.988445202354E-1
   -1.534077727728E0  -9.987625241522E-1
   -1.522880080080E0  -9.986991252149E-1
   -1.511682432432E0  -9.986326508735E-1
   -1.500484784785E0  -9.985376911181E-1
   -1.489287137137E0  -9.984636527685E-1
   -1.478089489489E0  -9.983860558558E-1
   -1.466891841842E0  -9.982763032008E-1
   -1.455694194194E0  -9.981900078811E-1
   -1.444496546547E0  -9.980996004706E-1
   -1.433298898899E0  -9.979729886336E-1
   -1.422101251251E0  -9.978725906606E-1
   -1.410903603604E0  -9.977674468330E-1
   -1.399705955956E0  -9.976573395708E-1
   -1.388508308308E0  -9.975050369154E-1
   -1.377310660661E0  -9.973829601906E-1
   -1.366113013013E0  -9.972551625230E-1
   -1.354915365365E0  -9.970801160856E-1
   -1.343717717718E0  -9.969386022852E-1
   -1.332520070070E0  -9.967905009911E-1
   -1.321322422422E0  -9.965896150039E-1
   -1.310124774775E0  -9.964258098572E-1
   -1.298927127127E0  -9.962544262133E-1
   -1.287729479479E0  -9.960751201463E-1
   -1.276531831832E0  -9.958348560841E-1
   -1.265334184184E0  -9.956367951669E-1
   -1.254136536537E0  -9.954296281123E-1
   -1.242938888889E0  -9.951546922908E-1
   -1.231741241241E0  -9.949260849609E-1
   -1.220543593594E0  -9.946870180307E-1
   -1.209345945946E0  -9.943727669655E-1
   -1.198148298298E0  -9.941092033843E-1
   -1.186950650651E0  -9.938336326300E-1
   -1.175753003003E0  -9.935455119349E-1
   -1.164555355355E0  -9.931712718271E-1
   -1.153357707708E0  -9.928539483065E-1
   -1.142160060060E0  -9.925222253051E-1
   -1.130962412412E0  -9.920953762382E-1
   -1.119764764765E0  -9.917303141385E-1
   -1.108567117117E0  -9.913487368040E-1
   -1.097369469469E0  -9.909498969026E-1
   -1.086171821822E0  -9.904426518723E-1
   -1.074974174174E0  -9.900040865509E-1
   -1.063776526527E0  -9.895457272660E-1
   -1.052578878879E0  -9.889681105261E-1
   -1.041381231231E0  -9.884644139802E-1
   -1.030183583584E0  -9.879380251826E-1
   -1.018985935936E0  -9.872806680913E-1
   -1.007788288288E0  -9.867025397789E-1
  -9.965906406406E-1  -9.860983992773E-1
  -9.853929929930E-1  -9.854670623292E-1
  -9.741953453453E-1  -9.846874827315E-1
  -9.629976976977E-1  -9.839944766686E-1
  -9.518000500500E-1  -9.832702922021E-1
  -9.406024024024E-1  -9.823839004291E-1
  -9.294047547548E-1  -9.815893150637E-1
  -9.182071071071E-1  -9.807589833086E-1
  -9.070094594595E-1  -9.798912649936E-1
  -8.958118118118E-1  -9.788407207696E-1
  -8.846141641642E-1  -9.778890102266E-1
  -8.734165165165E-1  -9.768944210360E-1
  -8.622188688689E-1  -9.758549741279E-1
  -8.510212212212E-1  -9.746099070512E-1
  -8.398235735736E-1  -9.734701673661E-1
  -8.286259259259E-1  -9.722789559483E-1
  -8.174282782783E-1  -9.708638948123E-1
  -8.062306306306E-1  -9.695580225450E-1
  -7.950329829830E-1  -9.681930668937E-1
  -7.838353353353E-1  -9.667662679912E-1
  -7.726376876877E-1  -9.650886302986E-1
  -7.614400400400E-1  -9.635246629880E-1
  -7.502423923924E-1  -9.618896557824E-1
  -7.390447447447E-1  -9.599823564120E-1
  -7.278470970971E-1  -9.581902955024E-1
  -7.166494494494E-1  -9.563165833098E-1
  -7.054518018018E-1  -9.543573493783E-1
  -6.942541541542E-1  -9.520939701389E-1
  -6.830565065065E-1  -9.499463890374E-1
  -6.718588588589E-1  -9.477004146775E-1
  -6.606612112112E-1  -9.453513367783E-1
  -6.494635635636E-1  -9.426630399072E-1
  -6.382659159159E-1  -9.400876932089E-1
  -6.270682682683E-1  -9.373935888327E-1
  -6.158706206206E-1  -9.343325602252E-1
  -6.046729729730E-1  -9.313785052977E-1
  -5.934753253253E-1  -9.282875337359E-1
  -5.822776776777E-1  -9.250529619759E-1
  -5.710800300300E-1  -9.214100120038E-1
  -5.598823823824E-1  -9.178620308524E-1
  -5.486847347347E-1  -9.141482429999E-1
  -5.374870870871E-1  -9.102604476960E-1
  -5.262894394394E-1  -9.059184154567E-1
  -5.150917917918E-1  -9.016518146393E-1
  -5.038941441441E-1  -8.971839428831E-1
  -4.926964964965E-1  -8.922255015863E-1
  -4.814988488488E-1  -8.873202357049E-1
  -4.703012012012E-1  -8.821818111571E-1
  -4.591035535536E-1  -8.767983760033E-1
  -4.479059059059E-1  -8.708690985764E-1
  -4.367082582583E-1  -8.649541349444E-1
  -4.255106106106E-1  -8.587546398268E-1
  -4.143129629630E-1  -8.522558591218E-1
  -4.031153153153E-1  -8.451487689987E-1
  -3.919176676677E-1  -8.380014383367E-1
  -3.807200200200E-1  -8.305054480813E-1
  -3.695223723724E-1  -8.226422628593E-1
  -3.583247247247E-1  -8.140989785485E-1
  -3.471270770771E-1  -8.054403182297E-1
  -3.359294294294E-1  -7.963520696977E-1
  -3.247317817818E-1  -7.868106288746E-1
  -3.135341341341E-1  -7.765044537773E-1
  -3.023364864865E-1  -7.659803606835E-1
  -2.911388388388E-1  -7.549228460473E-1
  -2.799411911912E-1  -7.430273326958E-1
  -2.687435435435E-1  -7.308111040036E-1
  -2.575458958959E-1  -7.179628847195E-1
  -2.463482482482E-1  -7.044444500832E-1
  -2.351506006006E-1  -6.899627352482E-1
  -2.239529529530E-1  -6.749811079847E-1
  -2.127553053053E-1  -6.591945598095E-1
  -2.015576576577E-1  -6.425493556087E-1
  -1.903600100100E-1  -6.247671836574E-1
  -1.791623623624E-1  -6.062280710795E-1
  -1.679647147147E-1  -5.866324339790E-1
  -1.567670670671E-1  -5.658972410504E-1
  -1.455694194194E-1  -5.437524058868E-1
  -1.343717717718E-1  -5.204497386983E-1
  -1.231741241241E-1  -4.956757904876E-1
  -1.119764764765E-1  -4.692774763913E-1
  -1.007788288288E-1  -4.409469688544E-1
  -8.958118118118E-2  -4.107067098263E-1
  -7.838353353353E-2  -3.781223114283E-1
  -6.718588588589E-2  -3.427905866605E-1
  -5.598823823824E-2  -3.040827356999E-1
  -4.479059059059E-2  -2.612765567021E-1
  -3.359294294294E-2  -2.128756291869E-1
  -2.239529529530E-2  -1.561390630659E-1
  -1.119764764765E-2  -8.405066604487E-2
    0.000000000000E0   7.644564465941E-2
