#             e [au]            f [a.u.]
   -1.018518208668E1  -9.999999711257E-1
   -1.017498668419E1  -9.999999708636E-1
   -1.016479128170E1  -9.999999705989E-1
   -1.015459587921E1  -9.999999703317E-1
   -1.014440047672E1  -9.999999700620E-1
   -1.013420507423E1  -9.999999697896E-1
   -1.012400967174E1  -9.999999695146E-1
   -1.011381426925E1  -9.999999692370E-1
   -1.010361886677E1  -9.999999689567E-1
   -1.009342346428E1  -9.999999686737E-1
   -1.008322806179E1  -9.999999683880E-1
   -1.007303265930E1  -9.999999680996E-1
   -1.006283725681E1  -9.999999678083E-1
   -1.005264185432E1  -9.999999675143E-1
   -1.004244645183E1  -9.999999672174E-1
   -1.003225104934E1  -9.999999669176E-1
   -1.002205564685E1  -9.999999666150E-1
   -1.001186024436E1  -9.999999663094E-1
   -1.000166484187E1  -9.999999660009E-1
   -9.991469439385E0  -9.999999656894E-1
   -9.981274036896E0  -9.999999653749E-1
   -9.971078634407E0  -9.999999650573E-1
   -9.960883231917E0  -9.999999647366E-1
   -9.950687829428E0  -9.999999644129E-1
   -9.940492426939E0  -9.999999640860E-1
   -9.930297024450E0  -9.999999637559E-1
   -9.920101621961E0  -9.999999634226E-1
   -9.909906219472E0  -9.999999630861E-1
   -9.899710816982E0  -9.999999627463E-1
   -9.889515414493E0  -9.999999624032E-1
   -9.879320012004E0  -9.999999620568E-1
   -9.869124609515E0  -9.999999617070E-1
   -9.858929207026E0  -9.999999613538E-1
   -9.848733804537E0  -9.999999609971E-1
   -9.838538402047E0  -9.999999606370E-1
   -9.828342999558E0  -9.999999602733E-1
   -9.818147597069E0  -9.999999599061E-1
   -9.807952194580E0  -9.999999595353E-1
   -9.797756792091E0  -9.999999591609E-1
   -9.787561389602E0  -9.999999587828E-1
   -9.777365987112E0  -9.999999584011E-1
   -9.767170584623E0  -9.999999580156E-1
   -9.756975182134E0  -9.999999576263E-1
   -9.746779779645E0  -9.999999572332E-1
   -9.736584377156E0  -9.999999568362E-1
   -9.726388974667E0  -9.999999564353E-1
   -9.716193572177E0  -9.999999560305E-1
   -9.705998169688E0  -9.999999556218E-1
   -9.695802767199E0  -9.999999552090E-1
   -9.685607364710E0  -9.999999547921E-1
   -9.675411962221E0  -9.999999543712E-1
   -9.665216559732E0  -9.999999539461E-1
   -9.655021157242E0  -9.999999535168E-1
   -9.644825754753E0  -9.999999530833E-1
   -9.634630352264E0  -9.999999526455E-1
   -9.624434949775E0  -9.999999522034E-1
   -9.614239547286E0  -9.999999517569E-1
   -9.604044144797E0  -9.999999513061E-1
   -9.593848742307E0  -9.999999508507E-1
   -9.583653339818E0  -9.999999503909E-1
   -9.573457937329E0  -9.999999499265E-1
   -9.563262534840E0  -9.999999494575E-1
   -9.553067132351E0  -9.999999489838E-1
   -9.542871729861E0  -9.999999485055E-1
   -9.532676327372E0  -9.999999480224E-1
   -9.522480924883E0  -9.999999475346E-1
   -9.512285522394E0  -9.999999470418E-1
   -9.502090119905E0  -9.999999465442E-1
   -9.491894717416E0  -9.999999460417E-1
   -9.481699314926E0  -9.999999455341E-1
   -9.471503912437E0  -9.999999450215E-1
   -9.461308509948E0  -9.999999445038E-1
   -9.451113107459E0  -9.999999439809E-1
   -9.440917704970E0  -9.999999434529E-1
   -9.430722302481E0  -9.999999429195E-1
   -9.420526899991E0  -9.999999423808E-1
   -9.410331497502E0  -9.999999418368E-1
   -9.400136095013E0  -9.999999412873E-1
   -9.389940692524E0  -9.999999407323E-1
   -9.379745290035E0  -9.999999401718E-1
   -9.369549887546E0  -9.999999396056E-1
   -9.359354485056E0  -9.999999390338E-1
   -9.349159082567E0  -9.999999384563E-1
   -9.338963680078E0  -9.999999378729E-1
   -9.328768277589E0  -9.999999372838E-1
   -9.318572875100E0  -9.999999366887E-1
   -9.308377472611E0  -9.999999360876E-1
   -9.298182070121E0  -9.999999354805E-1
   -9.287986667632E0  -9.999999348673E-1
   -9.277791265143E0  -9.999999342479E-1
   -9.267595862654E0  -9.999999336222E-1
   -9.257400460165E0  -9.999999329903E-1
   -9.247205057676E0  -9.999999323520E-1
   -9.237009655186E0  -9.999999317073E-1
   -9.226814252697E0  -9.999999310560E-1
   -9.216618850208E0  -9.999999303982E-1
   -9.206423447719E0  -9.999999297338E-1
   -9.196228045230E0  -9.999999290626E-1
   -9.186032642741E0  -9.999999283846E-1
   -9.175837240251E0  -9.999999276998E-1
   -9.165641837762E0  -9.999999270080E-1
   -9.155446435273E0  -9.999999263092E-1
   -9.145251032784E0  -9.999999256034E-1
   -9.135055630295E0  -9.999999248904E-1
   -9.124860227806E0  -9.999999241701E-1
   -9.114664825316E0  -9.999999234425E-1
   -9.104469422827E0  -9.999999227076E-1
   -9.094274020338E0  -9.999999219651E-1
   -9.084078617849E0  -9.999999212152E-1
   -9.073883215360E0  -9.999999204575E-1
   -9.063687812871E0  -9.999999196922E-1
   -9.053492410381E0  -9.999999189190E-1
   -9.043297007892E0  -9.999999181380E-1
   -9.033101605403E0  -9.999999173490E-1
   -9.022906202914E0  -9.999999165520E-1
   -9.012710800425E0  -9.999999157468E-1
   -9.002515397936E0  -9.999999149333E-1
   -8.992319995446E0  -9.999999141116E-1
   -8.982124592957E0  -9.999999132814E-1
   -8.971929190468E0  -9.999999124428E-1
   -8.961733787979E0  -9.999999115955E-1
   -8.951538385490E0  -9.999999107396E-1
   -8.941342983001E0  -9.999999098748E-1
   -8.931147580511E0  -9.999999090012E-1
   -8.920952178022E0  -9.999999081186E-1
   -8.910756775533E0  -9.999999072270E-1
   -8.900561373044E0  -9.999999063262E-1
   -8.890365970555E0  -9.999999054161E-1
   -8.880170568066E0  -9.999999044966E-1
   -8.869975165576E0  -9.999999035677E-1
   -8.859779763087E0  -9.999999026292E-1
   -8.849584360598E0  -9.999999016810E-1
   -8.839388958109E0  -9.999999007230E-1
   -8.829193555620E0  -9.999998997551E-1
   -8.818998153131E0  -9.999998987772E-1
   -8.808802750641E0  -9.999998977892E-1
   -8.798607348152E0  -9.999998967910E-1
   -8.788411945663E0  -9.999998957824E-1
   -8.778216543174E0  -9.999998947634E-1
   -8.768021140685E0  -9.999998937339E-1
   -8.757825738196E0  -9.999998926936E-1
   -8.747630335706E0  -9.999998916426E-1
   -8.737434933217E0  -9.999998905806E-1
   -8.727239530728E0  -9.999998895076E-1
   -8.717044128239E0  -9.999998884234E-1
   -8.706848725750E0  -9.999998873280E-1
   -8.696653323261E0  -9.999998862212E-1
   -8.686457920771E0  -9.999998851028E-1
   -8.676262518282E0  -9.999998839727E-1
   -8.666067115793E0  -9.999998828309E-1
   -8.655871713304E0  -9.999998816772E-1
   -8.645676310815E0  -9.999998805114E-1
   -8.635480908326E0  -9.999998793334E-1
   -8.625285505836E0  -9.999998781431E-1
   -8.615090103347E0  -9.999998769403E-1
   -8.604894700858E0  -9.999998757250E-1
   -8.594699298369E0  -9.999998744969E-1
   -8.584503895880E0  -9.999998732560E-1
   -8.574308493391E0  -9.999998720020E-1
   -8.564113090901E0  -9.999998707349E-1
   -8.553917688412E0  -9.999998694544E-1
   -8.543722285923E0  -9.999998681605E-1
   -8.533526883434E0  -9.999998668530E-1
   -8.523331480945E0  -9.999998655317E-1
   -8.513136078455E0  -9.999998641965E-1
   -8.502940675966E0  -9.999998628473E-1
   -8.492745273477E0  -9.999998614838E-1
   -8.482549870988E0  -9.999998601059E-1
   -8.472354468499E0  -9.999998587135E-1
   -8.462159066010E0  -9.999998573064E-1
   -8.451963663520E0  -9.999998558844E-1
   -8.441768261031E0  -9.999998544473E-1
   -8.431572858542E0  -9.999998529951E-1
   -8.421377456053E0  -9.999998515274E-1
   -8.411182053564E0  -9.999998500442E-1
   -8.400986651075E0  -9.999998485453E-1
   -8.390791248585E0  -9.999998470305E-1
   -8.380595846096E0  -9.999998454996E-1
   -8.370400443607E0  -9.999998439524E-1
   -8.360205041118E0  -9.999998423888E-1
   -8.350009638629E0  -9.999998408085E-1
   -8.339814236140E0  -9.999998392114E-1
   -8.329618833650E0  -9.999998375973E-1
   -8.319423431161E0  -9.999998359660E-1
   -8.309228028672E0  -9.999998343173E-1
   -8.299032626183E0  -9.999998326510E-1
   -8.288837223694E0  -9.999998309669E-1
   -8.278641821205E0  -9.999998292648E-1
   -8.268446418715E0  -9.999998275445E-1
   -8.258251016226E0  -9.999998258058E-1
   -8.248055613737E0  -9.999998240484E-1
   -8.237860211248E0  -9.999998222723E-1
   -8.227664808759E0  -9.999998204771E-1
   -8.217469406270E0  -9.999998186626E-1
   -8.207274003780E0  -9.999998168286E-1
   -8.197078601291E0  -9.999998149749E-1
   -8.186883198802E0  -9.999998131013E-1
   -8.176687796313E0  -9.999998112076E-1
   -8.166492393824E0  -9.999998092935E-1
   -8.156296991335E0  -9.999998073587E-1
   -8.146101588845E0  -9.999998054031E-1
   -8.135906186356E0  -9.999998034264E-1
   -8.125710783867E0  -9.999998014283E-1
   -8.115515381378E0  -9.999997994087E-1
   -8.105319978889E0  -9.999997973672E-1
   -8.095124576400E0  -9.999997953037E-1
   -8.084929173910E0  -9.999997932178E-1
   -8.074733771421E0  -9.999997911093E-1
   -8.064538368932E0  -9.999997889780E-1
   -8.054342966443E0  -9.999997868236E-1
   -8.044147563954E0  -9.999997846458E-1
   -8.033952161465E0  -9.999997824443E-1
   -8.023756758975E0  -9.999997802189E-1
   -8.013561356486E0  -9.999997779693E-1
   -8.003365953997E0  -9.999997756953E-1
   -7.993170551508E0  -9.999997733964E-1
   -7.982975149019E0  -9.999997710726E-1
   -7.972779746530E0  -9.999997687234E-1
   -7.962584344040E0  -9.999997663485E-1
   -7.952388941551E0  -9.999997639477E-1
   -7.942193539062E0  -9.999997615207E-1
   -7.931998136573E0  -9.999997590672E-1
   -7.921802734084E0  -9.999997565868E-1
   -7.911607331595E0  -9.999997540792E-1
   -7.901411929105E0  -9.999997515442E-1
   -7.891216526616E0  -9.999997489814E-1
   -7.881021124127E0  -9.999997463905E-1
   -7.870825721638E0  -9.999997437711E-1
   -7.860630319149E0  -9.999997411229E-1
   -7.850434916660E0  -9.999997384457E-1
   -7.840239514170E0  -9.999997357389E-1
   -7.830044111681E0  -9.999997330024E-1
   -7.819848709192E0  -9.999997302358E-1
   -7.809653306703E0  -9.999997274386E-1
   -7.799457904214E0  -9.999997246106E-1
   -7.789262501725E0  -9.999997217513E-1
   -7.779067099235E0  -9.999997188605E-1
   -7.768871696746E0  -9.999997159377E-1
   -7.758676294257E0  -9.999997129825E-1
   -7.748480891768E0  -9.999997099947E-1
   -7.738285489279E0  -9.999997069738E-1
   -7.728090086790E0  -9.999997039193E-1
   -7.717894684300E0  -9.999997008310E-1
   -7.707699281811E0  -9.999996977084E-1
   -7.697503879322E0  -9.999996945511E-1
   -7.687308476833E0  -9.999996913587E-1
   -7.677113074344E0  -9.999996881308E-1
   -7.666917671855E0  -9.999996848669E-1
   -7.656722269365E0  -9.999996815667E-1
   -7.646526866876E0  -9.999996782297E-1
   -7.636331464387E0  -9.999996748555E-1
   -7.626136061898E0  -9.999996714436E-1
   -7.615940659409E0  -9.999996679935E-1
   -7.605745256920E0  -9.999996645049E-1
   -7.595549854430E0  -9.999996609773E-1
   -7.585354451941E0  -9.999996574102E-1
   -7.575159049452E0  -9.999996538031E-1
   -7.564963646963E0  -9.999996501555E-1
   -7.554768244474E0  -9.999996464670E-1
   -7.544572841985E0  -9.999996427371E-1
   -7.534377439495E0  -9.999996389653E-1
   -7.524182037006E0  -9.999996351511E-1
   -7.513986634517E0  -9.999996312940E-1
   -7.503791232028E0  -9.999996273934E-1
   -7.493595829539E0  -9.999996234488E-1
   -7.483400427050E0  -9.999996194598E-1
   -7.473205024560E0  -9.999996154258E-1
   -7.463009622071E0  -9.999996113462E-1
   -7.452814219582E0  -9.999996072205E-1
   -7.442618817093E0  -9.999996030481E-1
   -7.432423414604E0  -9.999995988285E-1
   -7.422228012114E0  -9.999995945611E-1
   -7.412032609625E0  -9.993735016679E-1
   -7.401837207136E0  -9.993327166262E-1
   -7.391641804647E0  -9.992897638465E-1
   -7.381446402158E0  -9.992445555558E-1
   -7.371250999669E0  -9.991970016646E-1
   -7.361055597179E0  -9.991470097473E-1
   -7.350860194690E0  -9.990944850236E-1
   -7.340664792201E0  -9.990393303412E-1
   -7.330469389712E0  -9.989814461590E-1
   -7.320273987223E0  -9.989207305308E-1
   -7.310078584734E0  -9.988570790906E-1
   -7.299883182244E0  -9.987903850383E-1
   -7.289687779755E0  -9.987205391263E-1
   -7.279492377266E0  -9.986474296472E-1
   -7.269296974777E0  -9.985709424221E-1
   -7.259101572288E0  -9.984909607897E-1
   -7.248906169799E0  -9.984342037968E-1
   -7.238710767309E0  -9.983479181037E-1
   -7.228515364820E0  -9.982577988036E-1
   -7.218319962331E0  -9.981637192960E-1
   -7.208124559842E0  -9.980655504389E-1
   -7.197929157353E0  -9.979631605422E-1
   -7.187733754864E0  -9.978564153629E-1
   -7.177538352374E0  -9.977451781011E-1
   -7.167342949885E0  -9.976649350099E-1
   -7.157147547396E0  -9.975455427323E-1
   -7.146952144907E0  -9.974212586742E-1
   -7.136756742418E0  -9.972919357054E-1
   -7.126561339929E0  -9.971574241084E-1
   -7.116365937439E0  -9.970175715787E-1
   -7.106170534950E0  -9.969154306094E-1
   -7.095975132461E0  -9.967658327810E-1
   -7.085779729972E0  -9.966104471518E-1
   -7.075584327483E0  -9.964491108836E-1
   -7.065388924994E0  -9.962816585427E-1
   -7.055193522504E0  -9.961580922688E-1
   -7.044998120015E0  -9.959794309343E-1
   -7.034802717526E0  -9.957941662905E-1
   -7.024607315037E0  -9.956021222545E-1
   -7.014411912548E0  -9.954592475876E-1
   -7.004216510059E0  -9.952547340721E-1
   -6.994021107569E0  -9.950429209140E-1
   -6.983825705080E0  -9.948843975038E-1
   -6.973630302591E0  -9.946591219112E-1
   -6.963434900102E0  -9.944260010919E-1
   -6.953239497613E0  -9.941848400621E-1
   -6.943044095124E0  -9.940028544439E-1
   -6.932848692634E0  -9.937468088384E-1
   -6.922653290145E0  -9.934821435347E-1
   -6.912457887656E0  -9.932812149078E-1
   -6.902262485167E0  -9.930005473090E-1
   -6.892067082678E0  -9.927106545067E-1
   -6.881871680189E0  -9.924892392919E-1
   -6.871676277699E0  -9.921821709951E-1
   -6.861480875210E0  -9.918652457055E-1
   -6.851285472721E0  -9.916217106594E-1
   -6.841090070232E0  -9.912863801262E-1
   -6.830894667743E0  -9.909405342974E-1
   -6.820699265254E0  -9.906731536556E-1
   -6.810503862764E0  -9.903076152622E-1
   -6.800308460275E0  -9.899308765589E-1
   -6.790113057786E0  -9.896378292078E-1
   -6.779917655297E0  -9.892400520790E-1
   -6.769722252808E0  -9.889294640966E-1
   -6.759526850319E0  -9.885097294304E-1
   -6.749331447829E0  -9.880775963603E-1
   -6.739136045340E0  -9.877381100318E-1
   -6.728940642851E0  -9.872825727445E-1
   -6.718745240362E0  -9.869233354036E-1
   -6.708549837873E0  -9.864434046572E-1
   -6.698354435384E0  -9.860634860247E-1
   -6.688159032894E0  -9.855581434031E-1
   -6.677963630405E0  -9.851565802090E-1
   -6.667768227916E0  -9.846247777183E-1
   -6.657572825427E0  -9.840782233885E-1
   -6.647377422938E0  -9.836412326629E-1
   -6.637182020449E0  -9.830665815752E-1
   -6.626986617959E0  -9.826053685256E-1
   -6.616791215470E0  -9.820014986730E-1
   -6.606595812981E0  -9.815149797447E-1
   -6.596400410492E0  -9.808807383161E-1
   -6.586205008003E0  -9.803677938501E-1
   -6.576009605514E0  -9.797019968759E-1
   -6.565814203024E0  -9.791614704221E-1
   -6.555618800535E0  -9.784629024399E-1
   -6.545423398046E0  -9.778936000726E-1
   -6.535227995557E0  -9.771610138026E-1
   -6.525032593068E0  -9.765617034562E-1
   -6.514837190579E0  -9.757938194957E-1
   -6.504641788089E0  -9.751632303024E-1
   -6.494446385600E0  -9.743587368339E-1
   -6.484250983111E0  -9.736955584896E-1
   -6.474055580622E0  -9.730168056117E-1
   -6.463860178133E0  -9.721559931377E-1
   -6.453664775644E0  -9.714426213775E-1
   -6.443469373154E0  -9.705417657561E-1
   -6.433273970665E0  -9.697923619827E-1
   -6.423078568176E0  -9.688500334171E-1
   -6.412883165687E0  -9.680631428683E-1
   -6.402687763198E0  -9.670778779865E-1
   -6.392492360708E0  -9.662520037195E-1
   -6.382296958219E0  -9.654073286885E-1
   -6.372101555730E0  -9.643559077603E-1
   -6.361906153241E0  -9.634699270288E-1
   -6.351710750752E0  -9.623717411189E-1
   -6.341515348263E0  -9.614428481321E-1
   -6.331319945773E0  -9.604931594608E-1
   -6.321124543284E0  -9.593228564830E-1
   -6.310929140795E0  -9.583277620261E-1
   -6.300733738306E0  -9.573106025069E-1
   -6.290538335817E0  -9.560644183579E-1
   -6.280342933328E0  -9.549992529472E-1
   -6.270147530838E0  -9.536996903539E-1
   -6.259952128349E0  -9.525847298138E-1
   -6.249756725860E0  -9.514454576690E-1
   -6.239561323371E0  -9.500634699123E-1
   -6.229365920882E0  -9.488716235220E-1
   -6.219170518393E0  -9.476540400272E-1
   -6.208975115903E0  -9.461855035693E-1
   -6.198779713414E0  -9.449124563435E-1
   -6.188584310925E0  -9.436121859752E-1
   -6.178388908436E0  -9.420528401799E-1
   -6.168193505947E0  -9.406941053165E-1
   -6.157998103458E0  -9.393066000802E-1
   -6.147802700968E0  -9.376520475124E-1
   -6.137607298479E0  -9.362029652261E-1
   -6.127411895990E0  -9.347235036922E-1
   -6.117216493501E0  -9.329692109316E-1
   -6.107021091012E0  -9.314249479265E-1
   -6.096825688523E0  -9.298486349643E-1
   -6.086630286033E0  -9.282396969290E-1
   -6.076434883544E0  -9.263454837087E-1
   -6.066239481055E0  -9.246672509731E-1
   -6.056044078566E0  -9.229546388657E-1
   -6.045848676077E0  -9.209495249068E-1
   -6.035653273588E0  -9.191641321891E-1
   -6.025457871098E0  -9.173425445940E-1
   -6.015262468609E0  -9.154841358798E-1
   -6.005067066120E0  -9.133235895846E-1
   -5.994871663631E0  -9.113875564067E-1
   -5.984676261142E0  -9.094128049759E-1
   -5.974480858653E0  -9.073986802983E-1
   -5.964285456163E0  -9.050733609152E-1
   -5.954090053674E0  -9.029765732230E-1
   -5.943894651185E0  -9.008384359435E-1
   -5.933699248696E0  -8.986582662383E-1
   -5.923503846207E0  -8.961585280360E-1
   -5.913308443718E0  -8.938904707008E-1
   -5.903113041228E0  -8.915783289786E-1
   -5.892917638739E0  -8.892213935455E-1
   -5.882722236250E0  -8.868189483394E-1
   -5.872526833761E0  -8.840870852926E-1
   -5.862331431272E0  -8.815899468941E-1
   -5.852136028783E0  -8.790451581419E-1
   -5.841940626293E0  -8.764519788501E-1
   -5.831745223804E0  -8.738096627861E-1
   -5.821549821315E0  -8.708294342692E-1
   -5.811354418826E0  -8.680853700297E-1
   -5.801159016337E0  -8.652899505102E-1
   -5.790963613848E0  -8.624424086315E-1
   -5.780768211358E0  -8.595419722401E-1
   -5.770572808869E0  -8.562967023895E-1
   -5.760377406380E0  -8.532872545009E-1
   -5.750182003891E0  -8.502226298273E-1
   -5.739986601402E0  -8.471020397154E-1
   -5.729791198913E0  -8.439246916430E-1
   -5.719595796423E0  -8.406897895007E-1
   -5.709400393934E0  -8.371036032923E-1
   -5.699204991445E0  -8.337507390844E-1
   -5.689009588956E0  -8.303379856024E-1
   -5.678814186467E0  -8.268645370277E-1
   -5.668618783978E0  -8.233295856056E-1
   -5.658423381488E0  -8.197323219904E-1
   -5.648227978999E0  -8.160719356840E-1
   -5.638032576510E0  -8.120558956276E-1
   -5.627837174021E0  -8.082669408041E-1
   -5.617641771532E0  -8.044125096247E-1
   -5.607446369043E0  -8.004917923321E-1
   -5.597250966553E0  -7.965039800916E-1
   -5.587055564064E0  -7.924482655522E-1
   -5.576860161575E0  -7.883238433267E-1
   -5.566664759086E0  -7.841299105277E-1
   -5.556469356597E0  -7.795802534318E-1
   -5.546273954108E0  -7.752457241951E-1
   -5.536078551618E0  -7.708393853177E-1
   -5.525883149129E0  -7.663604503056E-1
   -5.515687746640E0  -7.618081379749E-1
   -5.505492344151E0  -7.571816730892E-1
   -5.495296941662E0  -7.524802870083E-1
   -5.485101539173E0  -7.477032183621E-1
   -5.474906136683E0  -7.428497137008E-1
   -5.464710734194E0  -7.379190282181E-1
   -5.454515331705E0  -7.326406713959E-1
   -5.444319929216E0  -7.275551942565E-1
   -5.434124526727E0  -7.223904551140E-1
   -5.423929124238E0  -7.171457512575E-1
   -5.413733721748E0  -7.118203923413E-1
   -5.403538319259E0  -7.064137011902E-1
   -5.393342916770E0  -7.009250145579E-1
   -5.383147514281E0  -6.953536840657E-1
   -5.372952111792E0  -6.896990769851E-1
   -5.362756709303E0  -6.839605771712E-1
   -5.352561306813E0  -6.781375858762E-1
   -5.342365904324E0  -6.722295227424E-1
   -5.332170501835E0  -6.662358266548E-1
   -5.321975099346E0  -6.601559567171E-1
   -5.311779696857E0  -6.539893931422E-1
   -5.301584294367E0  -6.477356382700E-1
   -5.291388891878E0  -6.413942175066E-1
   -5.281193489389E0  -6.349646803108E-1
   -5.270998086900E0  -6.282263882711E-1
   -5.260802684411E0  -6.216227630338E-1
   -5.250607281922E0  -6.149299026376E-1
   -5.240411879432E0  -6.081474607862E-1
   -5.230216476943E0  -6.012751200408E-1
   -5.220021074454E0  -5.943125929878E-1
   -5.209825671965E0  -5.872596231531E-1
   -5.199630269476E0  -5.801159860754E-1
   -5.189434866987E0  -5.728814902766E-1
   -5.179239464497E0  -5.655559783467E-1
   -5.169044062008E0  -5.581393279160E-1
   -5.158848659519E0  -5.506314527133E-1
   -5.148653257030E0  -5.430323034538E-1
   -5.138457854541E0  -5.353418690393E-1
   -5.128262452052E0  -5.275601773507E-1
   -5.118067049562E0  -5.196872963375E-1
   -5.107871647073E0  -5.117233349276E-1
   -5.097676244584E0  -5.036684440072E-1
   -5.087480842095E0  -4.955228173215E-1
   -5.077285439606E0  -4.872866924193E-1
   -5.067090037117E0  -4.789603514715E-1
   -5.056894634627E0  -4.705441222282E-1
   -5.046699232138E0  -4.620383787868E-1
   -5.036503829649E0  -4.534435424195E-1
   -5.026308427160E0  -4.447600823397E-1
   -5.016113024671E0  -4.361064166097E-1
   -5.005917622182E0  -4.272428429053E-1
   -4.995722219692E0  -4.182923580131E-1
   -4.985526817203E0  -4.092556351645E-1
   -4.975331414714E0  -4.001333989465E-1
   -4.965136012225E0  -3.909264259619E-1
   -4.954940609736E0  -3.816355451459E-1
   -4.944745207247E0  -3.722616383437E-1
   -4.934549804757E0  -3.628056406597E-1
   -4.924354402268E0  -3.532685408700E-1
   -4.914158999779E0  -3.436513815516E-1
   -4.903963597290E0  -3.339552594466E-1
   -4.893768194801E0  -3.241813256242E-1
   -4.883572792312E0  -3.143307855276E-1
   -4.873377389822E0  -3.044048991071E-1
   -4.863181987333E0  -2.944049806341E-1
   -4.852986584844E0  -2.843323988644E-1
   -4.842791182355E0  -2.741885767015E-1
   -4.832595779866E0  -2.639749910440E-1
   -4.822400377377E0  -2.537350568341E-1
   -4.812204974887E0  -2.433831599636E-1
   -4.802009572398E0  -2.329663634541E-1
   -4.791814169909E0  -2.224863619075E-1
   -4.781618767420E0  -2.119449016262E-1
   -4.771423364931E0  -2.013437799660E-1
   -4.761227962442E0  -1.906848447164E-1
   -4.751032559952E0  -1.799699930227E-1
   -4.740837157463E0  -1.692011706870E-1
   -4.730641754974E0  -1.583803711869E-1
   -4.720446352485E0  -1.475096345702E-1
   -4.710250949996E0  -1.366033979706E-1
   -4.700055547507E0  -1.256370876818E-1
   -4.689860145017E0  -1.146273928881E-1
   -4.679664742528E0  -1.035765320816E-1
   -4.669469340039E0  -9.248676371550E-2
   -4.659273937550E0  -8.136038490273E-2
   -4.649078535061E0  -7.019972974562E-2
   -4.638883132572E0  -5.900716775372E-2
   -4.628687730082E0  -4.778510215125E-2
   -4.618492327593E0  -3.653596805623E-2
   -4.608296925104E0  -2.526263180956E-2
   -4.598101522615E0  -1.396648597696E-2
   -4.587906120126E0  -2.650944242639E-3
   -4.577710717637E0   8.681447363923E-3
   -4.567515315147E0   2.002812074847E-2
   -4.557319912658E0   3.138648777761E-2
   -4.547124510169E0   4.275394245350E-2
   -4.536929107680E0   5.412590822613E-2
   -4.526733705191E0   6.550267618482E-2
   -4.516538302702E0   7.688042854897E-2
   -4.506342900212E0   8.825650986887E-2
   -4.496147497723E0   9.962825806346E-2
   -4.485952095234E0   1.109930068480E-1
   -4.475756692745E0   1.223480880031E-1
   -4.465561290256E0   1.336908336975E-1
   -4.455365887767E0   1.450044711515E-1
   -4.445170485277E0   1.563120990601E-1
   -4.434975082788E0   1.675992240334E-1
   -4.424779680299E0   1.788632055420E-1
   -4.414584277810E0   1.901014152209E-1
   -4.404388875321E0   2.013112392529E-1
   -4.394193472832E0   2.124602864564E-1
   -4.383998070342E0   2.236021129878E-1
   -4.373802667853E0   2.347076517067E-1
   -4.363607265364E0   2.457743734465E-1
   -4.353411862875E0   2.567997748785E-1
   -4.343216460386E0   2.677813806602E-1
   -4.333021057897E0   2.786661373917E-1
   -4.322825655407E0   2.895485254949E-1
   -4.312630252918E0   3.003797367109E-1
   -4.302434850429E0   3.111574329812E-1
   -4.292239447940E0   3.218793141473E-1
   -4.282044045451E0   3.325431197081E-1
   -4.271848642962E0   3.430709388178E-1
   -4.261653240472E0   3.536069639941E-1
   -4.251457837983E0   3.640782785402E-1
   -4.241262435494E0   3.744828037606E-1
   -4.231067033005E0   3.848185087323E-1
   -4.220871630516E0   3.949848751926E-1
   -4.210676228026E0   4.051716215684E-1
   -4.200480825537E0   4.152836777439E-1
   -4.190285423048E0   4.253192236205E-1
   -4.180090020559E0   4.352764929089E-1
   -4.169894618070E0   4.450310017504E-1
   -4.159699215581E0   4.548209616365E-1
   -4.149503813091E0   4.645276350078E-1
   -4.139308410602E0   4.741494869057E-1
   -4.129113008113E0   4.836850402609E-1
   -4.118917605624E0   4.929852059235E-1
   -4.108722203135E0   5.023381910353E-1
   -4.098526800646E0   5.116007887863E-1
   -4.088331398156E0   5.207717651929E-1
   -4.078135995667E0   5.298499459655E-1
   -4.067940593178E0   5.386617192683E-1
   -4.057745190689E0   5.475453108792E-1
   -4.047549788200E0   5.563329664040E-1
   -4.037354385711E0   5.650237578534E-1
   -4.027158983221E0   5.734258242765E-1
   -4.016963580732E0   5.819147863523E-1
   -4.006768178243E0   5.903045039277E-1
   -3.996572775754E0   5.985942920502E-1
   -3.986377373265E0   6.065749084787E-1
   -3.976181970776E0   6.146577021004E-1
   -3.965986568286E0   6.226389271899E-1
   -3.955791165797E0   6.305181339613E-1
   -3.945595763308E0   6.382949283386E-1
   -3.935400360819E0   6.457388935076E-1
   -3.925204958330E0   6.533049930769E-1
   -3.915009555841E0   6.607679183760E-1
   -3.904814153351E0   6.681274954865E-1
   -3.894618750862E0   6.751388430894E-1
   -3.884423348373E0   6.822868991139E-1
   -3.874227945884E0   6.893315000267E-1
   -3.864032543395E0   6.962726764128E-1
   -3.853837140906E0   7.028527314542E-1
   -3.843641738416E0   7.095832813413E-1
   -3.833446335927E0   7.162109014090E-1
   -3.823250933438E0   7.227358088833E-1
   -3.813055530949E0   7.288892924270E-1
   -3.802860128460E0   7.352060290131E-1
   -3.792664725971E0   7.414210902220E-1
   -3.782469323481E0   7.475348605158E-1
   -3.772273920992E0   7.532695245566E-1
   -3.762078518503E0   7.591789682990E-1
   -3.751883116014E0   7.649886381825E-1
   -3.741687713525E0   7.704162163461E-1
   -3.731492311036E0   7.760253097039E-1
   -3.721296908546E0   7.815364648028E-1
   -3.711101506057E0   7.869503101157E-1
   -3.700906103568E0   7.919788729442E-1
   -3.690710701079E0   7.971979852174E-1
   -3.680515298590E0   8.023219902988E-1
   -3.670319896101E0   8.073516276898E-1
   -3.660124493611E0   8.119952678549E-1
   -3.649929091122E0   8.168369113304E-1
   -3.639733688633E0   8.215866939253E-1
   -3.629538286144E0   8.259524597148E-1
   -3.619342883655E0   8.305198474413E-1
   -3.609147481166E0   8.349980691616E-1
   -3.598952078676E0   8.393880117117E-1
   -3.588756676187E0   8.433972134534E-1
   -3.578561273698E0   8.476126575381E-1
   -3.568365871209E0   8.517427182899E-1
   -3.558170468720E0   8.554967525239E-1
   -3.547975066231E0   8.594585936661E-1
   -3.537779663741E0   8.633380618362E-1
   -3.527584261252E0   8.668472423810E-1
   -3.517388858763E0   8.705649551576E-1
   -3.507193456274E0   8.742033914461E-1
   -3.496998053785E0   8.777635550615E-1
   -3.486802651296E0   8.809614957124E-1
   -3.476607248806E0   8.843686495470E-1
   -3.466411846317E0   8.877007036516E-1
   -3.456216443828E0   8.906783998264E-1
   -3.446021041339E0   8.938641336085E-1
   -3.435825638850E0   8.969779692642E-1
   -3.425630236361E0   8.997460595109E-1
   -3.415434833871E0   9.027202798721E-1
   -3.405239431382E0   9.056258113950E-1
   -3.395044028893E0   9.081948729811E-1
   -3.384848626404E0   9.109674691138E-1
   -3.374653223915E0   9.136745745746E-1
   -3.364457821426E0   9.163172167305E-1
   -3.354262418936E0   9.186358538999E-1
   -3.344067016447E0   9.211543224183E-1
   -3.333871613958E0   9.236114879545E-1
   -3.323676211469E0   9.257552066748E-1
   -3.313480808980E0   9.280946922454E-1
   -3.303285406491E0   9.303759884081E-1
   -3.293090004001E0   9.323547877708E-1
   -3.282894601512E0   9.345247692669E-1
   -3.272699199023E0   9.366396161367E-1
   -3.262503796534E0   9.384632322133E-1
   -3.252308394045E0   9.404729792082E-1
   -3.242112991556E0   9.424305773448E-1
   -3.231917589066E0   9.441084541188E-1
   -3.221722186577E0   9.459669981807E-1
   -3.211526784088E0   9.477763015302E-1
   -3.201331381599E0   9.493175674352E-1
   -3.191135979110E0   9.510336783912E-1
   -3.180940576620E0   9.524900863973E-1
   -3.170745174131E0   9.541168216512E-1
   -3.160549771642E0   9.556989884883E-1
   -3.150354369153E0   9.570332349335E-1
   -3.140158966664E0   9.585315512217E-1
   -3.129963564175E0   9.599879671176E-1
   -3.119768161685E0   9.612082568733E-1
   -3.109572759196E0   9.625861373184E-1
   -3.099377356707E0   9.639246884661E-1
   -3.089181954218E0   9.650388652117E-1
   -3.078986551729E0   9.663039806913E-1
   -3.068791149240E0   9.675322384730E-1
   -3.058595746750E0   9.685477809986E-1
   -3.048400344261E0   9.697074843657E-1
   -3.038204941772E0   9.708327005135E-1
   -3.028009539283E0   9.717567220158E-1
   -3.017814136794E0   9.728180450595E-1
   -3.007618734305E0   9.736859877427E-1
   -2.997423331815E0   9.746863993897E-1
   -2.987227929326E0   9.756560522074E-1
   -2.977032526837E0   9.764434868420E-1
   -2.966837124348E0   9.773565211327E-1
   -2.956641721859E0   9.782408935610E-1
   -2.946446319370E0   9.789539711683E-1
   -2.936250916880E0   9.797858016187E-1
   -2.926055514391E0   9.804536128253E-1
   -2.915860111902E0   9.812354896824E-1
   -2.905664709413E0   9.819919761382E-1
   -2.895469306924E0   9.825948709334E-1
   -2.885273904435E0   9.833051254608E-1
   -2.875078501945E0   9.839918197110E-1
   -2.864883099456E0   9.845350381712E-1
   -2.854687696967E0   9.851790169276E-1
   -2.844492294478E0   9.856861485584E-1
   -2.834296891989E0   9.862896285918E-1
   -2.824101489500E0   9.868723821737E-1
   -2.813906087010E0   9.873278147898E-1
   -2.803710684521E0   9.878732545615E-1
   -2.793515282032E0   9.883995457602E-1
   -2.783319879543E0   9.888076822238E-1
   -2.773124477054E0   9.892996548938E-1
   -2.762929074565E0   9.896793894891E-1
   -2.752733672075E0   9.901389184351E-1
   -2.742538269586E0   9.905817246069E-1
   -2.732342867097E0   9.909208135674E-1
   -2.722147464608E0   9.913338686577E-1
   -2.711952062119E0   9.916486583197E-1
   -2.701756659630E0   9.920336401966E-1
   -2.691561257140E0   9.924040872785E-1
   -2.681365854651E0   9.926841279340E-1
   -2.671170452162E0   9.930289113728E-1
   -2.660975049673E0   9.932882737150E-1
   -2.650779647184E0   9.936088881831E-1
   -2.640584244695E0   9.939169327398E-1
   -2.630388842205E0   9.941467481279E-1
   -2.620193439716E0   9.944327701481E-1
   -2.609998037227E0   9.946450869274E-1
   -2.599802634738E0   9.949104116769E-1
   -2.589607232249E0   9.951649232897E-1
   -2.579411829760E0   9.953522592432E-1
   -2.569216427270E0   9.955879767673E-1
   -2.559021024781E0   9.957605919188E-1
   -2.548825622292E0   9.959786848042E-1
   -2.538630219803E0   9.961375705994E-1
   -2.528434817314E0   9.963391497747E-1
   -2.518239414825E0   9.965320479486E-1
   -2.508044012335E0   9.966713626065E-1
   -2.497848609846E0   9.968493424355E-1
   -2.487653207357E0   9.969772072351E-1
   -2.477457804868E0   9.971412422728E-1
   -2.467262402379E0   9.972584649516E-1
   -2.457066999890E0   9.974094775078E-1
   -2.446871597400E0   9.975536024995E-1
   -2.436676194911E0   9.976556818005E-1
   -2.426480792422E0   9.977881086800E-1
   -2.416285389933E0   9.978813965201E-1
   -2.406089987444E0   9.980029275739E-1
   -2.395894584955E0   9.980880747345E-1
   -2.385699182465E0   9.981994677805E-1
   -2.375503779976E0   9.983054670127E-1
   -2.365308377487E0   9.983790553258E-1
   -2.355112974998E0   9.984760044063E-1
   -2.344917572509E0   9.985429373809E-1
   -2.334722170020E0   9.986314901871E-1
   -2.324526767530E0   9.986922858724E-1
   -2.314331365041E0   9.987730580420E-1
   -2.304135962552E0   9.988496671261E-1
   -2.293940560063E0   9.989017715961E-1
   -2.283745157574E0   9.989714832689E-1
   -2.273549755085E0   9.990186277533E-1
   -2.263354352595E0   9.990819684517E-1
   -2.253158950106E0   9.991245599279E-1
   -2.242963547617E0   9.991820235160E-1
   -2.232768145128E0   9.992204411686E-1
   -2.222572742639E0   9.992724904581E-1
   -2.212377340150E0   9.993216234453E-1
   -2.202181937660E0   9.993541554016E-1
   -2.191986535171E0   9.993985371222E-1
   -2.181791132682E0   9.994277514632E-1
   -2.171595730193E0   9.994677725107E-1
   -2.161400327704E0   9.994939615187E-1
   -2.151204925215E0   9.995299863884E-1
   -2.141009522725E0   9.995534208665E-1
   -2.130814120236E0   9.995857892739E-1
   -2.120618717747E0   9.996161766761E-1
   -2.110423315258E0   9.996357479484E-1
   -2.100227912769E0   9.996629643937E-1
   -2.090032510279E0   9.996803878819E-1
   -2.079837107790E0   9.997047156749E-1
   -2.069641705301E0   9.997201955654E-1
   -2.059446302812E0   9.997418965096E-1
   -2.049250900323E0   9.997556207519E-1
   -2.039055497834E0   9.997749372771E-1
   -2.028860095344E0   9.997870786066E-1
   -2.018664692855E0   9.998042348557E-1
   -2.008469290366E0   9.998149517709E-1
   -1.998273887877E0   9.998301546462E-1
   -1.988078485388E0   9.998442924607E-1
   -1.977883082899E0   9.998530325101E-1
   -1.967687680409E0   9.998655109020E-1
   -1.957492277920E0   9.998731766248E-1
   -1.947296875431E0   9.998841628735E-1
   -1.937101472942E0   9.998908692583E-1
   -1.926906070453E0   9.999005167825E-1
   -1.916710667964E0   9.999063684653E-1
   -1.906515265474E0   9.999148176987E-1
   -1.896319862985E0   9.999199097053E-1
   -1.886124460496E0   9.999272889366E-1
   -1.875929058007E0   9.999317073869E-1
   -1.865733655518E0   9.999381335639E-1
   -1.855538253029E0   9.999419563382E-1
   -1.845342850539E0   9.999475358368E-1
   -1.835147448050E0   9.999508332062E-1
   -1.824952045561E0   9.999556625647E-1
   -1.814756643072E0   9.999584977867E-1
   -1.804561240583E0   9.999626644072E-1
   -1.794365838094E0   9.999650942869E-1
   -1.784170435604E0   9.999686771025E-1
   -1.773975033115E0   9.999707525214E-1
   -1.763779630626E0   9.999738226322E-1
   -1.753584228137E0   9.999766124444E-1
   -1.743388825648E0   9.999782103215E-1
   -1.733193423159E0   9.999805863301E-1
   -1.722998020669E0   9.999819378786E-1
   -1.712802618180E0   9.999839536575E-1
   -1.702607215691E0   9.999850923736E-1
   -1.692411813202E0   9.999867956727E-1
   -1.682216410713E0   9.999877511599E-1
   -1.672021008224E0   9.999891844020E-1
   -1.661825605734E0   9.999899827387E-1
   -1.651630203245E0   9.999911834881E-1
   -1.641434800756E0   9.999918475692E-1
   -1.631239398267E0   9.999928489716E-1
   -1.621043995778E0   9.999933988261E-1
   -1.610848593289E0   9.999942300213E-1
   -1.600653190799E0   9.999946831055E-1
   -1.590457788310E0   9.999953696130E-1
   -1.580262385821E0   9.999957410819E-1
   -1.570066983332E0   9.999963051612E-1
   -1.559871580843E0   9.999966081181E-1
   -1.549676178354E0   9.999970691027E-1
   -1.539480775864E0   9.999973148286E-1
   -1.529285373375E0   9.999976894365E-1
   -1.519089970886E0   9.999978875995E-1
   -1.508894568397E0   9.999981902199E-1
   -1.498699165908E0   9.999983490673E-1
   -1.488503763419E0   9.999985920243E-1
   -1.478308360929E0   9.999987185559E-1
   -1.468112958440E0   9.999989123508E-1
   -1.457917555951E0   9.999990124772E-1
   -1.447722153462E0   9.999991660098E-1
   -1.437526750973E0   9.999992446942E-1
   -1.427331348484E0   9.999993165414E-1
   -1.417135945994E0   9.999994268501E-1
   -1.406940543505E0   9.999994827633E-1
   -1.396745141016E0   9.999995686654E-1
   -1.386549738527E0   9.999996118418E-1
   -1.376354336038E0   9.999996782041E-1
   -1.366158933549E0   9.999997112739E-1
   -1.355963531059E0   9.999997621111E-1
   -1.345768128570E0   9.999997872232E-1
   -1.335572726081E0   9.999998258236E-1
   -1.325377323592E0   9.999998447211E-1
   -1.315181921103E0   9.999998737576E-1
   -1.304986518614E0   9.999998878433E-1
   -1.294791116124E0   9.999999094715E-1
   -1.284595713635E0   9.999999198655E-1
   -1.274400311146E0   9.999999358088E-1
   -1.264204908657E0   9.999999433975E-1
   -1.254009506168E0   9.999999550217E-1
   -1.243814103679E0   9.999999605002E-1
   -1.233618701189E0   9.999999688776E-1
   -1.223423298700E0   9.999999727859E-1
   -1.213227896211E0   9.999999787494E-1
   -1.203032493722E0   9.999999815026E-1
   -1.192837091233E0   9.999999839244E-1
   -1.182641688744E0   9.999999876066E-1
   -1.172446286254E0   9.999999892822E-1
   -1.162250883765E0   9.999999918218E-1
   -1.152055481276E0   9.999999929645E-1
   -1.141860078787E0   9.999999946899E-1
   -1.131664676298E0   9.999999954573E-1
   -1.121469273809E0   9.999999966110E-1
   -1.111273871319E0   9.999999971179E-1
   -1.101078468830E0   9.999999978763E-1
   -1.090883066341E0   9.999999982053E-1
   -1.080687663852E0   9.999999986950E-1
   -1.070492261363E0   9.999999989046E-1
   -1.060296858873E0   9.999999992146E-1
   -1.050101456384E0   9.999999993455E-1
   -1.039906053895E0   9.999999994559E-1
   -1.029710651406E0   9.999999996178E-1
   -1.019515248917E0   9.999999996848E-1
   -1.009319846428E0   9.999999997822E-1
  -9.991244439385E-1   9.999999998219E-1
  -9.889290414493E-1   9.999999998791E-1
  -9.787336389602E-1   9.999999999020E-1
  -9.685382364710E-1   9.999999999347E-1
  -9.583428339818E-1   9.999999999476E-1
  -9.481474314926E-1   9.999999999658E-1
  -9.379520290035E-1   9.999999999729E-1
  -9.277566265143E-1   9.999999999786E-1
  -9.175612240251E-1   9.999999999864E-1
  -9.073658215360E-1   9.999999999894E-1
  -8.971704190468E-1   9.999999999934E-1
  -8.869750165576E-1   9.999999999949E-1
  -8.767796140685E-1   9.999999999970E-1
  -8.665842115793E-1   9.999999999977E-1
  -8.563888090901E-1   9.999999999986E-1
  -8.461934066010E-1   9.999999999990E-1
  -8.359980041118E-1   9.999999999992E-1
  -8.258026016226E-1   9.999999999996E-1
  -8.156071991335E-1   9.999999999997E-1
  -8.054117966443E-1   9.999999999998E-1
  -7.952163941551E-1   9.999999999999E-1
  -7.850209916660E-1   9.999999999999E-1
  -7.748255891768E-1    1.000000000000E0
  -7.646301866876E-1    1.000000000000E0
  -7.544347841985E-1    1.000000000000E0
  -7.442393817093E-1    1.000000000000E0
  -7.340439792201E-1    1.000000000000E0
  -7.238485767309E-1    1.000000000000E0
  -7.136531742418E-1    1.000000000000E0
  -7.034577717526E-1    1.000000000000E0
  -6.932623692634E-1    1.000000000000E0
  -6.830669667743E-1    1.000000000000E0
  -6.728715642851E-1    1.000000000000E0
  -6.626761617959E-1    1.000000000000E0
  -6.524807593068E-1    1.000000000000E0
  -6.422853568176E-1    1.000000000000E0
  -6.320899543284E-1    1.000000000000E0
  -6.218945518393E-1    1.000000000000E0
  -6.116991493501E-1    1.000000000000E0
  -6.015037468609E-1    1.000000000000E0
  -5.913083443718E-1    1.000000000000E0
  -5.811129418826E-1    1.000000000000E0
  -5.709175393934E-1    1.000000000000E0
  -5.607221369043E-1    1.000000000000E0
  -5.505267344151E-1    1.000000000000E0
  -5.403313319259E-1    1.000000000000E0
  -5.301359294367E-1    1.000000000000E0
  -5.199405269476E-1    1.000000000000E0
  -5.097451244584E-1    1.000000000000E0
  -4.995497219692E-1    1.000000000000E0
  -4.893543194801E-1    1.000000000000E0
  -4.791589169909E-1    1.000000000000E0
  -4.689635145017E-1    1.000000000000E0
  -4.587681120126E-1    1.000000000000E0
  -4.485727095234E-1    1.000000000000E0
  -4.383773070342E-1    1.000000000000E0
  -4.281819045451E-1    1.000000000000E0
  -4.179865020559E-1    1.000000000000E0
  -4.077910995667E-1    1.000000000000E0
  -3.975956970776E-1    1.000000000000E0
  -3.874002945884E-1    1.000000000000E0
  -3.772048920992E-1    1.000000000000E0
  -3.670094896101E-1    1.000000000000E0
  -3.568140871209E-1    1.000000000000E0
  -3.466186846317E-1    1.000000000000E0
  -3.364232821426E-1    1.000000000000E0
  -3.262278796534E-1    1.000000000000E0
  -3.160324771642E-1    1.000000000000E0
  -3.058370746750E-1    1.000000000000E0
  -2.956416721859E-1    1.000000000000E0
  -2.854462696967E-1    1.000000000000E0
  -2.752508672075E-1    1.000000000000E0
  -2.650554647184E-1    1.000000000000E0
  -2.548600622292E-1    1.000000000000E0
  -2.446646597400E-1    1.000000000000E0
  -2.344692572509E-1    1.000000000000E0
  -2.242738547617E-1    1.000000000000E0
  -2.140784522725E-1    1.000000000000E0
  -2.038830497834E-1    1.000000000000E0
  -1.936876472942E-1    1.000000000000E0
  -1.834922448050E-1    1.000000000000E0
  -1.732968423159E-1    1.000000000000E0
  -1.631014398267E-1    1.000000000000E0
  -1.529060373375E-1    1.000000000000E0
  -1.427106348484E-1    1.000000000000E0
  -1.325152323592E-1   -1.000000000000E0
  -1.223198298700E-1   -1.000000000000E0
  -1.121244273809E-1   -1.000000000000E0
  -1.019290248917E-1   -1.000000000000E0
  -9.173362240251E-2   -1.000000000000E0
  -8.153821991334E-2   -1.000000000000E0
  -7.134281742418E-2   -1.000000000000E0
  -6.114741493501E-2   -1.000000000000E0
  -5.095201244584E-2   -1.000000000000E0
  -4.075660995667E-2   -1.000000000000E0
  -3.056120746750E-2   -1.000000000000E0
  -2.036580497834E-2   -1.000000000000E0
  -1.017040248917E-2   -1.000000000000E0
   2.500000000083E-5   -1.000000000000E0
