#             e [au]            f [a.u.]
   -5.178842520075E0  -9.999948700256E-1
   -5.173658343378E0  -9.999948368574E-1
   -5.168474166681E0  -9.999948034581E-1
   -5.163289989984E0  -9.999947698257E-1
   -5.158105813287E0  -9.999947359587E-1
   -5.152921636591E0  -9.999947018551E-1
   -5.147737459894E0  -9.999946675133E-1
   -5.142553283197E0  -9.999946329315E-1
   -5.137369106500E0  -9.999945981077E-1
   -5.132184929804E0  -9.999945630403E-1
   -5.127000753107E0  -9.999945277273E-1
   -5.121816576410E0  -9.999944921670E-1
   -5.116632399713E0  -9.999944563573E-1
   -5.111448223017E0  -9.999944202966E-1
   -5.106264046320E0  -9.999943839828E-1
   -5.101079869623E0  -9.999943474141E-1
   -5.095895692926E0  -9.999943105884E-1
   -5.090711516229E0  -9.999942735040E-1
   -5.085527339533E0  -9.999942361587E-1
   -5.080343162836E0  -9.999941985507E-1
   -5.075158986139E0  -9.999941606779E-1
   -5.069974809442E0  -9.999941225383E-1
   -5.064790632746E0  -9.999940841300E-1
   -5.059606456049E0  -9.999940454508E-1
   -5.054422279352E0  -9.999940064987E-1
   -5.049238102655E0  -9.999939672716E-1
   -5.044053925958E0  -9.999939277674E-1
   -5.038869749262E0  -9.999938879840E-1
   -5.033685572565E0  -9.999938479193E-1
   -5.028501395868E0  -9.999938075712E-1
   -5.023317219171E0  -9.999937669374E-1
   -5.018133042475E0  -9.999937260158E-1
   -5.012948865778E0  -9.999936848043E-1
   -5.007764689081E0  -9.999936433004E-1
   -5.002580512384E0  -9.999936015022E-1
   -4.997396335688E0  -9.999935594072E-1
   -4.992212158991E0  -9.999935170132E-1
   -4.987027982294E0  -9.999934743179E-1
   -4.981843805597E0  -9.999934313190E-1
   -4.976659628900E0  -9.999933880142E-1
   -4.971475452204E0  -9.999933444012E-1
   -4.966291275507E0  -9.999933004775E-1
   -4.961107098810E0  -9.999932562407E-1
   -4.955922922113E0  -9.999932116885E-1
   -4.950738745417E0  -9.999931668185E-1
   -4.945554568720E0  -9.999931216281E-1
   -4.940370392023E0  -9.999930761150E-1
   -4.935186215326E0  -9.999930302766E-1
   -4.930002038630E0  -9.999929841104E-1
   -4.924817861933E0  -9.999929376139E-1
   -4.919633685236E0  -9.999928907845E-1
   -4.914449508539E0  -9.999928436197E-1
   -4.909265331842E0  -9.999927961168E-1
   -4.904081155146E0  -9.999927482733E-1
   -4.898896978449E0  -9.999927000865E-1
   -4.893712801752E0  -9.999926515538E-1
   -4.888528625055E0  -9.999926026724E-1
   -4.883344448359E0  -9.999925534397E-1
   -4.878160271662E0  -9.999925038529E-1
   -4.872976094965E0  -9.999924539093E-1
   -4.867791918268E0  -9.999924036061E-1
   -4.862607741571E0  -9.999923529405E-1
   -4.857423564875E0  -9.999923019098E-1
   -4.852239388178E0  -9.999922505110E-1
   -4.847055211481E0  -9.999921987412E-1
   -4.841871034784E0  -9.999921465977E-1
   -4.836686858088E0  -9.999920940774E-1
   -4.831502681391E0  -9.999920411774E-1
   -4.826318504694E0  -9.999919878949E-1
   -4.821134327997E0  -9.999919342267E-1
   -4.815950151301E0  -9.999918801698E-1
   -4.810765974604E0  -9.999918257213E-1
   -4.805581797907E0  -9.999917708781E-1
   -4.800397621210E0  -9.999917156370E-1
   -4.795213444513E0  -9.999916599949E-1
   -4.790029267817E0  -9.999916039487E-1
   -4.784845091120E0  -9.999915474953E-1
   -4.779660914423E0  -9.999914906313E-1
   -4.774476737726E0  -9.999914333537E-1
   -4.769292561030E0  -9.999913756591E-1
   -4.764108384333E0  -9.999913175443E-1
   -4.758924207636E0  -9.999912590059E-1
   -4.753740030939E0  -9.999912000407E-1
   -4.748555854243E0  -9.999911406451E-1
   -4.743371677546E0  -9.999910808160E-1
   -4.738187500849E0  -9.999910205498E-1
   -4.733003324152E0  -9.999909598430E-1
   -4.727819147455E0  -9.999908986923E-1
   -4.722634970759E0  -9.999908370940E-1
   -4.717450794062E0  -9.999907750447E-1
   -4.712266617365E0  -9.999907125407E-1
   -4.707082440668E0  -9.999906495785E-1
   -4.701898263972E0  -9.999905861544E-1
   -4.696714087275E0  -9.999905222648E-1
   -4.691529910578E0  -9.999904579060E-1
   -4.686345733881E0  -9.999903930742E-1
   -4.681161557184E0  -9.999903277658E-1
   -4.675977380488E0  -9.999902619768E-1
   -4.670793203791E0  -9.999901957034E-1
   -4.665609027094E0  -9.999901289419E-1
   -4.660424850397E0  -9.999900616883E-1
   -4.655240673701E0  -9.999899939387E-1
   -4.650056497004E0  -9.999899256891E-1
   -4.644872320307E0  -9.999898569356E-1
   -4.639688143610E0  -9.999897876741E-1
   -4.634503966914E0  -9.999897179005E-1
   -4.629319790217E0  -9.999896476108E-1
   -4.624135613520E0  -9.999895768008E-1
   -4.618951436823E0  -9.999895054664E-1
   -4.613767260126E0  -9.999894336033E-1
   -4.608583083430E0  -9.999893612073E-1
   -4.603398906733E0  -9.999892882742E-1
   -4.598214730036E0  -9.999892147996E-1
   -4.593030553339E0  -9.999891407792E-1
   -4.587846376643E0  -9.999890662085E-1
   -4.582662199946E0  -9.999889910832E-1
   -4.577478023249E0  -9.999889153988E-1
   -4.572293846552E0  -9.999888391507E-1
   -4.567109669856E0  -9.999887623345E-1
   -4.561925493159E0  -9.999886849455E-1
   -4.556741316462E0  -9.999886069792E-1
   -4.551557139765E0  -9.999885284308E-1
   -4.546372963068E0  -9.999884492957E-1
   -4.541188786372E0  -9.999883695690E-1
   -4.536004609675E0  -9.999882892461E-1
   -4.530820432978E0  -9.999882083221E-1
   -4.525636256281E0  -9.999881267921E-1
   -4.520452079585E0  -9.999880446511E-1
   -4.515267902888E0  -9.999879618944E-1
   -4.510083726191E0  -9.999878785167E-1
   -4.504899549494E0  -9.999877945132E-1
   -4.499715372797E0  -9.999877098786E-1
   -4.494531196101E0  -9.999876246079E-1
   -4.489347019404E0  -9.999875386959E-1
   -4.484162842707E0  -9.999874521374E-1
   -4.478978666010E0  -9.999873649270E-1
   -4.473794489314E0  -9.999872770595E-1
   -4.468610312617E0  -9.999871885295E-1
   -4.463426135920E0  -9.999870993316E-1
   -4.458241959223E0  -9.999870094603E-1
   -4.453057782527E0  -9.999869189102E-1
   -4.447873605830E0  -9.999868276756E-1
   -4.442689429133E0  -9.999867357509E-1
   -4.437505252436E0  -9.999866431305E-1
   -4.432321075739E0  -9.999865498087E-1
   -4.427136899043E0  -9.999864557798E-1
   -4.421952722346E0  -9.999863610378E-1
   -4.416768545649E0  -9.999862655770E-1
   -4.411584368952E0  -9.999861693915E-1
   -4.406400192256E0  -9.999860724752E-1
   -4.401216015559E0  -9.999859748222E-1
   -4.396031838862E0  -9.999858764263E-1
   -4.390847662165E0  -9.999857772815E-1
   -4.385663485469E0  -9.999856773816E-1
   -4.380479308772E0  -9.999855767203E-1
   -4.375295132075E0  -9.999854752913E-1
   -4.370110955378E0  -9.999853730884E-1
   -4.364926778681E0  -9.999852701050E-1
   -4.359742601985E0  -9.999851663347E-1
   -4.354558425288E0  -9.999850617710E-1
   -4.349374248591E0  -9.999849564074E-1
   -4.344190071894E0  -9.999848502371E-1
   -4.339005895198E0  -9.999847432535E-1
   -4.333821718501E0  -9.999846354498E-1
   -4.328637541804E0  -9.999845268192E-1
   -4.323453365107E0  -9.999844173548E-1
   -4.318269188411E0  -9.999843070497E-1
   -4.313085011714E0  -9.999841958968E-1
   -4.307900835017E0  -9.999840838892E-1
   -4.302716658320E0  -9.999839710196E-1
   -4.297532481623E0  -9.999838572808E-1
   -4.292348304927E0  -9.999837426656E-1
   -4.287164128230E0  -9.999836271667E-1
   -4.281979951533E0  -9.999835107766E-1
   -4.276795774836E0  -9.999833934880E-1
   -4.271611598140E0  -9.999832752932E-1
   -4.266427421443E0  -9.999831561847E-1
   -4.261243244746E0  -9.999830361548E-1
   -4.256059068049E0  -9.999829151957E-1
   -4.250874891352E0  -9.999827932997E-1
   -4.245690714656E0  -9.999826704588E-1
   -4.240506537959E0  -9.999825466652E-1
   -4.235322361262E0  -9.999824219108E-1
   -4.230138184565E0  -9.999822961874E-1
   -4.224954007869E0  -9.999821694870E-1
   -4.219769831172E0  -9.999820418012E-1
   -4.214585654475E0  -9.999819131218E-1
   -4.209401477778E0  -9.999817834403E-1
   -4.204217301082E0  -9.999816527483E-1
   -4.199033124385E0  -9.999815210372E-1
   -4.193848947688E0  -9.999813882984E-1
   -4.188664770991E0  -9.999812545232E-1
   -4.183480594294E0  -9.999811197028E-1
   -4.178296417598E0  -9.999809838282E-1
   -4.173112240901E0  -9.999808468906E-1
   -4.167928064204E0  -9.999807088810E-1
   -4.162743887507E0  -9.999805697901E-1
   -4.157559710811E0  -9.999804296088E-1
   -4.152375534114E0  -9.999802883278E-1
   -4.147191357417E0  -9.999801459377E-1
   -4.142007180720E0  -9.999800024290E-1
   -4.136823004024E0  -9.999798577923E-1
   -4.131638827327E0  -9.999797120178E-1
   -4.126454650630E0  -9.999795650959E-1
   -4.121270473933E0  -9.999794170167E-1
   -4.116086297236E0  -9.999792677703E-1
   -4.110902120540E0  -9.999791173467E-1
   -4.105717943843E0  -9.999789657358E-1
   -4.100533767146E0  -9.999788129274E-1
   -4.095349590449E0  -9.999786589112E-1
   -4.090165413753E0  -9.999785036769E-1
   -4.084981237056E0  -9.999783472140E-1
   -4.079797060359E0  -9.999781895118E-1
   -4.074612883662E0  -9.999780305598E-1
   -4.069428706965E0  -9.999778703471E-1
   -4.064244530269E0  -9.999777088629E-1
   -4.059060353572E0  -9.999775460962E-1
   -4.053876176875E0  -9.999773820359E-1
   -4.048692000178E0  -9.999772166708E-1
   -4.043507823482E0  -9.999770499897E-1
   -4.038323646785E0  -9.999768819811E-1
   -4.033139470088E0  -9.999767126335E-1
   -4.027955293391E0  -9.999765419354E-1
   -4.022771116695E0  -9.999763698750E-1
   -4.017586939998E0  -9.999761964404E-1
   -4.012402763301E0  -9.999760216198E-1
   -4.007218586604E0  -9.999758454010E-1
   -4.002034409907E0  -9.999756677720E-1
   -3.996850233211E0  -9.999754887203E-1
   -3.991666056514E0  -9.999753082337E-1
   -3.986481879817E0  -9.999751262996E-1
   -3.981297703120E0  -9.999749429053E-1
   -3.976113526424E0  -9.999747580381E-1
   -3.970929349727E0  -9.999745716852E-1
   -3.965745173030E0  -9.999743838334E-1
   -3.960560996333E0  -9.999741944698E-1
   -3.955376819637E0  -9.999740035810E-1
   -3.950192642940E0  -9.999738111537E-1
   -3.945008466243E0  -9.999736171743E-1
   -3.939824289546E0  -9.999734216292E-1
   -3.934640112849E0  -9.999732245047E-1
   -3.929455936153E0  -9.999730257869E-1
   -3.924271759456E0  -9.999728254617E-1
   -3.919087582759E0  -9.999726235150E-1
   -3.913903406062E0  -9.999724199325E-1
   -3.908719229366E0  -9.999722146997E-1
   -3.903535052669E0  -9.999720078020E-1
   -3.898350875972E0  -9.999717992248E-1
   -3.893166699275E0  -9.999715889532E-1
   -3.887982522578E0  -9.999713769722E-1
   -3.882798345882E0  -9.999711632666E-1
   -3.877614169185E0  -9.999709478212E-1
   -3.872429992488E0  -9.999707306205E-1
   -3.867245815791E0  -9.999705116490E-1
   -3.862061639095E0  -9.999702908908E-1
   -3.856877462398E0  -9.999700683301E-1
   -3.851693285701E0  -9.999698439509E-1
   -3.846509109004E0  -9.999696177370E-1
   -3.841324932308E0  -9.999693896719E-1
   -3.836140755611E0  -9.999691597393E-1
   -3.830956578914E0  -9.999689279223E-1
   -3.825772402217E0  -9.999686942043E-1
   -3.820588225520E0  -9.999684585681E-1
   -3.815404048824E0  -9.999682209966E-1
   -3.810219872127E0  -9.999679814725E-1
   -3.805035695430E0  -9.999677399782E-1
   -3.799851518733E0  -9.999674964962E-1
   -3.794667342037E0  -9.999672510084E-1
   -3.789483165340E0  -9.999670034970E-1
   -3.784298988643E0  -9.999667539438E-1
   -3.779114811946E0  -9.999665023302E-1
   -3.773930635250E0  -9.999662486379E-1
   -3.768746458553E0  -9.999659928480E-1
   -3.763562281856E0  -9.999657349416E-1
   -3.758378105159E0  -9.999654748996E-1
   -3.753193928462E0  -9.999652127027E-1
   -3.748009751766E0  -9.999649483315E-1
   -3.742825575069E0  -9.999646817662E-1
   -3.737641398372E0  -9.999644129870E-1
   -3.732457221675E0  -9.999641419738E-1
   -3.727273044979E0  -9.999638687063E-1
   -3.722088868282E0  -9.999635931640E-1
   -3.716904691585E0  -9.999633153264E-1
   -3.711720514888E0  -9.999630351724E-1
   -3.706536338191E0  -9.999627526811E-1
   -3.701352161495E0  -9.999624678311E-1
   -3.696167984798E0  -9.999621806010E-1
   -3.690983808101E0  -9.999618909689E-1
   -3.685799631404E0  -9.999615989130E-1
   -3.680615454708E0  -9.999613044112E-1
   -3.675431278011E0  -9.999610074409E-1
   -3.670247101314E0  -9.999607079798E-1
   -3.665062924617E0  -9.999604060048E-1
   -3.659878747921E0  -9.999601014930E-1
   -3.654694571224E0  -9.999597944211E-1
   -3.649510394527E0  -9.999594847655E-1
   -3.644326217830E0  -9.999591725026E-1
   -3.639142041133E0  -9.999588576083E-1
   -3.633957864437E0  -9.999585400584E-1
   -3.628773687740E0  -9.999582198284E-1
   -3.623589511043E0  -9.999578968936E-1
   -3.618405334346E0  -9.999575712290E-1
   -3.613221157650E0  -9.999572428094E-1
   -3.608036980953E0  -9.999569116094E-1
   -3.602852804256E0  -9.999565776032E-1
   -3.597668627559E0  -9.999562407647E-1
   -3.592484450863E0  -9.999559010678E-1
   -3.587300274166E0  -9.999555584860E-1
   -3.582116097469E0  -9.999552129923E-1
   -3.576931920772E0  -9.999548645599E-1
   -3.571747744075E0  -9.999545131613E-1
   -3.566563567379E0  -9.999541587689E-1
   -3.561379390682E0  -9.999538013548E-1
   -3.556195213985E0  -9.999534408908E-1
   -3.551011037288E0  -9.999530773486E-1
   -3.545826860592E0  -9.999527106992E-1
   -3.540642683895E0  -9.999523409138E-1
   -3.535458507198E0  -9.999519679628E-1
   -3.530274330501E0  -9.999515918168E-1
   -3.525090153804E0  -9.999512124456E-1
   -3.519905977108E0  -9.999508298191E-1
   -3.514721800411E0  -9.999504439067E-1
   -3.509537623714E0  -9.999500546775E-1
   -3.504353447017E0  -9.999496621004E-1
   -3.499169270321E0  -9.999492661437E-1
   -3.493985093624E0  -9.999488667757E-1
   -3.488800916927E0  -9.999484639641E-1
   -3.483616740230E0  -9.999480576766E-1
   -3.478432563534E0  -9.999476478801E-1
   -3.473248386837E0  -9.999472345416E-1
   -3.468064210140E0  -9.999468176276E-1
   -3.462880033443E0  -9.999463971041E-1
   -3.457695856746E0  -9.999459729369E-1
   -3.452511680050E0  -9.999455450915E-1
   -3.447327503353E0  -9.999451135330E-1
   -3.442143326656E0  -9.999446782260E-1
   -3.436959149959E0  -9.999442391348E-1
   -3.431774973263E0  -9.999437962235E-1
   -3.426590796566E0  -9.999433494556E-1
   -3.421406619869E0  -9.999428987944E-1
   -3.416222443172E0  -9.999424442026E-1
   -3.411038266476E0  -9.999419856427E-1
   -3.405854089779E0  -9.999415230768E-1
   -3.400669913082E0  -9.999410564664E-1
   -3.395485736385E0  -9.999405857729E-1
   -3.390301559688E0  -9.999401109571E-1
   -3.385117382992E0  -9.999396319794E-1
   -3.379933206295E0  -9.999391487997E-1
   -3.374749029598E0  -9.999386613778E-1
   -3.369564852901E0  -9.999381696728E-1
   -3.364380676205E0  -9.999376736433E-1
   -3.359196499508E0  -9.999371732478E-1
   -3.354012322811E0  -9.999366684440E-1
   -3.348828146114E0  -9.999361591894E-1
   -3.343643969417E0  -9.999356454410E-1
   -3.338459792721E0  -9.999351271552E-1
   -3.333275616024E0  -9.999346042881E-1
   -3.328091439327E0  -9.999340767952E-1
   -3.322907262630E0  -9.999335446318E-1
   -3.317723085934E0  -9.999330077523E-1
   -3.312538909237E0  -9.999324661111E-1
   -3.307354732540E0  -9.999319196616E-1
   -3.302170555843E0  -9.999313683572E-1
   -3.296986379147E0  -9.999308121504E-1
   -3.291802202450E0  -9.999302509934E-1
   -3.286618025753E0  -9.999296848379E-1
   -3.281433849056E0  -9.999291136349E-1
   -3.276249672359E0  -9.999285373352E-1
   -3.271065495663E0  -9.999279558888E-1
   -3.265881318966E0  -9.999273692451E-1
   -3.260697142269E0  -9.999267773533E-1
   -3.255512965572E0  -9.999261801617E-1
   -3.250328788876E0  -9.999255776183E-1
   -3.245144612179E0  -9.999249696704E-1
   -3.239960435482E0  -9.999243562648E-1
   -3.234776258785E0  -9.999237373476E-1
   -3.229592082089E0  -9.999231128644E-1
   -3.224407905392E0  -9.999224827603E-1
   -3.219223728695E0  -9.999218469797E-1
   -3.214039551998E0  -9.999212054664E-1
   -3.208855375301E0  -9.999205581637E-1
   -3.203671198605E0  -9.999199050140E-1
   -3.198487021908E0  -9.999192459594E-1
   -3.193302845211E0  -9.999185809413E-1
   -3.188118668514E0  -9.999179099002E-1
   -3.182934491818E0  -9.999172327763E-1
   -3.177750315121E0  -9.999165495090E-1
   -3.172566138424E0  -9.999158600370E-1
   -3.167381961727E0  -9.999151642982E-1
   -3.162197785030E0  -9.999144622303E-1
   -3.157013608334E0  -9.999137537697E-1
   -3.151829431637E0  -9.999130388526E-1
   -3.146645254940E0  -9.999123174142E-1
   -3.141461078243E0  -9.999115893890E-1
   -3.136276901547E0  -9.999108547111E-1
   -3.131092724850E0  -9.999101133134E-1
   -3.125908548153E0  -9.999093651284E-1
   -3.120724371456E0  -9.999086100878E-1
   -3.115540194760E0  -9.999078481223E-1
   -3.110356018063E0  -9.999070791623E-1
   -3.105171841366E0  -9.999063031369E-1
   -3.099987664669E0  -9.999055199748E-1
   -3.094803487972E0  -9.999047296038E-1
   -3.089619311276E0  -9.999039319508E-1
   -3.084435134579E0  -9.999031269420E-1
   -3.079250957882E0  -9.999023145026E-1
   -3.074066781185E0  -9.999014945573E-1
   -3.068882604489E0  -9.999006670297E-1
   -3.063698427792E0  -9.998998318426E-1
   -3.058514251095E0  -9.998989889178E-1
   -3.053330074398E0  -9.998981381766E-1
   -3.048145897702E0  -9.998972795390E-1
   -3.042961721005E0  -9.998964129244E-1
   -3.037777544308E0  -9.998955382511E-1
   -3.032593367611E0  -9.998946554366E-1
   -3.027409190914E0  -9.998937643974E-1
   -3.022225014218E0  -9.998928650492E-1
   -3.017040837521E0  -9.998919573064E-1
   -3.011856660824E0  -9.998910410829E-1
   -3.006672484127E0  -9.998901162913E-1
   -3.001488307431E0  -9.998891828433E-1
   -2.996304130734E0  -9.998882406496E-1
   -2.991119954037E0  -9.998872896199E-1
   -2.985935777340E0  -9.998863296629E-1
   -2.980751600644E0  -9.998853606862E-1
   -2.975567423947E0  -9.998843825963E-1
   -2.970383247250E0  -9.998833952988E-1
   -2.965199070553E0  -9.998823986980E-1
   -2.960014893856E0  -9.998813926975E-1
   -2.954830717160E0  -9.998803771992E-1
   -2.949646540463E0  -9.998793521045E-1
   -2.944462363766E0  -9.998783173131E-1
   -2.939278187069E0  -9.998772727241E-1
   -2.934094010373E0  -9.998762182350E-1
   -2.928909833676E0  -9.998751537423E-1
   -2.923725656979E0  -9.998740791413E-1
   -2.918541480282E0  -9.998729943262E-1
   -2.913357303585E0  -9.998718991897E-1
   -2.908173126889E0  -9.998707936236E-1
   -2.902988950192E0  -9.998696775181E-1
   -2.897804773495E0  -9.998685507623E-1
   -2.892620596798E0  -9.998674132442E-1
   -2.887436420102E0  -9.998662648502E-1
   -2.882252243405E0  -9.998651054655E-1
   -2.877068066708E0  -9.998639349740E-1
   -2.871883890011E0  -9.998627532582E-1
   -2.866699713315E0  -9.998615601992E-1
   -2.861515536618E0  -9.998603556767E-1
   -2.856331359921E0  -9.998591395692E-1
   -2.851147183224E0  -9.998579117535E-1
   -2.845963006527E0  -9.998566721051E-1
   -2.840778829831E0  -9.998554204980E-1
   -2.835594653134E0  -9.998541568048E-1
   -2.830410476437E0  -9.998528808965E-1
   -2.825226299740E0  -9.998515926427E-1
   -2.820042123044E0  -9.998502919112E-1
   -2.814857946347E0  -9.998489785686E-1
   -2.809673769650E0  -9.998476524796E-1
   -2.804489592953E0  -9.998463135076E-1
   -2.799305416257E0  -9.998449615142E-1
   -2.794121239560E0  -9.998435963593E-1
   -2.788937062863E0  -9.998422179013E-1
   -2.783752886166E0  -9.998408259968E-1
   -2.778568709469E0  -9.998394205007E-1
   -2.773384532773E0  -9.998380012664E-1
   -2.768200356076E0  -9.998365681452E-1
   -2.763016179379E0  -9.998351209868E-1
   -2.757832002682E0  -9.998336596391E-1
   -2.752647825986E0  -9.998321839482E-1
   -2.747463649289E0  -9.998306937583E-1
   -2.742279472592E0  -9.998291889118E-1
   -2.737095295895E0  -9.998276692491E-1
   -2.731911119198E0  -9.998261346087E-1
   -2.726726942502E0  -9.998245848273E-1
   -2.721542765805E0  -9.998230197396E-1
   -2.716358589108E0  -9.998214391780E-1
   -2.711174412411E0  -9.998198429733E-1
   -2.705990235715E0  -9.998182309540E-1
   -2.700806059018E0  -9.998166029466E-1
   -2.695621882321E0  -9.998149587755E-1
   -2.690437705624E0  -9.998132982628E-1
   -2.685253528928E0  -9.998116212288E-1
   -2.680069352231E0  -9.998099274912E-1
   -2.674885175534E0  -9.998082168658E-1
   -2.669700998837E0  -9.998064891660E-1
   -2.664516822140E0  -9.998047442029E-1
   -2.659332645444E0  -9.998029817854E-1
   -2.654148468747E0  -9.998012017200E-1
   -2.648964292050E0  -9.997994038107E-1
   -2.643780115353E0  -9.997975878594E-1
   -2.638595938657E0  -9.997957536652E-1
   -2.633411761960E0  -9.997939010249E-1
   -2.628227585263E0  -9.997920297330E-1
   -2.623043408566E0  -9.997901395810E-1
   -2.617859231870E0  -9.997882303583E-1
   -2.612675055173E0  -9.997863018513E-1
   -2.607490878476E0  -9.997843538441E-1
   -2.602306701779E0  -9.997823861178E-1
   -2.597122525082E0  -9.997803984511E-1
   -2.591938348386E0  -9.997783906196E-1
   -2.586754171689E0  -9.997763623963E-1
   -2.581569994992E0  -9.997743135515E-1
   -2.576385818295E0  -9.997722438524E-1
   -2.571201641599E0  -9.997701530634E-1
   -2.566017464902E0  -9.997680409458E-1
   -2.560833288205E0  -9.997659072582E-1
   -2.555649111508E0  -9.997637517560E-1
   -2.550464934811E0  -9.997615741914E-1
   -2.545280758115E0  -9.997593743136E-1
   -2.540096581418E0  -9.997571518688E-1
   -2.534912404721E0  -9.997549065998E-1
   -2.529728228024E0  -9.997526382461E-1
   -2.524544051328E0  -9.997503465442E-1
   -2.519359874631E0  -9.997480312268E-1
   -2.514175697934E0  -9.997456920237E-1
   -2.508991521237E0  -9.997433286609E-1
   -2.503807344541E0  -9.997409408611E-1
   -2.498623167844E0  -9.997385283435E-1
   -2.493438991147E0  -9.997360908235E-1
   -2.488254814450E0  -9.997336280131E-1
   -2.483070637753E0  -9.997311396206E-1
   -2.477886461057E0  -9.997286253503E-1
   -2.472702284360E0  -9.997260849031E-1
   -2.467518107663E0  -9.997235179757E-1
   -2.462333930966E0  -9.997209242611E-1
   -2.457149754270E0  -9.997183034484E-1
   -2.451965577573E0  -9.997156552226E-1
   -2.446781400876E0  -9.997129792645E-1
   -2.441597224179E0  -9.997102752510E-1
   -2.436413047483E0  -9.997075428548E-1
   -2.431228870786E0  -9.997047817441E-1
   -2.426044694089E0  -9.997019915831E-1
   -2.420860517392E0  -9.996991720315E-1
   -2.415676340695E0  -9.996963227446E-1
   -2.410492163999E0  -9.996934433732E-1
   -2.405307987302E0  -9.996905335634E-1
   -2.400123810605E0  -9.996875929570E-1
   -2.394939633908E0  -9.996846211908E-1
   -2.389755457212E0  -9.996816178971E-1
   -2.384571280515E0  -9.996785827030E-1
   -2.379387103818E0  -9.996755152311E-1
   -2.374202927121E0  -9.996724150988E-1
   -2.369018750424E0  -9.996692819186E-1
   -2.363834573728E0  -9.996661152978E-1
   -2.358650397031E0  -9.996629148384E-1
   -2.353466220334E0  -9.996596801373E-1
   -2.348282043637E0  -9.996564107861E-1
   -2.343097866941E0  -9.996531063708E-1
   -2.337913690244E0  -9.996497664719E-1
   -2.332729513547E0  -9.996463906646E-1
   -2.327545336850E0  -9.996429785181E-1
   -2.322361160154E0  -9.996395295960E-1
   -2.317176983457E0  -9.996360434560E-1
   -2.311992806760E0  -9.996325196501E-1
   -2.306808630063E0  -9.996289577239E-1
   -2.301624453366E0  -9.996253572172E-1
   -2.296440276670E0  -9.996217176635E-1
   -2.291256099973E0  -9.996180385901E-1
   -2.286071923276E0  -9.996143195178E-1
   -2.280887746579E0  -9.996105599611E-1
   -2.275703569883E0  -9.996067594277E-1
   -2.270519393186E0  -9.996029174188E-1
   -2.265335216489E0  -9.995990334288E-1
   -2.260151039792E0  -9.995951069452E-1
   -2.254966863096E0  -9.995911374485E-1
   -2.249782686399E0  -9.995871244123E-1
   -2.244598509702E0  -9.995830673027E-1
   -2.239414333005E0  -9.995789655789E-1
   -2.234230156308E0  -9.995748186922E-1
   -2.229045979612E0  -9.995706260869E-1
   -2.223861802915E0  -9.995663871992E-1
   -2.218677626218E0  -9.995621014580E-1
   -2.213493449521E0  -9.995577682839E-1
   -2.208309272825E0  -9.995533870898E-1
   -2.203125096128E0  -9.995489572804E-1
   -2.197940919431E0  -9.995444782522E-1
   -2.192756742734E0  -9.995399493932E-1
   -2.187572566037E0  -9.995353700830E-1
   -2.182388389341E0  -9.995307396927E-1
   -2.177204212644E0  -9.995260575844E-1
   -2.172020035947E0  -9.995213231115E-1
   -2.166835859250E0  -9.995165356182E-1
   -2.161651682554E0  -9.995116944398E-1
   -2.156467505857E0  -9.995067989019E-1
   -2.151283329160E0  -9.995018483210E-1
   -2.146099152463E0  -9.994968420039E-1
   -2.140914975767E0  -9.994917792473E-1
   -2.135730799070E0  -9.994866593386E-1
   -2.130546622373E0  -9.994814815546E-1
   -2.125362445676E0  -9.994762451622E-1
   -2.120178268979E0  -9.994709494177E-1
   -2.114994092283E0  -9.994655935670E-1
   -2.109809915586E0  -9.994601768452E-1
   -2.104625738889E0  -9.994546984766E-1
   -2.099441562192E0  -9.994491576744E-1
   -2.094257385496E0  -9.994435536404E-1
   -2.089073208799E0  -9.994378855652E-1
   -2.083889032102E0  -9.994321526279E-1
   -2.078704855405E0  -9.994263539954E-1
   -2.073520678709E0  -9.994204888231E-1
   -2.068336502012E0  -9.994145562539E-1
   -2.063152325315E0  -9.994085554185E-1
   -2.057968148618E0  -9.994024854350E-1
   -2.052783971921E0  -9.993963454088E-1
   -2.047599795225E0  -9.993901344322E-1
   -2.042415618528E0  -9.993838515845E-1
   -2.037231441831E0  -9.993774959316E-1
   -2.032047265134E0  -9.993710665255E-1
   -2.026863088438E0  -9.993645624048E-1
   -2.021678911741E0  -9.993579825938E-1
   -2.016494735044E0  -9.993513261025E-1
   -2.011310558347E0  -9.993445919265E-1
   -2.006126381650E0  -9.993377790466E-1
   -2.000942204954E0  -9.993308864286E-1
   -1.995758028257E0  -9.993239130231E-1
   -1.990573851560E0  -9.993168577651E-1
   -1.985389674863E0  -9.993097195740E-1
   -1.980205498167E0  -9.993024973531E-1
   -1.975021321470E0  -9.992951899895E-1
   -1.969837144773E0  -9.992877963537E-1
   -1.964652968076E0  -9.992803152994E-1
   -1.959468791380E0  -9.992727456631E-1
   -1.954284614683E0  -9.992650862641E-1
   -1.949100437986E0  -9.992573359040E-1
   -1.943916261289E0  -9.992494933663E-1
   -1.938732084592E0  -9.992415574164E-1
   -1.933547907896E0  -9.992335268009E-1
   -1.928363731199E0  -9.992254002478E-1
   -1.923179554502E0  -9.992171764655E-1
   -1.917995377805E0  -9.992088541435E-1
   -1.912811201109E0  -9.992004319506E-1
   -1.907627024412E0  -9.991919085362E-1
   -1.902442847715E0  -9.991832825286E-1
   -1.897258671018E0  -9.991745525356E-1
   -1.892074494322E0  -9.991657171434E-1
   -1.886890317625E0  -9.991567749167E-1
   -1.881706140928E0  -9.991477243984E-1
   -1.876521964231E0  -9.991385641090E-1
   -1.871337787534E0  -9.991292925459E-1
   -1.866153610838E0  -9.991199081839E-1
   -1.860969434141E0  -9.991104094738E-1
   -1.855785257444E0  -9.991007948428E-1
   -1.850601080747E0  -9.990910626935E-1
   -1.845416904051E0  -9.990812114038E-1
   -1.840232727354E0  -9.990712393265E-1
   -1.835048550657E0  -9.990611447886E-1
   -1.829864373960E0  -9.990509260911E-1
   -1.824680197264E0  -9.990405815084E-1
   -1.819496020567E0  -9.990301092880E-1
   -1.814311843870E0  -9.990195076495E-1
   -1.809127667173E0  -9.990087747851E-1
   -1.803943490476E0  -9.989979088581E-1
   -1.798759313780E0  -9.989869080030E-1
   -1.793575137083E0  -9.989757703248E-1
   -1.788390960386E0  -9.989644938984E-1
   -1.783206783689E0  -9.989530767683E-1
   -1.778022606993E0  -9.989415169478E-1
   -1.772838430296E0  -9.989298124185E-1
   -1.767654253599E0  -9.989179611301E-1
   -1.762470076902E0  -9.989059609991E-1
   -1.757285900205E0  -9.988938099088E-1
   -1.752101723509E0  -9.988815057086E-1
   -1.746917546812E0  -9.988690462133E-1
   -1.741733370115E0  -9.988564292022E-1
   -1.736549193418E0  -9.988436524192E-1
   -1.731365016722E0  -9.988307135713E-1
   -1.726180840025E0  -9.988176103285E-1
   -1.720996663328E0  -9.988043403231E-1
   -1.715812486631E0  -9.987909011484E-1
   -1.710628309935E0  -9.987772903590E-1
   -1.705444133238E0  -9.987635054691E-1
   -1.700259956541E0  -9.987495439526E-1
   -1.695075779844E0  -9.987354032415E-1
   -1.689891603147E0  -9.987210807260E-1
   -1.684707426451E0  -9.987065737529E-1
   -1.679523249754E0  -9.986918796256E-1
   -1.674339073057E0  -9.986769956027E-1
   -1.669154896360E0  -9.986619188973E-1
   -1.663970719664E0  -9.986466466762E-1
   -1.658786542967E0  -9.986311760593E-1
   -1.653602366270E0  -9.986155041182E-1
   -1.648418189573E0  -9.985996278755E-1
   -1.643234012877E0  -9.985835443043E-1
   -1.638049836180E0  -9.985672503265E-1
   -1.632865659483E0  -9.985507428124E-1
   -1.627681482786E0  -9.985340185797E-1
   -1.622497306089E0  -9.985170743920E-1
   -1.617313129393E0  -9.984999069583E-1
   -1.612128952696E0  -9.984825129320E-1
   -1.606944775999E0  -9.984648889092E-1
   -1.601760599302E0  -9.984470314283E-1
   -1.596576422606E0  -9.984289369685E-1
   -1.591392245909E0  -9.984106019487E-1
   -1.586208069212E0  -9.983920227267E-1
   -1.581023892515E0  -9.983731955973E-1
   -1.575839715818E0  -9.983541167917E-1
   -1.570655539122E0  -9.983347824761E-1
   -1.565471362425E0  -9.983151887504E-1
   -1.560287185728E0  -9.982953316466E-1
   -1.555103009031E0  -9.982752071282E-1
   -1.549918832335E0  -9.982548110882E-1
   -1.544734655638E0  -9.982341393478E-1
   -1.539550478941E0  -9.982131876553E-1
   -1.534366302244E0  -9.981919516846E-1
   -1.529182125548E0  -9.981704270332E-1
   -1.523997948851E0  -9.981486092214E-1
   -1.518813772154E0  -9.981264936903E-1
   -1.513629595457E0  -9.981040758005E-1
   -1.508445418760E0  -9.980813508302E-1
   -1.503261242064E0  -9.980583139737E-1
   -1.498077065367E0  -9.980349603399E-1
   -1.492892888670E0  -9.980112849501E-1
   -1.487708711973E0  -9.979872827367E-1
   -1.482524535277E0  -9.979629485413E-1
   -1.477340358580E0  -9.979382771126E-1
   -1.472156181883E0  -9.979132631046E-1
   -1.466972005186E0  -9.978879010750E-1
   -1.461787828490E0  -9.978621854829E-1
   -1.456603651793E0  -9.978361106866E-1
   -1.451419475096E0  -9.978096709422E-1
   -1.446235298399E0  -9.977828604007E-1
   -1.441051121702E0  -9.977556731064E-1
   -1.435866945006E0  -9.977281029944E-1
   -1.430682768309E0  -9.977001438885E-1
   -1.425498591612E0  -9.976717894987E-1
   -1.420314414915E0  -9.976430334189E-1
   -1.415130238219E0  -9.976138691247E-1
   -1.409946061522E0  -9.975842899704E-1
   -1.404761884825E0  -9.975542891870E-1
   -1.399577708128E0  -9.975238598792E-1
   -1.394393531431E0  -9.974929950228E-1
   -1.389209354735E0  -9.974616874624E-1
   -1.384025178038E0  -9.974299299079E-1
   -1.378841001341E0  -9.973977149320E-1
   -1.373656824644E0  -9.973650349675E-1
   -1.368472647948E0  -9.973318823035E-1
   -1.363288471251E0  -9.972982490835E-1
   -1.358104294554E0  -9.972641273012E-1
   -1.352920117857E0  -9.972295087977E-1
   -1.347735941161E0  -9.971943852583E-1
   -1.342551764464E0  -9.971587482087E-1
   -1.337367587767E0  -9.971225890123E-1
   -1.332183411070E0  -9.970858988654E-1
   -1.326999234373E0  -9.970486687951E-1
   -1.321815057677E0  -9.970108896540E-1
   -1.316630880980E0  -9.969725521175E-1
   -1.311446704283E0  -9.969336466796E-1
   -1.306262527586E0  -9.968941636484E-1
   -1.301078350890E0  -9.968540931427E-1
   -1.295894174193E0  -9.968134250871E-1
   -1.290709997496E0  -9.967721492080E-1
   -1.285525820799E0  -9.967302550295E-1
   -1.280341644103E0  -9.966877318680E-1
   -1.275157467406E0  -9.966445688281E-1
   -1.269973290709E0  -9.966007547979E-1
   -1.264789114012E0  -9.965562784437E-1
   -1.259604937315E0  -9.965111282051E-1
   -1.254420760619E0  -9.964652922901E-1
   -1.249236583922E0  -9.964187586692E-1
   -1.244052407225E0  -9.963715150706E-1
   -1.238868230528E0  -9.963235489740E-1
   -1.233684053832E0  -9.962748476057E-1
   -1.228499877135E0  -9.962253979316E-1
   -1.223315700438E0  -9.961751866521E-1
   -1.218131523741E0  -9.961242001956E-1
   -1.212947347044E0  -9.960724247119E-1
   -1.207763170348E0  -9.960198460661E-1
   -1.202578993651E0  -9.959664498315E-1
   -1.197394816954E0  -9.959122212830E-1
   -1.192210640257E0  -9.958571453897E-1
   -1.187026463561E0  -9.958012068083E-1
   -1.181842286864E0  -9.957443898747E-1
   -1.176658110167E0  -9.956866785974E-1
   -1.171473933470E0  -9.956280566485E-1
   -1.166289756774E0  -9.955685073567E-1
   -1.161105580077E0  -9.955080136984E-1
   -1.155921403380E0  -9.954465582892E-1
   -1.150737226683E0  -9.953841233753E-1
   -1.145553049986E0  -9.953206908245E-1
   -1.140368873290E0  -9.952562421169E-1
   -1.135184696593E0  -9.951907583354E-1
   -1.130000519896E0  -9.951242201557E-1
   -1.124816343199E0  -9.950566078367E-1
   -1.119632166503E0  -9.949879012100E-1
   -1.114447989806E0  -9.949180796692E-1
   -1.109263813109E0  -9.948471221586E-1
   -1.104079636412E0  -9.947750071631E-1
   -1.098895459716E0  -9.947017126953E-1
   -1.093711283019E0  -9.946272162846E-1
   -1.088527106322E0  -9.945514949648E-1
   -1.083342929625E0  -9.944745252608E-1
   -1.078158752928E0  -9.943962831767E-1
   -1.072974576232E0  -9.943167441818E-1
   -1.067790399535E0  -9.942358831975E-1
   -1.062606222838E0  -9.941536745822E-1
   -1.057422046141E0  -9.940700921182E-1
   -1.052237869445E0  -9.939851089954E-1
   -1.047053692748E0  -9.938986977967E-1
   -1.041869516051E0  -9.938108304822E-1
   -1.036685339354E0  -9.937214783720E-1
   -1.031501162657E0  -9.936306121310E-1
   -1.026316985961E0  -9.935382017499E-1
   -1.021132809264E0  -9.934442165289E-1
   -1.015948632567E0  -9.933486250581E-1
   -1.010764455870E0  -9.932513951992E-1
   -1.005580279174E0  -9.931524940659E-1
   -1.000396102477E0  -9.930518880041E-1
  -9.952119257801E-1  -9.929495425707E-1
  -9.900277490833E-1  -9.928454225128E-1
  -9.848435723865E-1  -9.927394917447E-1
  -9.796593956898E-1  -9.926317133268E-1
  -9.744752189930E-1  -9.925220494410E-1
  -9.692910422962E-1  -9.924104613667E-1
  -9.641068655995E-1  -9.922969094564E-1
  -9.589226889027E-1  -9.921813531101E-1
  -9.537385122059E-1  -9.920637507473E-1
  -9.485543355091E-1  -9.919440597823E-1
  -9.433701588124E-1  -9.918222365942E-1
  -9.381859821156E-1  -9.916982364981E-1
  -9.330018054188E-1  -9.915720137146E-1
  -9.278176287221E-1  -9.914435213402E-1
  -9.226334520253E-1  -9.913127113144E-1
  -9.174492753285E-1  -9.911795343861E-1
  -9.122650986318E-1  -9.910439400806E-1
  -9.070809219350E-1  -9.909058766634E-1
  -9.018967452382E-1  -9.907652911047E-1
  -8.967125685414E-1  -9.906221290405E-1
  -8.915283918447E-1  -9.904763347350E-1
  -8.863442151479E-1  -9.903278510400E-1
  -8.811600384511E-1  -9.901766193522E-1
  -8.759758617544E-1  -9.900225795724E-1
  -8.707916850576E-1  -9.898656700590E-1
  -8.656075083608E-1  -9.897058275835E-1
  -8.604233316640E-1  -9.895429872824E-1
  -8.552391549673E-1  -9.893770826078E-1
  -8.500549782705E-1  -9.892080452777E-1
  -8.448708015737E-1  -9.890358052215E-1
  -8.396866248770E-1  -9.888602905277E-1
  -8.345024481802E-1  -9.886814273857E-1
  -8.293182714834E-1  -9.884991400291E-1
  -8.241340947866E-1  -9.883133506745E-1
  -8.189499180899E-1  -9.881239794580E-1
  -8.137657413931E-1  -9.879309443720E-1
  -8.085815646963E-1  -9.877341611975E-1
  -8.033973879996E-1  -9.875335434351E-1
  -7.982132113028E-1  -9.873290022312E-1
  -7.930290346060E-1  -9.871204463062E-1
  -7.878448579092E-1  -9.869077818735E-1
  -7.826606812125E-1  -9.866909125630E-1
  -7.774765045157E-1  -9.864697393350E-1
  -7.722923278189E-1  -9.862441603957E-1
  -7.671081511222E-1  -9.860140711066E-1
  -7.619239744254E-1  -9.857793638923E-1
  -7.567397977286E-1  -9.855399281427E-1
  -7.515556210318E-1  -9.852956501154E-1
  -7.463714443351E-1  -9.850464128295E-1
  -7.411872676383E-1  -9.847920959593E-1
  -7.360030909415E-1  -9.845325757205E-1
  -7.308189142448E-1  -9.842677247573E-1
  -7.256347375480E-1  -9.839974120160E-1
  -7.204505608512E-1  -9.837215026257E-1
  -7.152663841544E-1  -9.834398577628E-1
  -7.100822074577E-1  -9.831523345168E-1
  -7.048980307609E-1  -9.828587857504E-1
  -6.997138540641E-1  -9.825590599509E-1
  -6.945296773674E-1  -9.822530010785E-1
  -6.893455006706E-1  -9.819404484079E-1
  -6.841613239738E-1  -9.816212363606E-1
  -6.789771472770E-1  -9.812951943353E-1
  -6.737929705803E-1  -9.809621465276E-1
  -6.686087938835E-1  -9.806219117428E-1
  -6.634246171867E-1  -9.802743032025E-1
  -6.582404404900E-1  -9.799191283410E-1
  -6.530562637932E-1  -9.795561885955E-1
  -6.478720870964E-1  -9.791852791819E-1
  -6.426879103996E-1  -9.788061888736E-1
  -6.375037337029E-1  -9.784186997516E-1
  -6.323195570061E-1  -9.780225869635E-1
  -6.271353803093E-1  -9.776176184569E-1
  -6.219512036126E-1  -9.772035547107E-1
  -6.167670269158E-1  -9.767801484510E-1
  -6.115828502190E-1  -9.763471443519E-1
  -6.063986735222E-1  -9.759042787289E-1
  -6.012144968255E-1  -9.754512792113E-1
  -5.960303201287E-1  -9.749878644074E-1
  -5.908461434319E-1  -9.745137435498E-1
  -5.856619667352E-1  -9.740286161220E-1
  -5.804777900384E-1  -9.735321714761E-1
  -5.752936133416E-1  -9.730240884237E-1
  -5.701094366448E-1  -9.725040348159E-1
  -5.649252599481E-1  -9.719716670941E-1
  -5.597410832513E-1  -9.714266298281E-1
  -5.545569065545E-1  -9.708685552307E-1
  -5.493727298578E-1  -9.702970626397E-1
  -5.441885531610E-1  -9.697117579909E-1
  -5.390043764642E-1  -9.691122332492E-1
  -5.338201997674E-1  -9.684980658261E-1
  -5.286360230707E-1  -9.678688179518E-1
  -5.234518463739E-1  -9.672240360364E-1
  -5.182676696771E-1  -9.665632499809E-1
  -5.130834929804E-1  -9.658859724609E-1
  -5.078993162836E-1  -9.651916981759E-1
  -5.027151395868E-1  -9.644799030543E-1
  -4.975309628900E-1  -9.637500434243E-1
  -4.923467861933E-1  -9.630015551327E-1
  -4.871626094965E-1  -9.622338526215E-1
  -4.819784327997E-1  -9.614463279622E-1
  -4.767942561030E-1  -9.606383498217E-1
  -4.716100794062E-1  -9.598092623944E-1
  -4.664259027094E-1  -9.589583842482E-1
  -4.612417260126E-1  -9.580850071412E-1
  -4.560575493159E-1  -9.571883947396E-1
  -4.508733726191E-1  -9.562677812838E-1
  -4.456891959223E-1  -9.553223701761E-1
  -4.405050192256E-1  -9.543513324845E-1
  -4.353208425288E-1  -9.533538053585E-1
  -4.301366658320E-1  -9.523288903606E-1
  -4.249524891352E-1  -9.512756516906E-1
  -4.197683124385E-1  -9.501931143163E-1
  -4.145841357417E-1  -9.490802619832E-1
  -4.093999590449E-1  -9.479360351007E-1
  -4.042157823482E-1  -9.467593285211E-1
  -3.990316056514E-1  -9.455489891483E-1
  -3.938474289546E-1  -9.443038134311E-1
  -3.886632522578E-1  -9.430225446777E-1
  -3.834790755611E-1  -9.417038702098E-1
  -3.782948988643E-1  -9.403464183234E-1
  -3.731107221675E-1  -9.389487550688E-1
  -3.679265454708E-1  -9.375093808104E-1
  -3.627423687740E-1  -9.360267265492E-1
  -3.575581920772E-1  -9.344991500183E-1
  -3.523740153804E-1  -9.329249314999E-1
  -3.471898386837E-1  -9.313022693616E-1
  -3.420056619869E-1  -9.296292752735E-1
  -3.368214852901E-1  -9.279039691078E-1
  -3.316373085934E-1  -9.261242734482E-1
  -3.264531318966E-1  -9.242880077359E-1
  -3.212689551998E-1  -9.223928819565E-1
  -3.160847785031E-1  -9.204364898885E-1
  -3.109006018063E-1  -9.184163018231E-1
  -3.057164251095E-1  -9.163296567518E-1
  -3.005322484127E-1  -9.141737539259E-1
  -2.953480717160E-1  -9.119456437948E-1
  -2.901638950192E-1  -9.096422181843E-1
  -2.849797183224E-1  -9.072601997222E-1
  -2.797955416257E-1  -9.047961303782E-1
  -2.746113649289E-1  -9.022463590626E-1
  -2.694271882321E-1  -8.996070281819E-1
  -2.642430115353E-1  -8.968740590545E-1
  -2.590588348386E-1  -8.940431360379E-1
  -2.538746581418E-1  -8.911096892669E-1
  -2.486904814450E-1  -8.880688758496E-1
  -2.435063047483E-1  -8.849155593302E-1
  -2.383221280515E-1  -8.816442872406E-1
  -2.331379513547E-1  -8.782492665276E-1
  -2.279537746579E-1  -8.747243366280E-1
  -2.227695979612E-1  -8.710629398323E-1
  -2.175854212644E-1  -8.672580887418E-1
  -2.124012445676E-1  -8.633023303360E-1
  -2.072170678709E-1  -8.591877063027E-1
  -2.020328911741E-1  -8.549057091238E-1
  -1.968487144773E-1  -8.504472333234E-1
  -1.916645377805E-1  -8.458025213303E-1
  -1.864803610838E-1  -8.409611030252E-1
  -1.812961843870E-1  -8.359117283123E-1
  -1.761120076902E-1  -8.306422914653E-1
  -1.709278309935E-1  -8.251397461757E-1
  -1.657436542967E-1  -8.193900098037E-1
  -1.605594775999E-1  -8.133778551120E-1
  -1.553753009031E-1  -8.070867874665E-1
  -1.501911242064E-1  -8.004989050312E-1
  -1.450069475096E-1  -7.935947389698E-1
  -1.398227708128E-1  -7.863530701198E-1
  -1.346385941161E-1  -7.787507176496E-1
  -1.294544174193E-1  -7.707622943912E-1
  -1.242702407225E-1  -7.623599220499E-1
  -1.190860640257E-1  -7.535128980367E-1
  -1.139018873290E-1  -7.441873032239E-1
  -1.087177106322E-1  -7.343455374722E-1
  -1.035335339354E-1  -7.239457655869E-1
  -9.834935723866E-2  -7.129412516159E-1
  -9.316518054188E-2  -7.012795522912E-1
  -8.798100384511E-2  -6.889015310681E-1
  -8.279682714834E-2  -6.757401407853E-1
  -7.761265045157E-2  -6.617189040962E-1
  -7.242847375480E-2  -6.467499932943E-1
  -6.724429705803E-2  -6.307317706949E-1
  -6.206012036126E-2  -6.135455891291E-1
  -5.687594366449E-2  -5.950515570060E-1
  -5.169176696771E-2  -5.750828204594E-1
  -4.650759027094E-2  -5.534376647413E-1
  -4.132341357417E-2  -5.298683091986E-1
  -3.613923687740E-2  -5.040645070354E-1
  -3.095506018063E-2  -4.756286310317E-1
  -2.577088348386E-2  -4.440360829095E-1
  -2.058670678709E-2  -4.085687994008E-1
  -1.540253009031E-2  -3.681955136442E-1
  -1.021835339354E-2  -3.213357895503E-1
  -5.034176696771E-3  -2.653350208504E-1
   1.499999999997E-4  -1.950757757509E-1
