#             e [au]            f [a.u.]
   -5.512392520075E0  -9.999965889603E-1
   -5.506874459494E0  -9.999965662046E-1
   -5.501356398913E0  -9.999965432855E-1
   -5.495838338333E0  -9.999965202018E-1
   -5.490320277752E0  -9.999964969523E-1
   -5.484802217171E0  -9.999964735356E-1
   -5.479284156591E0  -9.999964499505E-1
   -5.473766096010E0  -9.999964261956E-1
   -5.468248035429E0  -9.999964022698E-1
   -5.462729974849E0  -9.999963781715E-1
   -5.457211914268E0  -9.999963538995E-1
   -5.451693853687E0  -9.999963294525E-1
   -5.446175793107E0  -9.999963048290E-1
   -5.440657732526E0  -9.999962800278E-1
   -5.435139671945E0  -9.999962550474E-1
   -5.429621611365E0  -9.999962298864E-1
   -5.424103550784E0  -9.999962045435E-1
   -5.418585490203E0  -9.999961790172E-1
   -5.413067429623E0  -9.999961533061E-1
   -5.407549369042E0  -9.999961274088E-1
   -5.402031308461E0  -9.999961013237E-1
   -5.396513247881E0  -9.999960750495E-1
   -5.390995187300E0  -9.999960485846E-1
   -5.385477126719E0  -9.999960219276E-1
   -5.379959066139E0  -9.999959950770E-1
   -5.374441005558E0  -9.999959680312E-1
   -5.368922944978E0  -9.999959407888E-1
   -5.363404884397E0  -9.999959133482E-1
   -5.357886823816E0  -9.999958857078E-1
   -5.352368763236E0  -9.999958578660E-1
   -5.346850702655E0  -9.999958298214E-1
   -5.341332642074E0  -9.999958015722E-1
   -5.335814581494E0  -9.999957731170E-1
   -5.330296520913E0  -9.999957444540E-1
   -5.324778460332E0  -9.999957155817E-1
   -5.319260399752E0  -9.999956864984E-1
   -5.313742339171E0  -9.999956572024E-1
   -5.308224278590E0  -9.999956276920E-1
   -5.302706218010E0  -9.999955979657E-1
   -5.297188157429E0  -9.999955680216E-1
   -5.291670096848E0  -9.999955378581E-1
   -5.286152036268E0  -9.999955074733E-1
   -5.280633975687E0  -9.999954768657E-1
   -5.275115915106E0  -9.999954460334E-1
   -5.269597854526E0  -9.999954149746E-1
   -5.264079793945E0  -9.999953836875E-1
   -5.258561733364E0  -9.999953521704E-1
   -5.253043672784E0  -9.999953204214E-1
   -5.247525612203E0  -9.999952884387E-1
   -5.242007551622E0  -9.999952562204E-1
   -5.236489491042E0  -9.999952237646E-1
   -5.230971430461E0  -9.999951910695E-1
   -5.225453369880E0  -9.999951581332E-1
   -5.219935309300E0  -9.999951249537E-1
   -5.214417248719E0  -9.999950915292E-1
   -5.208899188138E0  -9.999950578576E-1
   -5.203381127558E0  -9.999950239370E-1
   -5.197863066977E0  -9.999949897654E-1
   -5.192345006397E0  -9.999949553408E-1
   -5.186826945816E0  -9.999949206612E-1
   -5.181308885235E0  -9.999948857246E-1
   -5.175790824655E0  -9.999948505288E-1
   -5.170272764074E0  -9.999948150719E-1
   -5.164754703493E0  -9.999947793518E-1
   -5.159236642913E0  -9.999947433662E-1
   -5.153718582332E0  -9.999947071132E-1
   -5.148200521751E0  -9.999946705905E-1
   -5.142682461171E0  -9.999946337961E-1
   -5.137164400590E0  -9.999945967277E-1
   -5.131646340009E0  -9.999945593830E-1
   -5.126128279429E0  -9.999945217600E-1
   -5.120610218848E0  -9.999944838564E-1
   -5.115092158267E0  -9.999944456698E-1
   -5.109574097687E0  -9.999944071981E-1
   -5.104056037106E0  -9.999943684390E-1
   -5.098537976525E0  -9.999943293900E-1
   -5.093019915945E0  -9.999942900489E-1
   -5.087501855364E0  -9.999942504134E-1
   -5.081983794783E0  -9.999942104810E-1
   -5.076465734203E0  -9.999941702494E-1
   -5.070947673622E0  -9.999941297161E-1
   -5.065429613041E0  -9.999940888786E-1
   -5.059911552461E0  -9.999940477346E-1
   -5.054393491880E0  -9.999940062816E-1
   -5.048875431299E0  -9.999939645170E-1
   -5.043357370719E0  -9.999939224383E-1
   -5.037839310138E0  -9.999938800430E-1
   -5.032321249558E0  -9.999938373285E-1
   -5.026803188977E0  -9.999937942922E-1
   -5.021285128396E0  -9.999937509314E-1
   -5.015767067816E0  -9.999937072436E-1
   -5.010249007235E0  -9.999936632262E-1
   -5.004730946654E0  -9.999936188763E-1
   -4.999212886074E0  -9.999935741913E-1
   -4.993694825493E0  -9.999935291684E-1
   -4.988176764912E0  -9.999934838050E-1
   -4.982658704332E0  -9.999934380982E-1
   -4.977140643751E0  -9.999933920452E-1
   -4.971622583170E0  -9.999933456432E-1
   -4.966104522590E0  -9.999932988893E-1
   -4.960586462009E0  -9.999932517807E-1
   -4.955068401428E0  -9.999932043144E-1
   -4.949550340848E0  -9.999931564876E-1
   -4.944032280267E0  -9.999931082972E-1
   -4.938514219686E0  -9.999930597403E-1
   -4.932996159106E0  -9.999930108138E-1
   -4.927478098525E0  -9.999929615148E-1
   -4.921960037944E0  -9.999929118401E-1
   -4.916441977364E0  -9.999928617867E-1
   -4.910923916783E0  -9.999928113514E-1
   -4.905405856202E0  -9.999927605312E-1
   -4.899887795622E0  -9.999927093228E-1
   -4.894369735041E0  -9.999926577230E-1
   -4.888851674460E0  -9.999926057286E-1
   -4.883333613880E0  -9.999925533364E-1
   -4.877815553299E0  -9.999925005430E-1
   -4.872297492719E0  -9.999924473452E-1
   -4.866779432138E0  -9.999923937395E-1
   -4.861261371557E0  -9.999923397227E-1
   -4.855743310977E0  -9.999922852913E-1
   -4.850225250396E0  -9.999922304418E-1
   -4.844707189815E0  -9.999921751708E-1
   -4.839189129235E0  -9.999921194748E-1
   -4.833671068654E0  -9.999920633503E-1
   -4.828153008073E0  -9.999920067937E-1
   -4.822634947493E0  -9.999919498014E-1
   -4.817116886912E0  -9.999918923698E-1
   -4.811598826331E0  -9.999918344952E-1
   -4.806080765751E0  -9.999917761739E-1
   -4.800562705170E0  -9.999917174022E-1
   -4.795044644589E0  -9.999916581764E-1
   -4.789526584009E0  -9.999915984926E-1
   -4.784008523428E0  -9.999915383470E-1
   -4.778490462847E0  -9.999914777358E-1
   -4.772972402267E0  -9.999914166551E-1
   -4.767454341686E0  -9.999913551009E-1
   -4.761936281105E0  -9.999912930692E-1
   -4.756418220525E0  -9.999912305561E-1
   -4.750900159944E0  -9.999911675575E-1
   -4.745382099363E0  -9.999911040694E-1
   -4.739864038783E0  -9.999910400876E-1
   -4.734345978202E0  -9.999909756080E-1
   -4.728827917621E0  -9.999909106263E-1
   -4.723309857041E0  -9.999908451384E-1
   -4.717791796460E0  -9.999907791400E-1
   -4.712273735880E0  -9.999907126268E-1
   -4.706755675299E0  -9.999906455945E-1
   -4.701237614718E0  -9.999905780386E-1
   -4.695719554138E0  -9.999905099547E-1
   -4.690201493557E0  -9.999904413385E-1
   -4.684683432976E0  -9.999903721853E-1
   -4.679165372396E0  -9.999903024906E-1
   -4.673647311815E0  -9.999902322498E-1
   -4.668129251234E0  -9.999901614584E-1
   -4.662611190654E0  -9.999900901116E-1
   -4.657093130073E0  -9.999900182048E-1
   -4.651575069492E0  -9.999899457331E-1
   -4.646057008912E0  -9.999898726918E-1
   -4.640538948331E0  -9.999897990760E-1
   -4.635020887750E0  -9.999897248808E-1
   -4.629502827170E0  -9.999896501013E-1
   -4.623984766589E0  -9.999895747326E-1
   -4.618466706008E0  -9.999894987695E-1
   -4.612948645428E0  -9.999894222071E-1
   -4.607430584847E0  -9.999893450401E-1
   -4.601912524266E0  -9.999892672635E-1
   -4.596394463686E0  -9.999891888720E-1
   -4.590876403105E0  -9.999891098603E-1
   -4.585358342524E0  -9.999890302232E-1
   -4.579840281944E0  -9.999889499553E-1
   -4.574322221363E0  -9.999888690511E-1
   -4.568804160782E0  -9.999887875053E-1
   -4.563286100202E0  -9.999887053123E-1
   -4.557768039621E0  -9.999886224664E-1
   -4.552249979041E0  -9.999885389623E-1
   -4.546731918460E0  -9.999884547940E-1
   -4.541213857879E0  -9.999883699560E-1
   -4.535695797299E0  -9.999882844425E-1
   -4.530177736718E0  -9.999881982476E-1
   -4.524659676137E0  -9.999881113654E-1
   -4.519141615557E0  -9.999880237901E-1
   -4.513623554976E0  -9.999879355156E-1
   -4.508105494395E0  -9.999878465359E-1
   -4.502587433815E0  -9.999877568449E-1
   -4.497069373234E0  -9.999876664363E-1
   -4.491551312653E0  -9.999875753041E-1
   -4.486033252073E0  -9.999874834419E-1
   -4.480515191492E0  -9.999873908434E-1
   -4.474997130911E0  -9.999872975021E-1
   -4.469479070331E0  -9.999872034117E-1
   -4.463961009750E0  -9.999871085656E-1
   -4.458442949169E0  -9.999870129572E-1
   -4.452924888589E0  -9.999869165800E-1
   -4.447406828008E0  -9.999868194271E-1
   -4.441888767427E0  -9.999867214919E-1
   -4.436370706847E0  -9.999866227674E-1
   -4.430852646266E0  -9.999865232469E-1
   -4.425334585685E0  -9.999864229232E-1
   -4.419816525105E0  -9.999863217896E-1
   -4.414298464524E0  -9.999862198387E-1
   -4.408780403943E0  -9.999861170635E-1
   -4.403262343363E0  -9.999860134567E-1
   -4.397744282782E0  -9.999859090111E-1
   -4.392226222202E0  -9.999858037192E-1
   -4.386708161621E0  -9.999856975737E-1
   -4.381190101040E0  -9.999855905670E-1
   -4.375672040460E0  -9.999854826916E-1
   -4.370153979879E0  -9.999853739398E-1
   -4.364635919298E0  -9.999852643038E-1
   -4.359117858718E0  -9.999851537760E-1
   -4.353599798137E0  -9.999850423483E-1
   -4.348081737556E0  -9.999849300129E-1
   -4.342563676976E0  -9.999848167618E-1
   -4.337045616395E0  -9.999847025868E-1
   -4.331527555814E0  -9.999845874797E-1
   -4.326009495234E0  -9.999844714324E-1
   -4.320491434653E0  -9.999843544364E-1
   -4.314973374072E0  -9.999842364834E-1
   -4.309455313492E0  -9.999841175649E-1
   -4.303937252911E0  -9.999839976722E-1
   -4.298419192330E0  -9.999838767968E-1
   -4.292901131750E0  -9.999837549298E-1
   -4.287383071169E0  -9.999836320625E-1
   -4.281865010588E0  -9.999835081859E-1
   -4.276346950008E0  -9.999833832911E-1
   -4.270828889427E0  -9.999832573689E-1
   -4.265310828846E0  -9.999831304102E-1
   -4.259792768266E0  -9.999830024057E-1
   -4.254274707685E0  -9.999828733460E-1
   -4.248756647104E0  -9.999827432218E-1
   -4.243238586524E0  -9.999826120234E-1
   -4.237720525943E0  -9.999824797412E-1
   -4.232202465363E0  -9.999823463656E-1
   -4.226684404782E0  -9.999822118867E-1
   -4.221166344201E0  -9.999820762946E-1
   -4.215648283621E0  -9.999819395793E-1
   -4.210130223040E0  -9.999818017306E-1
   -4.204612162459E0  -9.999816627384E-1
   -4.199094101879E0  -9.999815225924E-1
   -4.193576041298E0  -9.999813812821E-1
   -4.188057980717E0  -9.999812387971E-1
   -4.182539920137E0  -9.999810951267E-1
   -4.177021859556E0  -9.999809502603E-1
   -4.171503798975E0  -9.999808041869E-1
   -4.165985738395E0  -9.999806568957E-1
   -4.160467677814E0  -9.999805083757E-1
   -4.154949617233E0  -9.999803586156E-1
   -4.149431556653E0  -9.999802076043E-1
   -4.143913496072E0  -9.999800553304E-1
   -4.138395435491E0  -9.999799017824E-1
   -4.132877374911E0  -9.999797469487E-1
   -4.127359314330E0  -9.999795908176E-1
   -4.121841253749E0  -9.999794333773E-1
   -4.116323193169E0  -9.999792746158E-1
   -4.110805132588E0  -9.999791145212E-1
   -4.105287072007E0  -9.999789530812E-1
   -4.099769011427E0  -9.999787902835E-1
   -4.094250950846E0  -9.999786261158E-1
   -4.088732890265E0  -9.999784605654E-1
   -4.083214829685E0  -9.999782936198E-1
   -4.077696769104E0  -9.999781252660E-1
   -4.072178708524E0  -9.999779554913E-1
   -4.066660647943E0  -9.999777842825E-1
   -4.061142587362E0  -9.999776116266E-1
   -4.055624526782E0  -9.999774375101E-1
   -4.050106466201E0  -9.999772619196E-1
   -4.044588405620E0  -9.999770848416E-1
   -4.039070345040E0  -9.999769062623E-1
   -4.033552284459E0  -9.999767261680E-1
   -4.028034223878E0  -9.999765445445E-1
   -4.022516163298E0  -9.999763613778E-1
   -4.016998102717E0  -9.999761766536E-1
   -4.011480042136E0  -9.999759903576E-1
   -4.005961981556E0  -9.999758024750E-1
   -4.000443920975E0  -9.999756129913E-1
   -3.994925860394E0  -9.999754218916E-1
   -3.989407799814E0  -9.999752291608E-1
   -3.983889739233E0  -9.999750347839E-1
   -3.978371678652E0  -9.999748387455E-1
   -3.972853618072E0  -9.999746410301E-1
   -3.967335557491E0  -9.999744416221E-1
   -3.961817496910E0  -9.999742405058E-1
   -3.956299436330E0  -9.999740376652E-1
   -3.950781375749E0  -9.999738330842E-1
   -3.945263315168E0  -9.999736267466E-1
   -3.939745254588E0  -9.999734186359E-1
   -3.934227194007E0  -9.999732087355E-1
   -3.928709133426E0  -9.999729970286E-1
   -3.923191072846E0  -9.999727834984E-1
   -3.917673012265E0  -9.999725681277E-1
   -3.912154951685E0  -9.999723508993E-1
   -3.906636891104E0  -9.999721317956E-1
   -3.901118830523E0  -9.999719107990E-1
   -3.895600769943E0  -9.999716878917E-1
   -3.890082709362E0  -9.999714630558E-1
   -3.884564648781E0  -9.999712362730E-1
   -3.879046588201E0  -9.999710075249E-1
   -3.873528527620E0  -9.999707767930E-1
   -3.868010467039E0  -9.999705440586E-1
   -3.862492406459E0  -9.999703093026E-1
   -3.856974345878E0  -9.999700725060E-1
   -3.851456285297E0  -9.999698336494E-1
   -3.845938224717E0  -9.999695927133E-1
   -3.840420164136E0  -9.999693496779E-1
   -3.834902103555E0  -9.999691045234E-1
   -3.829384042975E0  -9.999688572294E-1
   -3.823865982394E0  -9.999686077757E-1
   -3.818347921813E0  -9.999683561418E-1
   -3.812829861233E0  -9.999681023068E-1
   -3.807311800652E0  -9.999678462497E-1
   -3.801793740071E0  -9.999675879493E-1
   -3.796275679491E0  -9.999673273842E-1
   -3.790757618910E0  -9.999670645327E-1
   -3.785239558329E0  -9.999667993729E-1
   -3.779721497749E0  -9.999665318827E-1
   -3.774203437168E0  -9.999662620398E-1
   -3.768685376587E0  -9.999659898216E-1
   -3.763167316007E0  -9.999657152052E-1
   -3.757649255426E0  -9.999654381676E-1
   -3.752131194846E0  -9.999651586856E-1
   -3.746613134265E0  -9.999648767355E-1
   -3.741095073684E0  -9.999645922936E-1
   -3.735577013104E0  -9.999643053359E-1
   -3.730058952523E0  -9.999640158380E-1
   -3.724540891942E0  -9.999637237754E-1
   -3.719022831362E0  -9.999634291233E-1
   -3.713504770781E0  -9.999631318567E-1
   -3.707986710200E0  -9.999628319501E-1
   -3.702468649620E0  -9.999625293781E-1
   -3.696950589039E0  -9.999622241147E-1
   -3.691432528458E0  -9.999619161337E-1
   -3.685914467878E0  -9.999616054089E-1
   -3.680396407297E0  -9.999612919134E-1
   -3.674878346716E0  -9.999609756202E-1
   -3.669360286136E0  -9.999606565022E-1
   -3.663842225555E0  -9.999603345317E-1
   -3.658324164974E0  -9.999600096809E-1
   -3.652806104394E0  -9.999596819216E-1
   -3.647288043813E0  -9.999593512255E-1
   -3.641769983232E0  -9.999590175636E-1
   -3.636251922652E0  -9.999586809070E-1
   -3.630733862071E0  -9.999583412263E-1
   -3.625215801490E0  -9.999579984918E-1
   -3.619697740910E0  -9.999576526734E-1
   -3.614179680329E0  -9.999573037410E-1
   -3.608661619748E0  -9.999569516637E-1
   -3.603143559168E0  -9.999565964106E-1
   -3.597625498587E0  -9.999562379505E-1
   -3.592107438007E0  -9.999558762516E-1
   -3.586589377426E0  -9.999555112819E-1
   -3.581071316845E0  -9.999551430092E-1
   -3.575553256265E0  -9.999547714006E-1
   -3.570035195684E0  -9.999543964233E-1
   -3.564517135103E0  -9.999540180437E-1
   -3.558999074523E0  -9.999536362281E-1
   -3.553481013942E0  -9.999532509423E-1
   -3.547962953361E0  -9.999528621520E-1
   -3.542444892781E0  -9.999524698221E-1
   -3.536926832200E0  -9.999520739175E-1
   -3.531408771619E0  -9.999516744025E-1
   -3.525890711039E0  -9.999512712411E-1
   -3.520372650458E0  -9.999508643968E-1
   -3.514854589877E0  -9.999504538329E-1
   -3.509336529297E0  -9.999500395121E-1
   -3.503818468716E0  -9.999496213968E-1
   -3.498300408135E0  -9.999491994489E-1
   -3.492782347555E0  -9.999487736300E-1
   -3.487264286974E0  -9.999483439013E-1
   -3.481746226393E0  -9.999479102234E-1
   -3.476228165813E0  -9.999474725565E-1
   -3.470710105232E0  -9.999470308606E-1
   -3.465192044651E0  -9.999465850950E-1
   -3.459673984071E0  -9.999461352186E-1
   -3.454155923490E0  -9.999456811899E-1
   -3.448637862909E0  -9.999452229669E-1
   -3.443119802329E0  -9.999447605072E-1
   -3.437601741748E0  -9.999442937680E-1
   -3.432083681168E0  -9.999438227057E-1
   -3.426565620587E0  -9.999433472765E-1
   -3.421047560006E0  -9.999428674362E-1
   -3.415529499426E0  -9.999423831397E-1
   -3.410011438845E0  -9.999418943419E-1
   -3.404493378264E0  -9.999414009967E-1
   -3.398975317684E0  -9.999409030580E-1
   -3.393457257103E0  -9.999404004788E-1
   -3.387939196522E0  -9.999398932116E-1
   -3.382421135942E0  -9.999393812086E-1
   -3.376903075361E0  -9.999388644213E-1
   -3.371385014780E0  -9.999383428006E-1
   -3.365866954200E0  -9.999378162971E-1
   -3.360348893619E0  -9.999372848606E-1
   -3.354830833038E0  -9.999367484404E-1
   -3.349312772458E0  -9.999362069852E-1
   -3.343794711877E0  -9.999356604433E-1
   -3.338276651296E0  -9.999351087622E-1
   -3.332758590716E0  -9.999345518888E-1
   -3.327240530135E0  -9.999339897697E-1
   -3.321722469554E0  -9.999334223506E-1
   -3.316204408974E0  -9.999328495766E-1
   -3.310686348393E0  -9.999322713924E-1
   -3.305168287812E0  -9.999316877418E-1
   -3.299650227232E0  -9.999310985681E-1
   -3.294132166651E0  -9.999305038140E-1
   -3.288614106070E0  -9.999299034215E-1
   -3.283096045490E0  -9.999292973318E-1
   -3.277577984909E0  -9.999286854857E-1
   -3.272059924329E0  -9.999280678231E-1
   -3.266541863748E0  -9.999274442833E-1
   -3.261023803167E0  -9.999268148050E-1
   -3.255505742587E0  -9.999261793260E-1
   -3.249987682006E0  -9.999255377834E-1
   -3.244469621425E0  -9.999248901139E-1
   -3.238951560845E0  -9.999242362531E-1
   -3.233433500264E0  -9.999235761359E-1
   -3.227915439683E0  -9.999229096967E-1
   -3.222397379103E0  -9.999222368689E-1
   -3.216879318522E0  -9.999215575853E-1
   -3.211361257941E0  -9.999208717778E-1
   -3.205843197361E0  -9.999201793775E-1
   -3.200325136780E0  -9.999194803148E-1
   -3.194807076199E0  -9.999187745193E-1
   -3.189289015619E0  -9.999180619197E-1
   -3.183770955038E0  -9.999173424438E-1
   -3.178252894457E0  -9.999166160189E-1
   -3.172734833877E0  -9.999158825710E-1
   -3.167216773296E0  -9.999151420255E-1
   -3.161698712715E0  -9.999143943070E-1
   -3.156180652135E0  -9.999136393390E-1
   -3.150662591554E0  -9.999128770442E-1
   -3.145144530973E0  -9.999121073445E-1
   -3.139626470393E0  -9.999113301608E-1
   -3.134108409812E0  -9.999105454129E-1
   -3.128590349231E0  -9.999097530199E-1
   -3.123072288651E0  -9.999089528999E-1
   -3.117554228070E0  -9.999081449700E-1
   -3.112036167490E0  -9.999073291464E-1
   -3.106518106909E0  -9.999065053441E-1
   -3.101000046328E0  -9.999056734773E-1
   -3.095481985748E0  -9.999048334590E-1
   -3.089963925167E0  -9.999039852015E-1
   -3.084445864586E0  -9.999031286158E-1
   -3.078927804006E0  -9.999022636118E-1
   -3.073409743425E0  -9.999013900984E-1
   -3.067891682844E0  -9.999005079836E-1
   -3.062373622264E0  -9.998996171740E-1
   -3.056855561683E0  -9.998987175754E-1
   -3.051337501102E0  -9.998978090921E-1
   -3.045819440522E0  -9.998968916275E-1
   -3.040301379941E0  -9.998959650840E-1
   -3.034783319360E0  -9.998950293624E-1
   -3.029265258780E0  -9.998940843627E-1
   -3.023747198199E0  -9.998931299836E-1
   -3.018229137618E0  -9.998921661223E-1
   -3.012711077038E0  -9.998911926752E-1
   -3.007193016457E0  -9.998902095372E-1
   -3.001674955876E0  -9.998892166019E-1
   -2.996156895296E0  -9.998882137618E-1
   -2.990638834715E0  -9.998872009080E-1
   -2.985120774134E0  -9.998861779302E-1
   -2.979602713554E0  -9.998851447169E-1
   -2.974084652973E0  -9.998841011551E-1
   -2.968566592392E0  -9.998830471307E-1
   -2.963048531812E0  -9.998819825279E-1
   -2.957530471231E0  -9.998809072296E-1
   -2.952012410651E0  -9.998798211173E-1
   -2.946494350070E0  -9.998787240711E-1
   -2.940976289489E0  -9.998776159696E-1
   -2.935458228909E0  -9.998764966899E-1
   -2.929940168328E0  -9.998753661075E-1
   -2.924422107747E0  -9.998742240966E-1
   -2.918904047167E0  -9.998730705296E-1
   -2.913385986586E0  -9.998719052775E-1
   -2.907867926005E0  -9.998707282097E-1
   -2.902349865425E0  -9.998695391939E-1
   -2.896831804844E0  -9.998683380962E-1
   -2.891313744263E0  -9.998671247812E-1
   -2.885795683683E0  -9.998658991116E-1
   -2.880277623102E0  -9.998646609486E-1
   -2.874759562521E0  -9.998634101515E-1
   -2.869241501941E0  -9.998621465779E-1
   -2.863723441360E0  -9.998608700837E-1
   -2.858205380779E0  -9.998595805229E-1
   -2.852687320199E0  -9.998582777480E-1
   -2.847169259618E0  -9.998569616091E-1
   -2.841651199037E0  -9.998556319549E-1
   -2.836133138457E0  -9.998542886321E-1
   -2.830615077876E0  -9.998529314853E-1
   -2.825097017295E0  -9.998515603574E-1
   -2.819578956715E0  -9.998501750891E-1
   -2.814060896134E0  -9.998487755193E-1
   -2.808542835553E0  -9.998473614848E-1
   -2.803024774973E0  -9.998459328202E-1
   -2.797506714392E0  -9.998444893583E-1
   -2.791988653812E0  -9.998430309295E-1
   -2.786470593231E0  -9.998415573622E-1
   -2.780952532650E0  -9.998400684827E-1
   -2.775434472070E0  -9.998385641150E-1
   -2.769916411489E0  -9.998370440808E-1
   -2.764398350908E0  -9.998355081997E-1
   -2.758880290328E0  -9.998339562888E-1
   -2.753362229747E0  -9.998323881631E-1
   -2.747844169166E0  -9.998308036351E-1
   -2.742326108586E0  -9.998292025149E-1
   -2.736808048005E0  -9.998275846103E-1
   -2.731289987424E0  -9.998259497264E-1
   -2.725771926844E0  -9.998242976660E-1
   -2.720253866263E0  -9.998226282293E-1
   -2.714735805682E0  -9.998209412140E-1
   -2.709217745102E0  -9.998192364151E-1
   -2.703699684521E0  -9.998175136250E-1
   -2.698181623940E0  -9.998157726335E-1
   -2.692663563360E0  -9.998140132274E-1
   -2.687145502779E0  -9.998122351911E-1
   -2.681627442198E0  -9.998104383060E-1
   -2.676109381618E0  -9.998086223507E-1
   -2.670591321037E0  -9.998067871009E-1
   -2.665073260456E0  -9.998049323296E-1
   -2.659555199876E0  -9.998030578064E-1
   -2.654037139295E0  -9.998011632984E-1
   -2.648519078714E0  -9.997992485692E-1
   -2.643001018134E0  -9.997973133796E-1
   -2.637482957553E0  -9.997953574873E-1
   -2.631964896973E0  -9.997933806466E-1
   -2.626446836392E0  -9.997913826087E-1
   -2.620928775811E0  -9.997893631215E-1
   -2.615410715231E0  -9.997873219296E-1
   -2.609892654650E0  -9.997852587742E-1
   -2.604374594069E0  -9.997831733933E-1
   -2.598856533489E0  -9.997810655210E-1
   -2.593338472908E0  -9.997789348882E-1
   -2.587820412327E0  -9.997767812222E-1
   -2.582302351747E0  -9.997746042466E-1
   -2.576784291166E0  -9.997724036815E-1
   -2.571266230585E0  -9.997701792429E-1
   -2.565748170005E0  -9.997679306435E-1
   -2.560230109424E0  -9.997656575917E-1
   -2.554712048843E0  -9.997633597924E-1
   -2.549193988263E0  -9.997610369462E-1
   -2.543675927682E0  -9.997586887501E-1
   -2.538157867101E0  -9.997563148965E-1
   -2.532639806521E0  -9.997539150742E-1
   -2.527121745940E0  -9.997514889674E-1
   -2.521603685359E0  -9.997490362563E-1
   -2.516085624779E0  -9.997465566167E-1
   -2.510567564198E0  -9.997440497199E-1
   -2.505049503617E0  -9.997415152330E-1
   -2.499531443037E0  -9.997389528184E-1
   -2.494013382456E0  -9.997363621340E-1
   -2.488495321875E0  -9.997337428329E-1
   -2.482977261295E0  -9.997310945637E-1
   -2.477459200714E0  -9.997284169701E-1
   -2.471941140134E0  -9.997257096909E-1
   -2.466423079553E0  -9.997229723600E-1
   -2.460905018972E0  -9.997202046063E-1
   -2.455386958392E0  -9.997174060537E-1
   -2.449868897811E0  -9.997145763206E-1
   -2.444350837230E0  -9.997117150206E-1
   -2.438832776650E0  -9.997088217616E-1
   -2.433314716069E0  -9.997058961464E-1
   -2.427796655488E0  -9.997029377721E-1
   -2.422278594908E0  -9.996999462303E-1
   -2.416760534327E0  -9.996969211069E-1
   -2.411242473746E0  -9.996938619822E-1
   -2.405724413166E0  -9.996907684305E-1
   -2.400206352585E0  -9.996876400202E-1
   -2.394688292004E0  -9.996844763138E-1
   -2.389170231424E0  -9.996812768676E-1
   -2.383652170843E0  -9.996780412317E-1
   -2.378134110262E0  -9.996747689498E-1
   -2.372616049682E0  -9.996714595596E-1
   -2.367097989101E0  -9.996681125918E-1
   -2.361579928520E0  -9.996647275708E-1
   -2.356061867940E0  -9.996613040143E-1
   -2.350543807359E0  -9.996578414330E-1
   -2.345025746778E0  -9.996543393309E-1
   -2.339507686198E0  -9.996507972049E-1
   -2.333989625617E0  -9.996472145448E-1
   -2.328471565036E0  -9.996435908331E-1
   -2.322953504456E0  -9.996399255450E-1
   -2.317435443875E0  -9.996362181482E-1
   -2.311917383295E0  -9.996324681028E-1
   -2.306399322714E0  -9.996286748612E-1
   -2.300881262133E0  -9.996248378680E-1
   -2.295363201553E0  -9.996209565599E-1
   -2.289845140972E0  -9.996170303654E-1
   -2.284327080391E0  -9.996130587048E-1
   -2.278809019811E0  -9.996090409901E-1
   -2.273290959230E0  -9.996049766248E-1
   -2.267772898649E0  -9.996008650039E-1
   -2.262254838069E0  -9.995967055135E-1
   -2.256736777488E0  -9.995924975309E-1
   -2.251218716907E0  -9.995882404243E-1
   -2.245700656327E0  -9.995839335527E-1
   -2.240182595746E0  -9.995795762660E-1
   -2.234664535165E0  -9.995751679043E-1
   -2.229146474585E0  -9.995707077983E-1
   -2.223628414004E0  -9.995661952689E-1
   -2.218110353423E0  -9.995616296269E-1
   -2.212592292843E0  -9.995570101731E-1
   -2.207074232262E0  -9.995523361980E-1
   -2.201556171681E0  -9.995476069817E-1
   -2.196038111101E0  -9.995428217937E-1
   -2.190520050520E0  -9.995379798926E-1
   -2.185001989939E0  -9.995330805262E-1
   -2.179483929359E0  -9.995281229310E-1
   -2.173965868778E0  -9.995231063323E-1
   -2.168447808197E0  -9.995180299437E-1
   -2.162929747617E0  -9.995128929674E-1
   -2.157411687036E0  -9.995076945934E-1
   -2.151893626456E0  -9.995024339997E-1
   -2.146375565875E0  -9.994971103522E-1
   -2.140857505294E0  -9.994917228039E-1
   -2.135339444714E0  -9.994862704955E-1
   -2.129821384133E0  -9.994807525546E-1
   -2.124303323552E0  -9.994751680955E-1
   -2.118785262972E0  -9.994695162194E-1
   -2.113267202391E0  -9.994637960138E-1
   -2.107749141810E0  -9.994580065523E-1
   -2.102231081230E0  -9.994521468947E-1
   -2.096713020649E0  -9.994462160862E-1
   -2.091194960068E0  -9.994402131578E-1
   -2.085676899488E0  -9.994341371254E-1
   -2.080158838907E0  -9.994279869901E-1
   -2.074640778326E0  -9.994217617377E-1
   -2.069122717746E0  -9.994154603383E-1
   -2.063604657165E0  -9.994090817464E-1
   -2.058086596584E0  -9.994026249003E-1
   -2.052568536004E0  -9.993960887220E-1
   -2.047050475423E0  -9.993894721168E-1
   -2.041532414842E0  -9.993827739731E-1
   -2.036014354262E0  -9.993759931622E-1
   -2.030496293681E0  -9.993691285377E-1
   -2.024978233100E0  -9.993621789355E-1
   -2.019460172520E0  -9.993551431734E-1
   -2.013942111939E0  -9.993480200507E-1
   -2.008424051358E0  -9.993408083478E-1
   -2.002905990778E0  -9.993335068265E-1
   -1.997387930197E0  -9.993261142286E-1
   -1.991869869617E0  -9.993186292764E-1
   -1.986351809036E0  -9.993110506722E-1
   -1.980833748455E0  -9.993033770977E-1
   -1.975315687875E0  -9.992956072136E-1
   -1.969797627294E0  -9.992877396599E-1
   -1.964279566713E0  -9.992797730546E-1
   -1.958761506133E0  -9.992717059938E-1
   -1.953243445552E0  -9.992635370516E-1
   -1.947725384971E0  -9.992552647789E-1
   -1.942207324391E0  -9.992468877038E-1
   -1.936689263810E0  -9.992384043306E-1
   -1.931171203229E0  -9.992298131399E-1
   -1.925653142649E0  -9.992211125878E-1
   -1.920135082068E0  -9.992123011053E-1
   -1.914617021487E0  -9.992033770984E-1
   -1.909098960907E0  -9.991943389473E-1
   -1.903580900326E0  -9.991851850059E-1
   -1.898062839745E0  -9.991759136016E-1
   -1.892544779165E0  -9.991665230343E-1
   -1.887026718584E0  -9.991570115765E-1
   -1.881508658003E0  -9.991473774725E-1
   -1.875990597423E0  -9.991376189377E-1
   -1.870472536842E0  -9.991277341586E-1
   -1.864954476261E0  -9.991177212918E-1
   -1.859436415681E0  -9.991075784635E-1
   -1.853918355100E0  -9.990973037692E-1
   -1.848400294519E0  -9.990868952730E-1
   -1.842882233939E0  -9.990763510068E-1
   -1.837364173358E0  -9.990656689700E-1
   -1.831846112778E0  -9.990548471290E-1
   -1.826328052197E0  -9.990438834161E-1
   -1.820809991616E0  -9.990327757292E-1
   -1.815291931036E0  -9.990215219312E-1
   -1.809773870455E0  -9.990101198491E-1
   -1.804255809874E0  -9.989985672738E-1
   -1.798737749294E0  -9.989868619586E-1
   -1.793219688713E0  -9.989750016193E-1
   -1.787701628132E0  -9.989629839332E-1
   -1.782183567552E0  -9.989508065383E-1
   -1.776665506971E0  -9.989384670324E-1
   -1.771147446390E0  -9.989259629728E-1
   -1.765629385810E0  -9.989132918752E-1
   -1.760111325229E0  -9.989004512128E-1
   -1.754593264648E0  -9.988874384158E-1
   -1.749075204068E0  -9.988742508705E-1
   -1.743557143487E0  -9.988608859182E-1
   -1.738039082906E0  -9.988473408547E-1
   -1.732521022326E0  -9.988336129291E-1
   -1.727002961745E0  -9.988196993431E-1
   -1.721484901164E0  -9.988055972500E-1
   -1.715966840584E0  -9.987913037536E-1
   -1.710448780003E0  -9.987768159078E-1
   -1.704930719422E0  -9.987621307149E-1
   -1.699412658842E0  -9.987472451251E-1
   -1.693894598261E0  -9.987321560351E-1
   -1.688376537680E0  -9.987168602874E-1
   -1.682858477100E0  -9.987013546690E-1
   -1.677340416519E0  -9.986856359105E-1
   -1.671822355939E0  -9.986697006849E-1
   -1.666304295358E0  -9.986535456060E-1
   -1.660786234777E0  -9.986371672282E-1
   -1.655268174197E0  -9.986205620443E-1
   -1.649750113616E0  -9.986037264851E-1
   -1.644232053035E0  -9.985866569175E-1
   -1.638713992455E0  -9.985693496435E-1
   -1.633195931874E0  -9.985518008991E-1
   -1.627677871293E0  -9.985340068526E-1
   -1.622159810713E0  -9.985159636034E-1
   -1.616641750132E0  -9.984976671807E-1
   -1.611123689551E0  -9.984791135417E-1
   -1.605605628971E0  -9.984602985706E-1
   -1.600087568390E0  -9.984412180769E-1
   -1.594569507809E0  -9.984218677938E-1
   -1.589051447229E0  -9.984022433768E-1
   -1.583533386648E0  -9.983823404017E-1
   -1.578015326067E0  -9.983621543637E-1
   -1.572497265487E0  -9.983416806750E-1
   -1.566979204906E0  -9.983209146634E-1
   -1.561461144325E0  -9.982998515705E-1
   -1.555943083745E0  -9.982784865501E-1
   -1.550425023164E0  -9.982568146660E-1
   -1.544906962583E0  -9.982348308903E-1
   -1.539388902003E0  -9.982125301016E-1
   -1.533870841422E0  -9.981899070826E-1
   -1.528352780841E0  -9.981669565188E-1
   -1.522834720261E0  -9.981436729957E-1
   -1.517316659680E0  -9.981200509972E-1
   -1.511798599100E0  -9.980960849030E-1
   -1.506280538519E0  -9.980717689868E-1
   -1.500762477938E0  -9.980470974137E-1
   -1.495244417358E0  -9.980220642383E-1
   -1.489726356777E0  -9.979966634017E-1
   -1.484208296196E0  -9.979708887295E-1
   -1.478690235616E0  -9.979447339293E-1
   -1.473172175035E0  -9.979181925881E-1
   -1.467654114454E0  -9.978912581692E-1
   -1.462136053874E0  -9.978639240105E-1
   -1.456617993293E0  -9.978361833206E-1
   -1.451099932712E0  -9.978080291771E-1
   -1.445581872132E0  -9.977794545229E-1
   -1.440063811551E0  -9.977504521634E-1
   -1.434545750970E0  -9.977210147638E-1
   -1.429027690390E0  -9.976911348457E-1
   -1.423509629809E0  -9.976608047839E-1
   -1.417991569228E0  -9.976300168033E-1
   -1.412473508648E0  -9.975987629753E-1
   -1.406955448067E0  -9.975670352148E-1
   -1.401437387486E0  -9.975348252762E-1
   -1.395919326906E0  -9.975021247500E-1
   -1.390401266325E0  -9.974689250592E-1
   -1.384883205744E0  -9.974352174553E-1
   -1.379365145164E0  -9.974009930148E-1
   -1.373847084583E0  -9.973662426344E-1
   -1.368329024002E0  -9.973309570278E-1
   -1.362810963422E0  -9.972951267211E-1
   -1.357292902841E0  -9.972587420483E-1
   -1.351774842261E0  -9.972217931475E-1
   -1.346256781680E0  -9.971842699552E-1
   -1.340738721099E0  -9.971461622033E-1
   -1.335220660519E0  -9.971074594128E-1
   -1.329702599938E0  -9.970681508899E-1
   -1.324184539357E0  -9.970282257204E-1
   -1.318666478777E0  -9.969876727647E-1
   -1.313148418196E0  -9.969464806525E-1
   -1.307630357615E0  -9.969046377775E-1
   -1.302112297035E0  -9.968621322918E-1
   -1.296594236454E0  -9.968189520996E-1
   -1.291076175873E0  -9.967750848526E-1
   -1.285558115293E0  -9.967305179423E-1
   -1.280040054712E0  -9.966852384949E-1
   -1.274521994131E0  -9.966392333647E-1
   -1.269003933551E0  -9.965924891274E-1
   -1.263485872970E0  -9.965449920735E-1
   -1.257967812389E0  -9.964967282013E-1
   -1.252449751809E0  -9.964476832097E-1
   -1.246931691228E0  -9.963978424911E-1
   -1.241413630647E0  -9.963471911238E-1
   -1.235895570067E0  -9.962957138643E-1
   -1.230377509486E0  -9.962433951391E-1
   -1.224859448905E0  -9.961902190373E-1
   -1.219341388325E0  -9.961361693014E-1
   -1.213823327744E0  -9.960812293188E-1
   -1.208305267163E0  -9.960253821137E-1
   -1.202787206583E0  -9.959686103368E-1
   -1.197269146002E0  -9.959108962569E-1
   -1.191751085422E0  -9.958522217512E-1
   -1.186233024841E0  -9.957925682945E-1
   -1.180714964260E0  -9.957319169500E-1
   -1.175196903680E0  -9.956702483587E-1
   -1.169678843099E0  -9.956075427276E-1
   -1.164160782518E0  -9.955437798198E-1
   -1.158642721938E0  -9.954789389427E-1
   -1.153124661357E0  -9.954129989358E-1
   -1.147606600776E0  -9.953459381590E-1
   -1.142088540196E0  -9.952777344803E-1
   -1.136570479615E0  -9.952083652625E-1
   -1.131052419034E0  -9.951378073499E-1
   -1.125534358454E0  -9.950660370559E-1
   -1.120016297873E0  -9.949930301469E-1
   -1.114498237292E0  -9.949187618299E-1
   -1.108980176712E0  -9.948432067364E-1
   -1.103462116131E0  -9.947663389075E-1
   -1.097944055550E0  -9.946881317779E-1
   -1.092425994970E0  -9.946085581601E-1
   -1.086907934389E0  -9.945275902271E-1
   -1.081389873808E0  -9.944451994953E-1
   -1.075871813228E0  -9.943613568067E-1
   -1.070353752647E0  -9.942760323108E-1
   -1.064835692066E0  -9.941891954450E-1
   -1.059317631486E0  -9.941008149161E-1
   -1.053799570905E0  -9.940108586790E-1
   -1.048281510324E0  -9.939192939166E-1
   -1.042763449744E0  -9.938260870187E-1
   -1.037245389163E0  -9.937312035589E-1
   -1.031727328583E0  -9.936346082725E-1
   -1.026209268002E0  -9.935362650333E-1
   -1.020691207421E0  -9.934361368280E-1
   -1.015173146841E0  -9.933341857331E-1
   -1.009655086260E0  -9.932303728868E-1
   -1.004137025679E0  -9.931246584642E-1
  -9.986189650986E-1  -9.930170016482E-1
  -9.931009045179E-1  -9.929073606023E-1
  -9.875828439373E-1  -9.927956924402E-1
  -9.820647833566E-1  -9.926819531959E-1
  -9.765467227760E-1  -9.925660977924E-1
  -9.710286621953E-1  -9.924480800084E-1
  -9.655106016147E-1  -9.923278524461E-1
  -9.599925410340E-1  -9.922053664951E-1
  -9.544744804533E-1  -9.920805722979E-1
  -9.489564198727E-1  -9.919534187121E-1
  -9.434383592920E-1  -9.918238532721E-1
  -9.379202987114E-1  -9.916918221490E-1
  -9.324022381307E-1  -9.915572701116E-1
  -9.268841775501E-1  -9.914201404815E-1
  -9.213661169694E-1  -9.912803750909E-1
  -9.158480563888E-1  -9.911379142366E-1
  -9.103299958081E-1  -9.909926966332E-1
  -9.048119352275E-1  -9.908446593641E-1
  -8.992938746468E-1  -9.906937378322E-1
  -8.937758140661E-1  -9.905398657059E-1
  -8.882577534855E-1  -9.903829748676E-1
  -8.827396929048E-1  -9.902229953557E-1
  -8.772216323242E-1  -9.900598553082E-1
  -8.717035717435E-1  -9.898934809008E-1
  -8.661855111629E-1  -9.897237962868E-1
  -8.606674505822E-1  -9.895507235319E-1
  -8.551493900016E-1  -9.893741825469E-1
  -8.496313294209E-1  -9.891940910182E-1
  -8.441132688402E-1  -9.890103643382E-1
  -8.385952082596E-1  -9.888229155273E-1
  -8.330771476789E-1  -9.886316551594E-1
  -8.275590870983E-1  -9.884364912816E-1
  -8.220410265176E-1  -9.882373293277E-1
  -8.165229659370E-1  -9.880340720370E-1
  -8.110049053563E-1  -9.878266193603E-1
  -8.054868447757E-1  -9.876148683689E-1
  -7.999687841950E-1  -9.873987131573E-1
  -7.944507236143E-1  -9.871780447428E-1
  -7.889326630337E-1  -9.869527509620E-1
  -7.834146024530E-1  -9.867227163611E-1
  -7.778965418724E-1  -9.864878220824E-1
  -7.723784812917E-1  -9.862479457506E-1
  -7.668604207111E-1  -9.860029613478E-1
  -7.613423601304E-1  -9.857527390877E-1
  -7.558242995498E-1  -9.854971452837E-1
  -7.503062389691E-1  -9.852360422128E-1
  -7.447881783885E-1  -9.849692879714E-1
  -7.392701178078E-1  -9.846967363281E-1
  -7.337520572271E-1  -9.844182365677E-1
  -7.282339966465E-1  -9.841336333306E-1
  -7.227159360658E-1  -9.838427664475E-1
  -7.171978754852E-1  -9.835454707591E-1
  -7.116798149045E-1  -9.832415759394E-1
  -7.061617543239E-1  -9.829309063044E-1
  -7.006436937432E-1  -9.826132806121E-1
  -6.951256331626E-1  -9.822885118572E-1
  -6.896075725819E-1  -9.819564070581E-1
  -6.840895120012E-1  -9.816167670281E-1
  -6.785714514206E-1  -9.812693861453E-1
  -6.730533908399E-1  -9.809140521036E-1
  -6.675353302593E-1  -9.805505456610E-1
  -6.620172696786E-1  -9.801786403694E-1
  -6.564992090980E-1  -9.797981022986E-1
  -6.509811485173E-1  -9.794086897431E-1
  -6.454630879367E-1  -9.790101529167E-1
  -6.399450273560E-1  -9.786022336371E-1
  -6.344269667753E-1  -9.781846649894E-1
  -6.289089061947E-1  -9.777571709789E-1
  -6.233908456140E-1  -9.773194661676E-1
  -6.178727850334E-1  -9.768712552909E-1
  -6.123547244527E-1  -9.764122328551E-1
  -6.068366638721E-1  -9.759420827254E-1
  -6.013186032914E-1  -9.754604776792E-1
  -5.958005427108E-1  -9.749670789515E-1
  -5.902824821301E-1  -9.744615357509E-1
  -5.847644215495E-1  -9.739434847528E-1
  -5.792463609688E-1  -9.734125495686E-1
  -5.737283003881E-1  -9.728683401916E-1
  -5.682102398075E-1  -9.723104524062E-1
  -5.626921792268E-1  -9.717384671777E-1
  -5.571741186462E-1  -9.711519500081E-1
  -5.516560580655E-1  -9.705504502539E-1
  -5.461379974849E-1  -9.699335004137E-1
  -5.406199369042E-1  -9.693006153784E-1
  -5.351018763236E-1  -9.686512916420E-1
  -5.295838157429E-1  -9.679850064687E-1
  -5.240657551622E-1  -9.673012170204E-1
  -5.185476945816E-1  -9.665993594294E-1
  -5.130296340009E-1  -9.658788478331E-1
  -5.075115734203E-1  -9.651390733437E-1
  -5.019935128396E-1  -9.643794029687E-1
  -4.964754522590E-1  -9.635991784704E-1
  -4.909573916783E-1  -9.627977151617E-1
  -4.854393310977E-1  -9.619743006321E-1
  -4.799212705170E-1  -9.611281934012E-1
  -4.744032099363E-1  -9.602586215053E-1
  -4.688851493557E-1  -9.593647809798E-1
  -4.633670887750E-1  -9.584458342800E-1
  -4.578490281944E-1  -9.575009085898E-1
  -4.523309676137E-1  -9.565290940347E-1
  -4.468129070331E-1  -9.555294417907E-1
  -4.412948464524E-1  -9.545009620801E-1
  -4.357767858718E-1  -9.534426220311E-1
  -4.302587252911E-1  -9.523533434315E-1
  -4.247406647105E-1  -9.512320003113E-1
  -4.192226041298E-1  -9.500774163923E-1
  -4.137045435491E-1  -9.488883623766E-1
  -4.081864829685E-1  -9.476635530458E-1
  -4.026684223878E-1  -9.464016441880E-1
  -3.971503618072E-1  -9.451012293126E-1
  -3.916323012265E-1  -9.437608361466E-1
  -3.861142406459E-1  -9.423789229054E-1
  -3.805961800652E-1  -9.409538742982E-1
  -3.750781194846E-1  -9.394839972611E-1
  -3.695600589039E-1  -9.379675164089E-1
  -3.640419983232E-1  -9.364025691371E-1
  -3.585239377426E-1  -9.347872004133E-1
  -3.530058771619E-1  -9.331193571496E-1
  -3.474878165813E-1  -9.313968822063E-1
  -3.419697560006E-1  -9.296175079230E-1
  -3.364516954200E-1  -9.277788491771E-1
  -3.309336348393E-1  -9.258783959207E-1
  -3.254155742587E-1  -9.239135051289E-1
  -3.198975136780E-1  -9.218813921387E-1
  -3.143794530973E-1  -9.197791212817E-1
  -3.088613925167E-1  -9.176035957926E-1
  -3.033433319360E-1  -9.153515468733E-1
  -2.978252713554E-1  -9.130195218746E-1
  -2.923072107747E-1  -9.106038714636E-1
  -2.867891501941E-1  -9.081007357300E-1
  -2.812710896134E-1  -9.055060290623E-1
  -2.757530290328E-1  -9.028154237147E-1
  -2.702349684521E-1  -9.000243319036E-1
  -2.647169078714E-1  -8.971278862729E-1
  -2.591988472908E-1  -8.941209185558E-1
  -2.536807867101E-1  -8.909979362368E-1
  -2.481627261295E-1  -8.877530969713E-1
  -2.426446655488E-1  -8.843801805028E-1
  -2.371266049682E-1  -8.808725578189E-1
  -2.316085443875E-1  -8.772231571382E-1
  -2.260904838069E-1  -8.734244264018E-1
  -2.205724232262E-1  -8.694682917970E-1
  -2.150543626456E-1  -8.653461117981E-1
  -2.095363020649E-1  -8.610486261542E-1
  -2.040182414842E-1  -8.565658990916E-1
  -1.985001809036E-1  -8.518872559735E-1
  -1.929821203229E-1  -8.470012124547E-1
  -1.874640597423E-1  -8.418953950429E-1
  -1.819459991616E-1  -8.365564517732E-1
  -1.764279385810E-1  -8.309699514409E-1
  -1.709098780003E-1  -8.251202696041E-1
  -1.653918174197E-1  -8.189904591782E-1
  -1.598737568390E-1  -8.125621029408E-1
  -1.543556962583E-1  -8.058151449358E-1
  -1.488376356777E-1  -7.987276967557E-1
  -1.433195750970E-1  -7.912758142135E-1
  -1.378015145164E-1  -7.834332384699E-1
  -1.322834539357E-1  -7.751710945768E-1
  -1.267653933551E-1  -7.664575384462E-1
  -1.212473327744E-1  -7.572573410765E-1
  -1.157292721938E-1  -7.475313956525E-1
  -1.102112116131E-1  -7.372361292527E-1
  -1.046931510324E-1  -7.263227953791E-1
  -9.917509045179E-2  -7.147366161012E-1
  -9.365702987114E-2  -7.024157324240E-1
  -8.813896929048E-2  -6.892899071353E-1
  -8.262090870983E-2  -6.752789040026E-1
  -7.710284812917E-2  -6.602904373367E-1
  -7.158478754852E-2  -6.442175423172E-1
  -6.606672696786E-2  -6.269351495721E-1
  -6.054866638721E-2  -6.082955438951E-1
  -5.503060580655E-2  -5.881222215596E-1
  -4.951254522590E-2  -5.662013860030E-1
  -4.399448464524E-2  -5.422698514982E-1
  -3.847642406459E-2  -5.159972798674E-1
  -3.295836348393E-2  -4.869590823499E-1
  -2.744030290328E-2  -4.545931245159E-1
  -2.192224232262E-2  -4.181264805335E-1
  -1.640418174197E-2  -3.764422102578E-1
  -1.088612116131E-2  -3.278130407413E-1
  -5.368060580655E-3  -2.692960330865E-1
   1.499999999997E-4  -1.950757756994E-1
