#             e [au]            f [a.u.]
   -1.152000000000E1  -9.999999908259E-1
   -1.150846846847E1  -9.999999907373E-1
   -1.149693693694E1  -9.999999906478E-1
   -1.148540540541E1  -9.999999905574E-1
   -1.147387387387E1  -9.999999904661E-1
   -1.146234234234E1  -9.999999903738E-1
   -1.145081081081E1  -9.999999902806E-1
   -1.143927927928E1  -9.999999901864E-1
   -1.142774774775E1  -9.999999900913E-1
   -1.141621621622E1  -9.999999899952E-1
   -1.140468468468E1  -9.999999898982E-1
   -1.139315315315E1  -9.999999898001E-1
   -1.138162162162E1  -9.999999897010E-1
   -1.137009009009E1  -9.999999896009E-1
   -1.135855855856E1  -9.999999894998E-1
   -1.134702702703E1  -9.999999893977E-1
   -1.133549549550E1  -9.999999892945E-1
   -1.132396396396E1  -9.999999891903E-1
   -1.131243243243E1  -9.999999890850E-1
   -1.130090090090E1  -9.999999889786E-1
   -1.128936936937E1  -9.999999888711E-1
   -1.127783783784E1  -9.999999887625E-1
   -1.126630630631E1  -9.999999886528E-1
   -1.125477477477E1  -9.999999885420E-1
   -1.124324324324E1  -9.999999884300E-1
   -1.123171171171E1  -9.999999883169E-1
   -1.122018018018E1  -9.999999882026E-1
   -1.120864864865E1  -9.999999880871E-1
   -1.119711711712E1  -9.999999879705E-1
   -1.118558558559E1  -9.999999878526E-1
   -1.117405405405E1  -9.999999877336E-1
   -1.116252252252E1  -9.999999876133E-1
   -1.115099099099E1  -9.999999874917E-1
   -1.113945945946E1  -9.999999873689E-1
   -1.112792792793E1  -9.999999872448E-1
   -1.111639639640E1  -9.999999871195E-1
   -1.110486486486E1  -9.999999869928E-1
   -1.109333333333E1  -9.999999868648E-1
   -1.108180180180E1  -9.999999867356E-1
   -1.107027027027E1  -9.999999866049E-1
   -1.105873873874E1  -9.999999864729E-1
   -1.104720720721E1  -9.999999863396E-1
   -1.103567567568E1  -9.999999862048E-1
   -1.102414414414E1  -9.999999860687E-1
   -1.101261261261E1  -9.999999859311E-1
   -1.100108108108E1  -9.999999857921E-1
   -1.098954954955E1  -9.999999856517E-1
   -1.097801801802E1  -9.999999855098E-1
   -1.096648648649E1  -9.999999853664E-1
   -1.095495495495E1  -9.999999852215E-1
   -1.094342342342E1  -9.999999850751E-1
   -1.093189189189E1  -9.999999849272E-1
   -1.092036036036E1  -9.999999847777E-1
   -1.090882882883E1  -9.999999846267E-1
   -1.089729729730E1  -9.999999844741E-1
   -1.088576576577E1  -9.999999843199E-1
   -1.087423423423E1  -9.999999841641E-1
   -1.086270270270E1  -9.999999840066E-1
   -1.085117117117E1  -9.999999838475E-1
   -1.083963963964E1  -9.999999836867E-1
   -1.082810810811E1  -9.999999835243E-1
   -1.081657657658E1  -9.999999833601E-1
   -1.080504504505E1  -9.999999831942E-1
   -1.079351351351E1  -9.999999830266E-1
   -1.078198198198E1  -9.999999828572E-1
   -1.077045045045E1  -9.999999826860E-1
   -1.075891891892E1  -9.999999825131E-1
   -1.074738738739E1  -9.999999823383E-1
   -1.073585585586E1  -9.999999821616E-1
   -1.072432432432E1  -9.999999819831E-1
   -1.071279279279E1  -9.999999818027E-1
   -1.070126126126E1  -9.999999816204E-1
   -1.068972972973E1  -9.999999814362E-1
   -1.067819819820E1  -9.999999812500E-1
   -1.066666666667E1  -9.999999810619E-1
   -1.065513513514E1  -9.999999808718E-1
   -1.064360360360E1  -9.999999806796E-1
   -1.063207207207E1  -9.999999804855E-1
   -1.062054054054E1  -9.999999802892E-1
   -1.060900900901E1  -9.999999800909E-1
   -1.059747747748E1  -9.999999798905E-1
   -1.058594594595E1  -9.999999796879E-1
   -1.057441441441E1  -9.999999794832E-1
   -1.056288288288E1  -9.999999792764E-1
   -1.055135135135E1  -9.999999790673E-1
   -1.053981981982E1  -9.999999788560E-1
   -1.052828828829E1  -9.999999786424E-1
   -1.051675675676E1  -9.999999784266E-1
   -1.050522522523E1  -9.999999782085E-1
   -1.049369369369E1  -9.999999779880E-1
   -1.048216216216E1  -9.999999777652E-1
   -1.047063063063E1  -9.999999775400E-1
   -1.045909909910E1  -9.999999773124E-1
   -1.044756756757E1  -9.999999770824E-1
   -1.043603603604E1  -9.999999768499E-1
   -1.042450450450E1  -9.999999766149E-1
   -1.041297297297E1  -9.999999763774E-1
   -1.040144144144E1  -9.999999761374E-1
   -1.038990990991E1  -9.999999758947E-1
   -1.037837837838E1  -9.999999756495E-1
   -1.036684684685E1  -9.999999754017E-1
   -1.035531531532E1  -9.999999751511E-1
   -1.034378378378E1  -9.999999748979E-1
   -1.033225225225E1  -9.999999746420E-1
   -1.032072072072E1  -9.999999743833E-1
   -1.030918918919E1  -9.999999741218E-1
   -1.029765765766E1  -9.999999738575E-1
   -1.028612612613E1  -9.999999735904E-1
   -1.027459459459E1  -9.997189566811E-1
   -1.026306306306E1  -9.996542275445E-1
   -1.025153153153E1  -9.995781239353E-1
   -1.024000000000E1  -9.995008380166E-1
   -1.022846846847E1  -9.993995682840E-1
   -1.021693693694E1  -9.992828052464E-1
   -1.020540540541E1  -9.991659404882E-1
   -1.019387387387E1  -9.990345387038E-1
   -1.018234234234E1  -9.988664274611E-1
   -1.017081081081E1  -9.987000557936E-1
   -1.015927927928E1  -9.985152419973E-1
   -1.014774774775E1  -9.983106531197E-1
   -1.013621621622E1  -9.980849232015E-1
   -1.012468468468E1  -9.978366565325E-1
   -1.011315315315E1  -9.976007394091E-1
   -1.010162162162E1  -9.973061471831E-1
   -1.009009009009E1  -9.969848183027E-1
   -1.007855855856E1  -9.966807107691E-1
   -1.006702702703E1  -9.963048593356E-1
   -1.005549549550E1  -9.959499135880E-1
   -1.004396396396E1  -9.955139920140E-1
   -1.003243243243E1  -9.951030626766E-1
   -1.002090090090E1  -9.946639116069E-1
   -1.000936936937E1  -9.941953165513E-1
   -9.997837837838E0  -9.936263656785E-1
   -9.986306306306E0  -9.930914341281E-1
   -9.974774774775E0  -9.925232443753E-1
   -9.963243243243E0  -9.919205420105E-1
   -9.951711711712E0  -9.912820682254E-1
   -9.940180180180E0  -9.906065616496E-1
   -9.928648648649E0  -9.899860114542E-1
   -9.917117117117E0  -9.892368161450E-1
   -9.905585585586E0  -9.884468581979E-1
   -9.894054054054E0  -9.877204046721E-1
   -9.882522522523E0  -9.868494563283E-1
   -9.870990990991E0  -9.859340203174E-1
   -9.859459459459E0  -9.850910682348E-1
   -9.847927927928E0  -9.840873408064E-1
   -9.836396396396E0  -9.831621712875E-1
   -9.824864864865E0  -9.821962042601E-1
   -9.813333333333E0  -9.810532472329E-1
   -9.801801801802E0  -9.799980301235E-1
   -9.790270270270E0  -9.788985280028E-1
   -9.778738738739E0  -9.777535791939E-1
   -9.767207207207E0  -9.764098657908E-1
   -9.755675675676E0  -9.751662913503E-1
   -9.744144144144E0  -9.738737668128E-1
   -9.732612612613E0  -9.725311260300E-1
   -9.721081081081E0  -9.711372026495E-1
   -9.709549549550E0  -9.696908311414E-1
   -9.698018018018E0  -9.681908476469E-1
   -9.686486486486E0  -9.666360909598E-1
   -9.674954954955E0  -9.652110631555E-1
   -9.663423423423E0  -9.635473521725E-1
   -9.651891891892E0  -9.618253603217E-1
   -9.640360360360E0  -9.600439395631E-1
   -9.628828828829E0  -9.582019489514E-1
   -9.617297297297E0  -9.565037911658E-1
   -9.605765765766E0  -9.545410544211E-1
   -9.594234234234E0  -9.527275027658E-1
   -9.582702702703E0  -9.506392607908E-1
   -9.571171171171E0  -9.484846936466E-1
   -9.559639639640E0  -9.464868593402E-1
   -9.548108108108E0  -9.441997592085E-1
   -9.536576576577E0  -9.420741389565E-1
   -9.525045045045E0  -9.398845417827E-1
   -9.513513513514E0  -9.373914091665E-1
   -9.501981981982E0  -9.350664583405E-1
   -9.490450450450E0  -9.324290234467E-1
   -9.478918918919E0  -9.299637192865E-1
   -9.467387387387E0  -9.274279613456E-1
   -9.455855855856E0  -9.248204178639E-1
   -9.444324324324E0  -9.218830905786E-1
   -9.432792792793E0  -9.191250489201E-1
   -9.421261261261E0  -9.162913030107E-1
   -9.409729729730E0  -9.133805152012E-1
   -9.398198198198E0  -9.103913470643E-1
   -9.386666666667E0  -9.073224598744E-1
   -9.375135135135E0  -9.041725156160E-1
   -9.363603603604E0  -9.009401775909E-1
   -9.352072072072E0  -8.976241112994E-1
   -9.340540540541E0  -8.942229849912E-1
   -9.329009009009E0  -8.907354708189E-1
   -9.317477477477E0  -8.871602453937E-1
   -9.305945945946E0  -8.834959907448E-1
   -9.294414414414E0  -8.797413949068E-1
   -9.282882882883E0  -8.758951530940E-1
   -9.271351351351E0  -8.719559681566E-1
   -9.259819819820E0  -8.679225520992E-1
   -9.248288288288E0  -8.637936258627E-1
   -9.236756756757E0  -8.598582799704E-1
   -9.225225225225E0  -8.555349703218E-1
   -9.213693693694E0  -8.511121990232E-1
   -9.202162162162E0  -8.465887300600E-1
   -9.190630630631E0  -8.422557890572E-1
   -9.179099099099E0  -8.375269975376E-1
   -9.167567567568E0  -8.326936931057E-1
   -9.156036036036E0  -8.280473022054E-1
   -9.144504504505E0  -8.230006224500E-1
   -9.132972972973E0  -8.178457462067E-1
   -9.121441441441E0  -8.128727191107E-1
   -9.109909909910E0  -8.074966802328E-1
   -9.098378378378E0  -8.022987966548E-1
   -9.086846846847E0  -7.966964530987E-1
   -9.075315315315E0  -7.912679371959E-1
   -9.063783783784E0  -7.854343081572E-1
   -9.052252252252E0  -7.797695379342E-1
   -9.040720720721E0  -7.736998259568E-1
   -9.029189189189E0  -7.677933599978E-1
   -9.017657657658E0  -7.614829737182E-1
   -9.006126126126E0  -7.553295772904E-1
   -8.994594594595E0  -7.487741546331E-1
   -8.983063063063E0  -7.423688283862E-1
   -8.971531531532E0  -7.358348661995E-1
   -8.960000000000E0  -7.289022676799E-1
   -8.948468468468E0  -7.221092013200E-1
   -8.936936936937E0  -7.151838166357E-1
   -8.925405405405E0  -7.078651652106E-1
   -8.913873873874E0  -7.006741976833E-1
   -8.902342342342E0  -6.933476060907E-1
   -8.890810810811E0  -6.856351336020E-1
   -8.879279279279E0  -6.780372882268E-1
   -8.867747747748E0  -6.703009510859E-1
   -8.856216216216E0  -6.624252210277E-1
   -8.844684684685E0  -6.544092563908E-1
   -8.833153153153E0  -6.460226011476E-1
   -8.821621621622E0  -6.377278234796E-1
   -8.810090090090E0  -6.292908178267E-1
   -8.798558558559E0  -6.207110043506E-1
   -8.787027027027E0  -6.119878741883E-1
   -8.775495495495E0  -6.031209945251E-1
   -8.763963963964E0  -5.941100103491E-1
   -8.752432432432E0  -5.847577587163E-1
   -8.740900900901E0  -5.754627087852E-1
   -8.729369369369E0  -5.660230976668E-1
   -8.717837837838E0  -5.564389020982E-1
   -8.706306306306E0  -5.467101887823E-1
   -8.694774774775E0  -5.368371178604E-1
   -8.683243243243E0  -5.268199446291E-1
   -8.671711711712E0  -5.166590223502E-1
   -8.660180180180E0  -5.063548031216E-1
   -8.648648648649E0  -4.959078431199E-1
   -8.637117117117E0  -4.853188012696E-1
   -8.625585585586E0  -4.745884433971E-1
   -8.614054054054E0  -4.637176429072E-1
   -8.602522522523E0  -4.527073837471E-1
   -8.590990990991E0  -4.415587613343E-1
   -8.579459459459E0  -4.303879719679E-1
   -8.567927927928E0  -4.189605950251E-1
   -8.556396396396E0  -4.073988448830E-1
   -8.544864864865E0  -3.957042893182E-1
   -8.533333333333E0  -3.838786146185E-1
   -8.521801801802E0  -3.719236255461E-1
   -8.510270270270E0  -3.598412472990E-1
   -8.498738738739E0  -3.476335245476E-1
   -8.487207207207E0  -3.353743494946E-1
   -8.475675675676E0  -3.229172241923E-1
   -8.464144144144E0  -3.103417280600E-1
   -8.452612612613E0  -2.976504009169E-1
   -8.441081081081E0  -2.848459027017E-1
   -8.429549549550E0  -2.719787766457E-1
   -8.418018018018E0  -2.589516965508E-1
   -8.406486486486E0  -2.458203105574E-1
   -8.394954954955E0  -2.325877612269E-1
   -8.383423423423E0  -2.192885902209E-1
   -8.371891891892E0  -2.058596120986E-1
   -8.360360360360E0  -1.923397966070E-1
   -8.348828828829E0  -1.787537520206E-1
   -8.337297297297E0  -1.650598125895E-1
   -8.325765765766E0  -1.512863990786E-1
   -8.314234234234E0  -1.374374278108E-1
   -8.302702702703E0  -1.235268009755E-1
   -8.291171171171E0  -1.095365034491E-1
   -8.279639639640E0  -9.548930453078E-2
   -8.268108108108E0  -8.137557137589E-2
   -8.256576576577E0  -6.720785577157E-2
   -8.245045045045E0  -5.299244562329E-2
   -8.233513513514E0  -3.872925035045E-2
   -8.221981981982E0  -2.442597691915E-2
   -8.210450450450E0  -1.008733786193E-2
   -8.198918918919E0   4.282070714418E-3
   -8.187387387387E0   1.867681317572E-2
   -8.175855855856E0   3.309196860243E-2
   -8.164324324324E0   4.752266623816E-2
   -8.152792792793E0   6.196129486722E-2
   -8.141261261261E0   7.640677626082E-2
   -8.129729729730E0   9.084699350065E-2
   -8.118198198198E0   1.052861044461E-1
   -8.106666666667E0   1.197056056281E-1
   -8.095135135135E0   1.341170796383E-1
   -8.083603603604E0   1.484935112740E-1
   -8.072072072072E0   1.628560829547E-1
   -8.060540540541E0   1.771671694588E-1
   -8.049009009009E0   1.914596933297E-1
   -8.037477477477E0   2.056833643749E-1
   -8.025945945946E0   2.198849282961E-1
   -8.014414414414E0   2.339994417328E-1
   -8.002882882883E0   2.480894828241E-1
   -7.991351351351E0   2.620735505065E-1
   -7.979819819820E0   2.760319632080E-1
   -7.968288288288E0   2.898648663866E-1
   -7.956756756757E0   3.036124557596E-1
   -7.945225225225E0   3.173338125735E-1
   -7.933693693694E0   3.309003247879E-1
   -7.922162162162E0   3.444422627843E-1
   -7.910630630631E0   3.578088987432E-1
   -7.899099099099E0   3.710663511892E-1
   -7.887567567568E0   3.843026247852E-1
   -7.876036036036E0   3.973336760056E-1
   -7.864504504505E0   4.103478483178E-1
   -7.852972972973E0   4.231362004329E-1
   -7.841441441441E0   4.357947707333E-1
   -7.829909909910E0   4.484434343591E-1
   -7.818378378378E0   4.608369354771E-1
   -7.806846846847E0   4.730901028102E-1
   -7.795315315315E0   4.853421727231E-1
   -7.783783783784E0   4.973106677854E-1
   -7.772252252252E0   5.091297453014E-1
   -7.760720720721E0   5.209581218656E-1
   -7.749189189189E0   5.324758147511E-1
   -7.737657657658E0   5.438365203219E-1
   -7.726126126126E0   5.552182320425E-1
   -7.714594594595E0   5.662637956155E-1
   -7.703063063063E0   5.771463324425E-1
   -7.691531531532E0   5.880625926782E-1
   -7.680000000000E0   5.986191924302E-1
   -7.668468468468E0   6.090082423878E-1
   -7.656936936937E0   6.192286075869E-1
   -7.645405405405E0   6.294996696128E-1
   -7.633873873874E0   6.393843090321E-1
   -7.622342342342E0   6.490977057955E-1
   -7.610810810811E0   6.586393708144E-1
   -7.599279279279E0   6.682492109998E-1
   -7.587747747748E0   6.774503434455E-1
   -7.576216216216E0   6.864790266423E-1
   -7.564684684685E0   6.953353651887E-1
   -7.553153153153E0   7.042771935244E-1
   -7.541621621622E0   7.127928024022E-1
   -7.530090090090E0   7.211370223647E-1
   -7.518558558559E0   7.293104901194E-1
   -7.507027027027E0   7.373139642659E-1
   -7.495495495495E0   7.454226691083E-1
   -7.483963963964E0   7.530910348444E-1
   -7.472432432432E0   7.605921779855E-1
   -7.460900900901E0   7.679272987774E-1
   -7.449369369369E0   7.750976963875E-1
   -7.437837837838E0   7.821047635669E-1
   -7.426306306306E0   7.892372516675E-1
   -7.414774774775E0   7.959231331202E-1
   -7.403243243243E0   8.024501849380E-1
   -7.391711711712E0   8.088201284015E-1
   -7.380180180180E0   8.150347552108E-1
   -7.368648648649E0   8.210959221765E-1
   -7.357117117117E0   8.270055470431E-1
   -7.345585585586E0   8.330582265333E-1
   -7.334054054054E0   8.386703331413E-1
   -7.322522522523E0   8.441367934260E-1
   -7.310990990991E0   8.494597276105E-1
   -7.299459459459E0   8.546412952997E-1
   -7.287927927928E0   8.596836917724E-1
   -7.276396396396E0   8.645891435338E-1
   -7.264864864865E0   8.693599051088E-1
   -7.253333333333E0   8.739982544162E-1
   -7.241801801802E0   8.787916168342E-1
   -7.230270270270E0   8.831701293158E-1
   -7.218738738739E0   8.874230324259E-1
   -7.207207207207E0   8.915526713903E-1
   -7.195675675676E0   8.955613993071E-1
   -7.184144144144E0   8.994515738967E-1
   -7.172612612613E0   9.032255549752E-1
   -7.161081081081E0   9.068857016230E-1
   -7.149549549550E0   9.104343699569E-1
   -7.138018018018E0   9.138739103356E-1
   -7.126486486486E0   9.172066652503E-1
   -7.114954954955E0   9.204349672835E-1
   -7.103423423423E0   9.235611367050E-1
   -7.091891891892E0   9.265874799793E-1
   -7.080360360360E0   9.295162876869E-1
   -7.068828828829E0   9.323498327809E-1
   -7.057297297297E0   9.350903692783E-1
   -7.045765765766E0   9.377401303981E-1
   -7.034234234234E0   9.403013273842E-1
   -7.022702702703E0   9.427761481526E-1
   -7.011171171171E0   9.451667562236E-1
   -6.999639639640E0   9.474752894021E-1
   -6.988108108108E0   9.497038589204E-1
   -6.976576576577E0   9.518545484082E-1
   -6.965045045045E0   9.539294133088E-1
   -6.953513513514E0   9.559304795864E-1
   -6.941981981982E0   9.578597436047E-1
   -6.930450450450E0   9.597191711898E-1
   -6.918918918919E0   9.615106972478E-1
   -6.907387387387E0   9.632362251236E-1
   -6.895855855856E0   9.648976262691E-1
   -6.884324324324E0   9.664967399763E-1
   -6.872792792793E0   9.680353729143E-1
   -6.861261261261E0   9.695152990126E-1
   -6.849729729730E0   9.709382591839E-1
   -6.838198198198E0   9.723059613281E-1
   -6.826666666667E0   9.736200800571E-1
   -6.815135135135E0   9.748822567601E-1
   -6.803603603604E0   9.760940995941E-1
   -6.792072072072E0   9.772571834186E-1
   -6.780540540541E0   9.783730500036E-1
   -6.769009009009E0   9.794432080429E-1
   -6.757477477477E0   9.804691332819E-1
   -6.745945945946E0   9.814522687691E-1
   -6.734414414414E0   9.822638927639E-1
   -6.722882882883E0   9.831694025033E-1
   -6.711351351351E0   9.840362151134E-1
   -6.699819819820E0   9.848656426043E-1
   -6.688288288288E0   9.856589655028E-1
   -6.676756756757E0   9.864174332104E-1
   -6.665225225225E0   9.871422642846E-1
   -6.653693693694E0   9.878346468692E-1
   -6.642162162162E0   9.884957388598E-1
   -6.630630630631E0   9.891266684714E-1
   -6.619099099099E0   9.896337631398E-1
   -6.607567567568E0   9.902108698103E-1
   -6.596036036036E0   9.907609663307E-1
   -6.584504504505E0   9.912850645700E-1
   -6.572972972973E0   9.917841486940E-1
   -6.561441441441E0   9.922591756219E-1
   -6.549909909910E0   9.927110753906E-1
   -6.538378378378E0   9.931407516269E-1
   -6.526846846847E0   9.934783463559E-1
   -6.515315315315E0   9.938689213053E-1
   -6.503783783784E0   9.942397665669E-1
   -6.492252252252E0   9.945916840536E-1
   -6.480720720721E0   9.949254514844E-1
   -6.469189189189E0   9.952418229233E-1
   -6.457657657658E0   9.955415291334E-1
   -6.446126126126E0   9.957721603310E-1
   -6.434594594595E0   9.960429263862E-1
   -6.423063063063E0   9.962990212637E-1
   -6.411531531532E0   9.965410872076E-1
   -6.400000000000E0   9.967697454645E-1
   -6.388468468468E0   9.969855967082E-1
   -6.376936936937E0   9.971486595859E-1
   -6.365405405405E0   9.973425317976E-1
   -6.353873873874E0   9.975252193207E-1
   -6.342342342342E0   9.976972453606E-1
   -6.330810810811E0   9.978591147309E-1
   -6.319279279279E0   9.979794850921E-1
   -6.307747747748E0   9.981241012365E-1
   -6.296216216216E0   9.982599119502E-1
   -6.284684684685E0   9.983873533908E-1
   -6.273153153153E0   9.985068454123E-1
   -6.261621621622E0   9.985942665642E-1
   -6.250090090090E0   9.987003990242E-1
   -6.238558558559E0   9.987996952222E-1
   -6.227027027027E0   9.988925146635E-1
   -6.215495495495E0   9.989792025275E-1
   -6.203963963964E0   9.990415643698E-1
   -6.192432432432E0   9.991180633697E-1
   -6.180900900901E0   9.991893366965E-1
   -6.169369369369E0   9.992556769634E-1
   -6.157837837838E0   9.993173642992E-1
   -6.146306306306E0   9.993609746734E-1
   -6.134774774775E0   9.994150216706E-1
   -6.123243243243E0   9.994651429585E-1
   -6.111711711712E0   9.995115733264E-1
   -6.100180180180E0   9.995439387925E-1
   -6.088648648649E0   9.995843675132E-1
   -6.077117117117E0   9.996217093094E-1
   -6.065585585586E0   9.996561590190E-1
   -6.054054054054E0   9.996798281628E-1
   -6.042522522523E0   9.997096230522E-1
   -6.030990990991E0   9.997370222546E-1
   -6.019459459459E0   9.997621856735E-1
   -6.007927927928E0   9.997792192533E-1
   -5.996396396396E0   9.998008225568E-1
   -5.984864864865E0   9.998205933116E-1
   -5.973333333333E0   9.998386611493E-1
   -5.961801801802E0   9.998507057550E-1
   -5.950270270270E0   9.998660923463E-1
   -5.938738738739E0   9.998800993452E-1
   -5.927207207207E0   9.998928304062E-1
   -5.915675675676E0   9.999011844809E-1
   -5.904144144144E0   9.999119302654E-1
   -5.892612612613E0   9.999216556305E-1
   -5.881081081081E0   9.999279629242E-1
   -5.869549549550E0   9.999361147789E-1
   -5.858018018018E0   9.999434588221E-1
   -5.846486486486E0   9.999500627471E-1
   -5.834954954955E0   9.999542748274E-1
   -5.823423423423E0   9.999597522836E-1
   -5.811891891892E0   9.999646528154E-1
   -5.800360360360E0   9.999677398190E-1
   -5.788828828829E0   9.999717709468E-1
   -5.777297297297E0   9.999753578222E-1
   -5.765765765766E0   9.999775886500E-1
   -5.754234234234E0   9.999805129803E-1
   -5.742702702703E0   9.999830997153E-1
   -5.731171171171E0   9.999853822882E-1
   -5.719639639640E0   9.999867762578E-1
   -5.708108108108E0   9.999886120851E-1
   -5.696576576577E0   9.999902214061E-1
   -5.685045045045E0   9.999911908725E-1
   -5.673513513514E0   9.999924713804E-1
   -5.661981981982E0   9.999935859042E-1
   -5.650450450450E0   9.999942478908E-1
   -5.638918918919E0   9.999951244204E-1
   -5.627387387387E0   9.999958814295E-1
   -5.615855855856E0   9.999963245474E-1
   -5.604324324324E0   9.999969124111E-1
   -5.592792792793E0   9.999974158406E-1
   -5.581261261261E0   9.999977060967E-1
   -5.569729729730E0   9.999980916836E-1
   -5.558198198198E0   9.999984188558E-1
   -5.546666666667E0   9.999986045436E-1
   -5.535135135135E0   9.999988513855E-1
   -5.523603603604E0   9.999990587285E-1
   -5.512072072072E0   9.999991744913E-1
   -5.500540540541E0   9.999993283684E-1
   -5.489009009009E0   9.999994561999E-1
   -5.477477477477E0   9.999995263554E-1
   -5.465945945946E0   9.999996195241E-1
   -5.454414414414E0   9.999996959866E-1
   -5.442882882883E0   9.999997372008E-1
   -5.431351351351E0   9.999997918321E-1
   -5.419819819820E0   9.999998209406E-1
   -5.408288288288E0   9.999998594662E-1
   -5.396756756757E0   9.999998903874E-1
   -5.385225225225E0   9.999999065422E-1
   -5.373693693694E0   9.999999278448E-1
   -5.362162162162E0   9.999999446746E-1
   -5.350630630631E0   9.999999532859E-1
   -5.339099099099E0   9.999999645844E-1
   -5.327567567568E0   9.999999702881E-1
   -5.316036036036E0   9.999999777444E-1
   -5.304504504505E0   9.999999834655E-1
   -5.292972972973E0   9.999999862874E-1
   -5.281441441441E0   9.999999899485E-1
   -5.269909909910E0   9.999999926994E-1
   -5.258378378378E0   9.999999940228E-1
   -5.246846846847E0   9.999999957235E-1
   -5.235315315315E0   9.999999965285E-1
   -5.223783783784E0   9.999999975561E-1
   -5.212252252252E0   9.999999982985E-1
   -5.200720720721E0   9.999999986400E-1
   -5.189189189189E0   9.999999990703E-1
   -5.177657657658E0   9.999999992645E-1
   -5.166126126126E0   9.999999995070E-1
   -5.154594594595E0   9.999999996740E-1
   -5.143063063063E0   9.999999997469E-1
   -5.131531531532E0   9.999999998364E-1
   -5.120000000000E0   9.999999998746E-1
   -5.108468468468E0   9.999999999208E-1
   -5.096936936937E0   9.999999999509E-1
   -5.085405405405E0   9.999999999632E-1
   -5.073873873874E0   9.999999999778E-1
   -5.062342342342E0   9.999999999836E-1
   -5.050810810811E0   9.999999999904E-1
   -5.039279279279E0   9.999999999945E-1
   -5.027747747748E0   9.999999999961E-1
   -5.016216216216E0   9.999999999978E-1
   -5.004684684685E0   9.999999999985E-1
   -4.993153153153E0   9.999999999992E-1
   -4.981621621622E0   9.999999999994E-1
   -4.970090090090E0   9.999999999997E-1
   -4.958558558559E0   9.999999999999E-1
   -4.947027027027E0   9.999999999999E-1
   -4.935495495495E0    1.000000000000E0
   -4.923963963964E0    1.000000000000E0
   -4.912432432432E0    1.000000000000E0
   -4.900900900901E0    1.000000000000E0
   -4.889369369369E0    1.000000000000E0
   -4.877837837838E0    1.000000000000E0
   -4.866306306306E0    1.000000000000E0
   -4.854774774775E0    1.000000000000E0
   -4.843243243243E0    1.000000000000E0
   -4.831711711712E0    1.000000000000E0
   -4.820180180180E0    1.000000000000E0
   -4.808648648649E0    1.000000000000E0
   -4.797117117117E0    1.000000000000E0
   -4.785585585586E0    1.000000000000E0
   -4.774054054054E0    1.000000000000E0
   -4.762522522523E0    1.000000000000E0
   -4.750990990991E0    1.000000000000E0
   -4.739459459459E0    1.000000000000E0
   -4.727927927928E0    1.000000000000E0
   -4.716396396396E0    1.000000000000E0
   -4.704864864865E0    1.000000000000E0
   -4.693333333333E0    1.000000000000E0
   -4.681801801802E0    1.000000000000E0
   -4.670270270270E0    1.000000000000E0
   -4.658738738739E0    1.000000000000E0
   -4.647207207207E0    1.000000000000E0
   -4.635675675676E0    1.000000000000E0
   -4.624144144144E0    1.000000000000E0
   -4.612612612613E0    1.000000000000E0
   -4.601081081081E0    1.000000000000E0
   -4.589549549550E0    1.000000000000E0
   -4.578018018018E0    1.000000000000E0
   -4.566486486486E0    1.000000000000E0
   -4.554954954955E0    1.000000000000E0
   -4.543423423423E0    1.000000000000E0
   -4.531891891892E0    1.000000000000E0
   -4.520360360360E0    1.000000000000E0
   -4.508828828829E0    1.000000000000E0
   -4.497297297297E0    1.000000000000E0
   -4.485765765766E0    1.000000000000E0
   -4.474234234234E0    1.000000000000E0
   -4.462702702703E0    1.000000000000E0
   -4.451171171171E0    1.000000000000E0
   -4.439639639640E0    1.000000000000E0
   -4.428108108108E0    1.000000000000E0
   -4.416576576577E0    1.000000000000E0
   -4.405045045045E0    1.000000000000E0
   -4.393513513514E0    1.000000000000E0
   -4.381981981982E0    1.000000000000E0
   -4.370450450450E0    1.000000000000E0
   -4.358918918919E0    1.000000000000E0
   -4.347387387387E0    1.000000000000E0
   -4.335855855856E0    1.000000000000E0
   -4.324324324324E0    1.000000000000E0
   -4.312792792793E0    1.000000000000E0
   -4.301261261261E0    1.000000000000E0
   -4.289729729730E0   -1.000000000000E0
   -4.278198198198E0   -1.000000000000E0
   -4.266666666667E0   -1.000000000000E0
   -4.255135135135E0   -1.000000000000E0
   -4.243603603604E0   -1.000000000000E0
   -4.232072072072E0   -1.000000000000E0
   -4.220540540541E0   -1.000000000000E0
   -4.209009009009E0   -1.000000000000E0
   -4.197477477477E0   -1.000000000000E0
   -4.185945945946E0   -1.000000000000E0
   -4.174414414414E0   -1.000000000000E0
   -4.162882882883E0   -1.000000000000E0
   -4.151351351351E0   -1.000000000000E0
   -4.139819819820E0   -1.000000000000E0
   -4.128288288288E0   -1.000000000000E0
   -4.116756756757E0   -1.000000000000E0
   -4.105225225225E0   -1.000000000000E0
   -4.093693693694E0   -1.000000000000E0
   -4.082162162162E0   -1.000000000000E0
   -4.070630630631E0   -1.000000000000E0
   -4.059099099099E0   -1.000000000000E0
   -4.047567567568E0   -1.000000000000E0
   -4.036036036036E0   -1.000000000000E0
   -4.024504504505E0   -1.000000000000E0
   -4.012972972973E0   -1.000000000000E0
   -4.001441441441E0   -1.000000000000E0
   -3.989909909910E0   -1.000000000000E0
   -3.978378378378E0   -1.000000000000E0
   -3.966846846847E0   -1.000000000000E0
   -3.955315315315E0   -1.000000000000E0
   -3.943783783784E0   -1.000000000000E0
   -3.932252252252E0   -1.000000000000E0
   -3.920720720721E0   -1.000000000000E0
   -3.909189189189E0   -1.000000000000E0
   -3.897657657658E0   -1.000000000000E0
   -3.886126126126E0   -1.000000000000E0
   -3.874594594595E0   -1.000000000000E0
   -3.863063063063E0   -1.000000000000E0
   -3.851531531532E0   -1.000000000000E0
   -3.840000000000E0   -1.000000000000E0
   -3.828468468468E0   -1.000000000000E0
   -3.816936936937E0   -1.000000000000E0
   -3.805405405405E0   -1.000000000000E0
   -3.793873873874E0   -1.000000000000E0
   -3.782342342342E0   -1.000000000000E0
   -3.770810810811E0   -1.000000000000E0
   -3.759279279279E0   -1.000000000000E0
   -3.747747747748E0   -1.000000000000E0
   -3.736216216216E0   -1.000000000000E0
   -3.724684684685E0   -1.000000000000E0
   -3.713153153153E0   -1.000000000000E0
   -3.701621621622E0   -1.000000000000E0
   -3.690090090090E0   -1.000000000000E0
   -3.678558558559E0   -1.000000000000E0
   -3.667027027027E0   -1.000000000000E0
   -3.655495495495E0   -1.000000000000E0
   -3.643963963964E0   -1.000000000000E0
   -3.632432432432E0   -1.000000000000E0
   -3.620900900901E0   -1.000000000000E0
   -3.609369369369E0   -1.000000000000E0
   -3.597837837838E0   -1.000000000000E0
   -3.586306306306E0  -9.999999999999E-1
   -3.574774774775E0  -9.999999999999E-1
   -3.563243243243E0  -9.999999999999E-1
   -3.551711711712E0  -9.999999999998E-1
   -3.540180180180E0  -9.999999999997E-1
   -3.528648648649E0  -9.999999999995E-1
   -3.517117117117E0  -9.999999999993E-1
   -3.505585585586E0  -9.999999999987E-1
   -3.494054054054E0  -9.999999999983E-1
   -3.482522522523E0  -9.999999999978E-1
   -3.470990990991E0  -9.999999999962E-1
   -3.459459459459E0  -9.999999999951E-1
   -3.447927927928E0  -9.999999999919E-1
   -3.436396396396E0  -9.999999999896E-1
   -3.424864864865E0  -9.999999999866E-1
   -3.413333333333E0  -9.999999999788E-1
   -3.401801801802E0  -9.999999999731E-1
   -3.390270270270E0  -9.999999999583E-1
   -3.378738738739E0  -9.999999999478E-1
   -3.367207207207E0  -9.999999999209E-1
   -3.355675675676E0  -9.999999999019E-1
   -3.344144144144E0  -9.999999998788E-1
   -3.332612612613E0  -9.999999998212E-1
   -3.321081081081E0  -9.999999997811E-1
   -3.309549549550E0  -9.999999996830E-1
   -3.298018018018E0  -9.999999996153E-1
   -3.286486486486E0  -9.999999995344E-1
   -3.274954954955E0  -9.999999993406E-1
   -3.263423423423E0  -9.999999992084E-1
   -3.251891891892E0  -9.999999988959E-1
   -3.240360360360E0  -9.999999986844E-1
   -3.228828828829E0  -9.999999984361E-1
   -3.217297297297E0  -9.999999978596E-1
   -3.205765765766E0  -9.999999974730E-1
   -3.194234234234E0  -9.999999965867E-1
   -3.182702702703E0  -9.999999959957E-1
   -3.171171171171E0  -9.999999953121E-1
   -3.159639639640E0  -9.999999937697E-1
   -3.148108108108E0  -9.999999927484E-1
   -3.136576576577E0  -9.999999904709E-1
   -3.125045045045E0  -9.999999889696E-1
   -3.113513513514E0  -9.999999872541E-1
   -3.101981981982E0  -9.999999834843E-1
   -3.090450450450E0  -9.999999810117E-1
   -3.078918918919E0  -9.999999756359E-1
   -3.067387387387E0  -9.999999721208E-1
   -3.055855855856E0  -9.999999681471E-1
   -3.044324324324E0  -9.999999596247E-1
   -3.032792792793E0  -9.999999540715E-1
   -3.021261261261E0  -9.999999422800E-1
   -3.009729729730E0  -9.999999346119E-1
   -2.998198198198E0  -9.999999260234E-1
   -2.986666666667E0  -9.999999080181E-1
   -2.975135135135E0  -9.999998963341E-1
   -2.963603603604E0  -9.999998833093E-1
   -2.952072072072E0  -9.999998563399E-1
   -2.940540540541E0  -9.999998388636E-1
   -2.929009009009E0  -9.999998030068E-1
   -2.917477477477E0  -9.999997797847E-1
   -2.905945945946E0  -9.999997540901E-1
   -2.894414414414E0  -9.999997019901E-1
   -2.882882882883E0  -9.999996682590E-1
   -2.871351351351E0  -9.999996310795E-1
   -2.859819819820E0  -9.999995565569E-1
   -2.848288288288E0  -9.999995082960E-1
   -2.836756756757E0  -9.999994123883E-1
   -2.825225225225E0  -9.999993502415E-1
   -2.813693693694E0  -9.999992821574E-1
   -2.802162162162E0  -9.999991483547E-1
   -2.790630630631E0  -9.999990615511E-1
   -2.779099099099E0  -9.999989667535E-1
   -2.767567567568E0  -9.999987824832E-1
   -2.756036036036E0  -9.999986627422E-1
   -2.744504504505E0  -9.999984318840E-1
   -2.732972972973E0  -9.999982816352E-1
   -2.721441441441E0  -9.999981183718E-1
   -2.709909909910E0  -9.999978069528E-1
   -2.698378378378E0  -9.999976037846E-1
   -2.686846846847E0  -9.999973835926E-1
   -2.675315315315E0  -9.999969680039E-1
   -2.663783783784E0  -9.999966961137E-1
   -2.652252252252E0  -9.999961870015E-1
   -2.640720720721E0  -9.999958531330E-1
   -2.629189189189E0  -9.999954927980E-1
   -2.617657657658E0  -9.999948250583E-1
   -2.606126126126E0  -9.999943856500E-1
   -2.594594594595E0  -9.999939124393E-1
   -2.583063063063E0  -9.999930445397E-1
   -2.571531531532E0  -9.999924712449E-1
   -2.560000000000E0  -9.999918551058E-1
   -2.548468468468E0  -9.999907366073E-1
   -2.536936936937E0  -9.999899947297E-1
   -2.525405405405E0  -9.999891989341E-1
   -2.513873873874E0  -9.999877689759E-1
   -2.502342342342E0  -9.999868163087E-1
   -2.490810810811E0  -9.999851175535E-1
   -2.479279279279E0  -9.999839818278E-1
   -2.467747747748E0  -9.999827673190E-1
   -2.456216216216E0  -9.999806235004E-1
   -2.444684684685E0  -9.999791831571E-1
   -2.433153153153E0  -9.999776453837E-1
   -2.421621621622E0  -9.999749582401E-1
   -2.410090090090E0  -9.999731434822E-1
   -2.398558558559E0  -9.999712089072E-1
   -2.387027027027E0  -9.999678622906E-1
   -2.375495495495E0  -9.999655898518E-1
   -2.363963963964E0  -9.999631708381E-1
   -2.352432432432E0  -9.999590280852E-1
   -2.340900900901E0  -9.999561990618E-1
   -2.329369369369E0  -9.999531916143E-1
   -2.317837837838E0  -9.999480926065E-1
   -2.306306306306E0  -9.999445899949E-1
   -2.294774774775E0  -9.999408711964E-1
   -2.283243243243E0  -9.999346290725E-1
   -2.271711711712E0  -9.999303149768E-1
   -2.260180180180E0  -9.999231280087E-1
   -2.248648648649E0  -9.999181375682E-1
   -2.237117117117E0  -9.999128500360E-1
   -2.225585585586E0  -9.999041291833E-1
   -2.214054054054E0  -9.998980344950E-1
   -2.202522522523E0  -9.998915839380E-1
   -2.190990990991E0  -9.998810508498E-1
   -2.179459459459E0  -9.998736407004E-1
   -2.167927927928E0  -9.998658058458E-1
   -2.156396396396E0  -9.998531397100E-1
   -2.144864864865E0  -9.998441681289E-1
   -2.133333333333E0  -9.998346914469E-1
   -2.121801801802E0  -9.998195235208E-1
   -2.110270270270E0  -9.998087048167E-1
   -2.098738738739E0  -9.997972873534E-1
   -2.087207207207E0  -9.997791948709E-1
   -2.075675675676E0  -9.997661980271E-1
   -2.064144144144E0  -9.997524935747E-1
   -2.052612612613E0  -9.997309929507E-1
   -2.041081081081E0  -9.997154353027E-1
   -2.029549549550E0  -9.996990438176E-1
   -2.018018018018E0  -9.996735830728E-1
   -2.006486486486E0  -9.996550231726E-1
   -1.994954954955E0  -9.996354833510E-1
   -1.983423423423E0  -9.996054336614E-1
   -1.971891891892E0  -9.995833632277E-1
   -1.960360360360E0  -9.995601441260E-1
   -1.948828828829E0  -9.995357203021E-1
   -1.937297297297E0  -9.994986252255E-1
   -1.925765765766E0  -9.994711168090E-1
   -1.914234234234E0  -9.994422002972E-1
   -1.902702702703E0  -9.993987168612E-1
   -1.891171171171E0  -9.993662193328E-1
   -1.879639639640E0  -9.993320796405E-1
   -1.868108108108E0  -9.992812497607E-1
   -1.856576576577E0  -9.992429615264E-1
   -1.845045045045E0  -9.992027621136E-1
   -1.833513513514E0  -9.991435012375E-1
   -1.821981981982E0  -9.990985053101E-1
   -1.810450450450E0  -9.990512894373E-1
   -1.798918918919E0  -9.989823712231E-1
   -1.787387387387E0  -9.989296198784E-1
   -1.775855855856E0  -9.988742946196E-1
   -1.764324324324E0  -9.987943337899E-1
   -1.752792792793E0  -9.987326312260E-1
   -1.741261261261E0  -9.986679494050E-1
   -1.729729729730E0  -9.985753825067E-1
   -1.718198198198E0  -9.985033652573E-1
   -1.706666666667E0  -9.984279050315E-1
   -1.695135135135E0  -9.983488441673E-1
   -1.683603603604E0  -9.982370836274E-1
   -1.672072072072E0  -9.981492254139E-1
   -1.660540540541E0  -9.980572134167E-1
   -1.649009009009E0  -9.979284113555E-1
   -1.637477477477E0  -9.978263117014E-1
   -1.625945945946E0  -9.977194265970E-1
   -1.614414414414E0  -9.975712550789E-1
   -1.602882882883E0  -9.974528171071E-1
   -1.591351351351E0  -9.973288728467E-1
   -1.579819819820E0  -9.971587106935E-1
   -1.568288288288E0  -9.970215506229E-1
   -1.556756756757E0  -9.968780621626E-1
   -1.545225225225E0  -9.967279619943E-1
   -1.533693693694E0  -9.965243681480E-1
   -1.522162162162E0  -9.963585118921E-1
   -1.510630630631E0  -9.961850662135E-1
   -1.499099099099E0  -9.959520492641E-1
   -1.487567567568E0  -9.957606181748E-1
   -1.476036036036E0  -9.955604837130E-1
   -1.464504504505E0  -9.952941576767E-1
   -1.452972972973E0  -9.950735103737E-1
   -1.441441441441E0  -9.948428910007E-1
   -1.429909909910E0  -9.945388830854E-1
   -1.418378378378E0  -9.942848860394E-1
   -1.406846846847E0  -9.940194724158E-1
   -1.395315315315E0  -9.937421379338E-1
   -1.383783783784E0  -9.933808237274E-1
   -1.372252252252E0  -9.930757247798E-1
   -1.360720720721E0  -9.927569893149E-1
   -1.349189189189E0  -9.923455705556E-1
   -1.337657657658E0  -9.919952355404E-1
   -1.326126126126E0  -9.916293113587E-1
   -1.314594594595E0  -9.912471118672E-1
   -1.303063063063E0  -9.907594308207E-1
   -1.291531531532E0  -9.903397494867E-1
   -1.280000000000E0  -9.899014739234E-1
   -1.268468468468E0  -9.893472890817E-1
   -1.256936936937E0  -9.888663961222E-1
   -1.245405405405E0  -9.883642700977E-1
   -1.233873873874E0  -9.877350155067E-1
   -1.222342342342E0  -9.871844505871E-1
   -1.210810810811E0  -9.866096498264E-1
   -1.199279279279E0  -9.860095487846E-1
   -1.187747747748E0  -9.852658321286E-1
   -1.176216216216E0  -9.846083398501E-1
   -1.164684684685E0  -9.839219805212E-1
   -1.153153153153E0  -9.830787396040E-1
   -1.141621621622E0  -9.823271841419E-1
   -1.130090090090E0  -9.815427025937E-1
   -1.118558558559E0  -9.807238479036E-1
   -1.107027027027E0  -9.797286202075E-1
   -1.095495495495E0  -9.788325446121E-1
   -1.083963963964E0  -9.778972729411E-1
   -1.072432432432E0  -9.767700830741E-1
   -1.060900900901E0  -9.757471139131E-1
   -1.049369369369E0  -9.746794592139E-1
   -1.037837837838E0  -9.735651518706E-1
   -1.026306306306E0  -9.722360866937E-1
   -1.014774774775E0  -9.710179126324E-1
   -1.003243243243E0  -9.697465612989E-1
  -9.917117117117E-1  -9.682424024771E-1
  -9.801801801802E-1  -9.668531050667E-1
  -9.686486486486E-1  -9.654032037386E-1
  -9.571171171171E-1  -9.638900249602E-1
  -9.455855855856E-1  -9.621175182081E-1
  -9.340540540541E-1  -9.604646312297E-1
  -9.225225225225E-1  -9.587396389105E-1
  -9.109909909910E-1  -9.567345585391E-1
  -8.994594594595E-1  -9.548509213616E-1
  -8.879279279279E-1  -9.528851318616E-1
  -8.763963963964E-1  -9.508335590583E-1
  -8.648648648649E-1  -9.484713948896E-1
  -8.533333333333E-1  -9.462318775545E-1
  -8.418018018018E-1  -9.438946386480E-1
  -8.302702702703E-1  -9.414553559591E-1
  -8.187387387387E-1  -9.386725133513E-1
  -8.072072072072E-1  -9.360105590593E-1
  -7.956756756757E-1  -9.332323827588E-1
  -7.841441441441E-1  -9.300852416020E-1
  -7.726126126126E-1  -9.270542290822E-1
  -7.610810810811E-1  -9.238908785964E-1
  -7.495495495495E-1  -9.205893408900E-1
  -7.380180180180E-1  -9.168815235681E-1
  -7.264864864865E-1  -9.132804784324E-1
  -7.149549549550E-1  -9.095221409576E-1
  -7.034234234234E-1  -9.055995712446E-1
  -6.918918918919E-1  -9.012307779315E-1
  -6.803603603604E-1  -8.969535119539E-1
  -6.688288288288E-1  -8.924894026461E-1
  -6.572972972973E-1  -8.875488053952E-1
  -6.457657657658E-1  -8.826822460518E-1
  -6.342342342342E-1  -8.776032334571E-1
  -6.227027027027E-1  -8.723024615090E-1
  -6.111711711712E-1  -8.664807987724E-1
  -5.996396396396E-1  -8.607039398922E-1
  -5.881081081081E-1  -8.546751469012E-1
  -5.765765765766E-1  -8.483834606960E-1
  -5.650450450450E-1  -8.415238581637E-1
  -5.535135135135E-1  -8.346695647695E-1
  -5.419819819820E-1  -8.275169511681E-1
  -5.304504504505E-1  -8.200531657468E-1
  -5.189189189189E-1  -8.119718492421E-1
  -5.073873873874E-1  -8.038441742044E-1
  -4.958558558559E-1  -7.953639152419E-1
  -4.843243243243E-1  -7.865160762161E-1
  -4.727927927928E-1  -7.769985167398E-1
  -4.612612612613E-1  -7.673687479658E-1
  -4.497297297297E-1  -7.573232333470E-1
  -4.381981981982E-1  -7.465693583157E-1
  -4.266666666667E-1  -7.356413520757E-1
  -4.151351351351E-1  -7.242438533464E-1
  -4.036036036036E-1  -7.123574785149E-1
  -3.920720720721E-1  -6.997058405210E-1
  -3.805405405405E-1  -6.867844409911E-1
  -3.690090090090E-1  -6.733121819524E-1
  -3.574774774775E-1  -6.592667469927E-1
  -3.459459459459E-1  -6.443955136294E-1
  -3.344144144144E-1  -6.291392382407E-1
  -3.228828828829E-1  -6.132384090762E-1
  -3.113513513513E-1  -5.966673060172E-1
  -2.998198198198E-1  -5.792043433755E-1
  -2.882882882883E-1  -5.612191755134E-1
  -2.767567567568E-1  -5.424809369990E-1
  -2.652252252252E-1  -5.229595447293E-1
  -2.536936936937E-1  -5.024701097218E-1
  -2.421621621622E-1  -4.812956879329E-1
  -2.306306306306E-1  -4.592392882377E-1
  -2.190990990991E-1  -4.362640808164E-1
  -2.075675675676E-1  -4.122232979556E-1
  -1.960360360360E-1  -3.872997133280E-1
  -1.845045045045E-1  -3.613301698319E-1
  -1.729729729730E-1  -3.342643110405E-1
  -1.614414414414E-1  -3.059847277316E-1
  -1.499099099099E-1  -2.765602388397E-1
  -1.383783783784E-1  -2.458466975454E-1
  -1.268468468468E-1  -2.137581000743E-1
  -1.153153153153E-1  -1.801688594764E-1
  -1.037837837838E-1  -1.450017137913E-1
  -9.225225225225E-2  -1.080633811340E-1
  -8.072072072072E-2  -6.913765172538E-2
  -6.918918918919E-2  -2.792603994547E-2
  -5.765765765766E-2   1.600177787313E-2
  -4.612612612613E-2   6.331981808202E-2
  -3.459459459459E-2   1.151719214785E-1
  -2.306306306306E-2   1.738375246815E-1
  -1.153153153153E-2   2.452049702203E-1
    0.000000000000E0   3.923973235536E-1
