#             e [au]            f [a.u.]
   -1.051873208668E1  -9.999999784641E-1
   -1.050820280031E1  -9.999999782654E-1
   -1.049767351393E1  -9.999999780648E-1
   -1.048714422756E1  -9.999999778622E-1
   -1.047661494119E1  -9.999999776576E-1
   -1.046608565481E1  -9.999999774510E-1
   -1.045555636844E1  -9.999999772424E-1
   -1.044502708207E1  -9.999999770318E-1
   -1.043449779569E1  -9.999999768191E-1
   -1.042396850932E1  -9.999999766044E-1
   -1.041343922295E1  -9.999999763875E-1
   -1.040290993658E1  -9.999999761685E-1
   -1.039238065020E1  -9.999999759474E-1
   -1.038185136383E1  -9.999999757241E-1
   -1.037132207746E1  -9.999999754986E-1
   -1.036079279108E1  -9.999999752710E-1
   -1.035026350471E1  -9.999999750410E-1
   -1.033973421834E1  -9.999999748089E-1
   -1.032920493196E1  -9.999999745744E-1
   -1.031867564559E1  -9.999999743376E-1
   -1.030814635922E1  -9.999999740986E-1
   -1.029761707284E1  -9.999999738571E-1
   -1.028708778647E1  -9.999999736133E-1
   -1.027655850010E1  -9.999999733671E-1
   -1.026602921373E1  -9.999999731184E-1
   -1.025549992735E1  -9.999999728674E-1
   -1.024497064098E1  -9.999999726138E-1
   -1.023444135461E1  -9.999999723577E-1
   -1.022391206823E1  -9.999999720991E-1
   -1.021338278186E1  -9.999999718380E-1
   -1.020285349549E1  -9.999999715742E-1
   -1.019232420911E1  -9.999999713079E-1
   -1.018179492274E1  -9.999999710389E-1
   -1.017126563637E1  -9.999999707673E-1
   -1.016073635000E1  -9.999999704930E-1
   -1.015020706362E1  -9.999999702159E-1
   -1.013967777725E1  -9.999999699361E-1
   -1.012914849088E1  -9.999999696536E-1
   -1.011861920450E1  -9.999999693682E-1
   -1.010808991813E1  -9.999999690800E-1
   -1.009756063176E1  -9.999999687889E-1
   -1.008703134538E1  -9.999999684949E-1
   -1.007650205901E1  -9.999999681980E-1
   -1.006597277264E1  -9.999999678982E-1
   -1.005544348626E1  -9.999999675954E-1
   -1.004491419989E1  -9.999999672895E-1
   -1.003438491352E1  -9.999999669806E-1
   -1.002385562715E1  -9.999999666686E-1
   -1.001332634077E1  -9.999999663535E-1
   -1.000279705440E1  -9.999999660353E-1
   -9.992267768026E0  -9.999999657139E-1
   -9.981738481653E0  -9.999999653893E-1
   -9.971209195280E0  -9.999999650614E-1
   -9.960679908907E0  -9.999999647302E-1
   -9.950150622534E0  -9.999999643957E-1
   -9.939621336161E0  -9.999999640579E-1
   -9.929092049788E0  -9.999999637167E-1
   -9.918562763415E0  -9.999999633720E-1
   -9.908033477042E0  -9.999999630239E-1
   -9.897504190669E0  -9.999999626723E-1
   -9.886974904296E0  -9.999999623172E-1
   -9.876445617923E0  -9.999999619585E-1
   -9.865916331550E0  -9.999999615962E-1
   -9.855387045177E0  -9.999999612303E-1
   -9.844857758804E0  -9.999999608606E-1
   -9.834328472431E0  -9.999999604872E-1
   -9.823799186058E0  -9.999999601101E-1
   -9.813269899685E0  -9.999999597292E-1
   -9.802740613312E0  -9.999999593444E-1
   -9.792211326938E0  -9.999999589557E-1
   -9.781682040565E0  -9.999999585631E-1
   -9.771152754192E0  -9.999999581666E-1
   -9.760623467819E0  -9.999999577660E-1
   -9.750094181446E0  -9.999999573614E-1
   -9.739564895073E0  -9.999999569526E-1
   -9.729035608700E0  -9.999999565398E-1
   -9.718506322327E0  -9.999999561227E-1
   -9.707977035954E0  -9.999999557014E-1
   -9.697447749581E0  -9.999999552759E-1
   -9.686918463208E0  -9.999999548460E-1
   -9.676389176835E0  -9.999999544117E-1
   -9.665859890462E0  -9.999999539730E-1
   -9.655330604089E0  -9.999999535299E-1
   -9.644801317716E0  -9.999999530823E-1
   -9.634272031343E0  -9.999999526301E-1
   -9.623742744970E0  -9.999999521732E-1
   -9.613213458597E0  -9.999999517118E-1
   -9.602684172224E0  -9.999999512456E-1
   -9.592154885850E0  -9.999999507746E-1
   -9.581625599477E0  -9.999999502989E-1
   -9.571096313104E0  -9.999999498182E-1
   -9.560567026731E0  -9.999999493327E-1
   -9.550037740358E0  -9.999999488422E-1
   -9.539508453985E0  -9.999999483467E-1
   -9.528979167612E0  -9.999999478461E-1
   -9.518449881239E0  -9.999999473403E-1
   -9.507920594866E0  -9.999999468294E-1
   -9.497391308493E0  -9.999999463132E-1
   -9.486862022120E0  -9.999999457918E-1
   -9.476332735747E0  -9.999999452649E-1
   -9.465803449374E0  -9.999999447327E-1
   -9.455274163001E0  -9.999999441950E-1
   -9.444744876628E0  -9.999999436517E-1
   -9.434215590255E0  -9.999999431028E-1
   -9.423686303882E0  -9.999999425483E-1
   -9.413157017509E0  -9.999999419881E-1
   -9.402627731136E0  -9.999999414221E-1
   -9.392098444763E0  -9.999999408502E-1
   -9.381569158389E0  -9.999999402725E-1
   -9.371039872016E0  -9.999999396887E-1
   -9.360510585643E0  -9.999999390990E-1
   -9.349981299270E0  -9.999999385031E-1
   -9.339452012897E0  -9.999999379010E-1
   -9.328922726524E0  -9.999999372927E-1
   -9.318393440151E0  -9.999999366781E-1
   -9.307864153778E0  -9.999999360572E-1
   -9.297334867405E0  -9.999999354297E-1
   -9.286805581032E0  -9.999999347958E-1
   -9.276276294659E0  -9.999999341553E-1
   -9.265747008286E0  -9.999999335081E-1
   -9.255217721913E0  -9.999999328542E-1
   -9.244688435540E0  -9.999999321935E-1
   -9.234159149167E0  -9.999999315259E-1
   -9.223629862794E0  -9.999999308513E-1
   -9.213100576421E0  -9.999999301697E-1
   -9.202571290048E0  -9.999999294810E-1
   -9.192042003675E0  -9.999999287850E-1
   -9.181512717301E0  -9.999999280819E-1
   -9.170983430928E0  -9.999999273713E-1
   -9.160454144555E0  -9.999999266533E-1
   -9.149924858182E0  -9.999999259279E-1
   -9.139395571809E0  -9.999999251948E-1
   -9.128866285436E0  -9.999999244540E-1
   -9.118336999063E0  -9.999999237055E-1
   -9.107807712690E0  -9.999999229491E-1
   -9.097278426317E0  -9.999999221847E-1
   -9.086749139944E0  -9.999999214123E-1
   -9.076219853571E0  -9.999999206318E-1
   -9.065690567198E0  -9.999999198431E-1
   -9.055161280825E0  -9.999999190461E-1
   -9.044631994452E0  -9.999999182407E-1
   -9.034102708079E0  -9.999999174268E-1
   -9.023573421706E0  -9.999999166044E-1
   -9.013044135333E0  -9.999999157732E-1
   -9.002514848960E0  -9.999999149333E-1
   -8.991985562587E0  -9.999999140845E-1
   -8.981456276213E0  -9.999999132267E-1
   -8.970926989840E0  -9.999999123599E-1
   -8.960397703467E0  -9.999999114838E-1
   -8.949868417094E0  -9.999999105985E-1
   -8.939339130721E0  -9.999999097038E-1
   -8.928809844348E0  -9.999999087997E-1
   -8.918280557975E0  -9.999999078859E-1
   -8.907751271602E0  -9.999999069624E-1
   -8.897221985229E0  -9.999999060291E-1
   -8.886692698856E0  -9.999999050859E-1
   -8.876163412483E0  -9.999999041326E-1
   -8.865634126110E0  -9.999999031692E-1
   -8.855104839737E0  -9.999999021956E-1
   -8.844575553364E0  -9.999999012116E-1
   -8.834046266991E0  -9.999999002170E-1
   -8.823516980618E0  -9.999998992119E-1
   -8.812987694245E0  -9.999998981960E-1
   -8.802458407872E0  -9.999998971693E-1
   -8.791929121499E0  -9.999998961315E-1
   -8.781399835125E0  -9.999998950827E-1
   -8.770870548752E0  -9.999998940227E-1
   -8.760341262379E0  -9.999998929513E-1
   -8.749811976006E0  -9.999998918684E-1
   -8.739282689633E0  -9.999998907739E-1
   -8.728753403260E0  -9.999998896676E-1
   -8.718224116887E0  -9.999998885495E-1
   -8.707694830514E0  -9.999998874193E-1
   -8.697165544141E0  -9.999998862770E-1
   -8.686636257768E0  -9.999998851224E-1
   -8.676106971395E0  -9.999998839554E-1
   -8.665577685022E0  -9.999998827758E-1
   -8.655048398649E0  -9.999998815835E-1
   -8.644519112276E0  -9.999998803783E-1
   -8.633989825903E0  -9.999998791601E-1
   -8.623460539530E0  -9.999998779287E-1
   -8.612931253157E0  -9.999998766841E-1
   -8.602401966784E0  -9.999998754259E-1
   -8.591872680411E0  -9.999998741542E-1
   -8.581343394037E0  -9.999998728686E-1
   -8.570814107664E0  -9.999998715692E-1
   -8.560284821291E0  -9.999998702556E-1
   -8.549755534918E0  -9.999998689278E-1
   -8.539226248545E0  -9.999998675856E-1
   -8.528696962172E0  -9.999998662288E-1
   -8.518167675799E0  -9.999998648572E-1
   -8.507638389426E0  -9.999998634707E-1
   -8.497109103053E0  -9.999998620691E-1
   -8.486579816680E0  -9.999998606523E-1
   -8.476050530307E0  -9.999998592200E-1
   -8.465521243934E0  -9.999998577720E-1
   -8.454991957561E0  -9.999998563083E-1
   -8.444462671188E0  -9.999998548286E-1
   -8.433933384815E0  -9.999998533327E-1
   -8.423404098442E0  -9.999998518204E-1
   -8.412874812069E0  -9.999998502916E-1
   -8.402345525696E0  -9.999998487460E-1
   -8.391816239323E0  -9.999998471835E-1
   -8.381286952950E0  -9.999998456039E-1
   -8.370757666576E0  -9.999998440069E-1
   -8.360228380203E0  -9.999998423924E-1
   -8.349699093830E0  -9.999998407601E-1
   -8.339169807457E0  -9.999998391099E-1
   -8.328640521084E0  -9.999998374415E-1
   -8.318111234711E0  -9.999998357548E-1
   -8.307581948338E0  -9.999998340495E-1
   -8.297052661965E0  -9.999998323254E-1
   -8.286523375592E0  -9.999998305822E-1
   -8.275994089219E0  -9.999998288198E-1
   -8.265464802846E0  -9.999998270379E-1
   -8.254935516473E0  -9.999998252364E-1
   -8.244406230100E0  -9.999998234148E-1
   -8.233876943727E0  -9.999998215732E-1
   -8.223347657354E0  -9.999998197111E-1
   -8.212818370981E0  -9.999998178284E-1
   -8.202289084608E0  -9.999998159248E-1
   -8.191759798235E0  -9.999998140000E-1
   -8.181230511862E0  -9.999998120539E-1
   -8.170701225488E0  -9.999998100861E-1
   -8.160171939115E0  -9.999998080965E-1
   -8.149642652742E0  -9.999998060847E-1
   -8.139113366369E0  -9.999998040505E-1
   -8.128584079996E0  -9.999998019936E-1
   -8.118054793623E0  -9.999997999138E-1
   -8.107525507250E0  -9.999997978107E-1
   -8.096996220877E0  -9.999997956842E-1
   -8.086466934504E0  -9.999997935339E-1
   -8.075937648131E0  -9.999997913595E-1
   -8.065408361758E0  -9.999997891608E-1
   -8.054879075385E0  -9.999997869375E-1
   -8.044349789012E0  -9.999997846892E-1
   -8.033820502639E0  -9.999997824157E-1
   -8.023291216266E0  -9.999997801167E-1
   -8.012761929893E0  -9.999997777919E-1
   -8.002232643520E0  -9.999997754410E-1
   -7.991703357147E0  -9.999997730636E-1
   -7.981174070774E0  -9.999997706594E-1
   -7.970644784400E0  -9.999997682282E-1
   -7.960115498027E0  -9.999997657695E-1
   -7.949586211654E0  -9.999997632832E-1
   -7.939056925281E0  -9.999997607687E-1
   -7.928527638908E0  -9.999997582259E-1
   -7.917998352535E0  -9.999997556543E-1
   -7.907469066162E0  -9.999997530536E-1
   -7.896939779789E0  -9.999997504235E-1
   -7.886410493416E0  -9.999997477636E-1
   -7.875881207043E0  -9.999997450735E-1
   -7.865351920670E0  -9.999997423529E-1
   -7.854822634297E0  -9.999997396014E-1
   -7.844293347924E0  -9.999997368187E-1
   -7.833764061551E0  -9.999997340044E-1
   -7.823234775178E0  -9.999997311580E-1
   -7.812705488805E0  -9.999997282792E-1
   -7.802176202432E0  -9.999997253676E-1
   -7.791646916059E0  -9.999997224228E-1
   -7.781117629686E0  -9.999997194444E-1
   -7.770588343312E0  -9.999997164321E-1
   -7.760059056939E0  -9.999997133853E-1
   -7.749529770566E0  -9.994835670238E-1
   -7.739000484193E0  -9.994484760457E-1
   -7.728471197820E0  -9.993983549036E-1
   -7.717941911447E0  -9.993586188659E-1
   -7.707412625074E0  -9.993167322862E-1
   -7.696883338701E0  -9.992726058483E-1
   -7.686354052328E0  -9.992261477689E-1
   -7.675824765955E0  -9.991772637724E-1
   -7.665295479582E0  -9.991258570667E-1
   -7.654766193209E0  -9.990718283192E-1
   -7.644236906836E0  -9.990150756343E-1
   -7.633707620463E0  -9.989554945313E-1
   -7.623178334090E0  -9.988929779231E-1
   -7.612649047717E0  -9.988274160961E-1
   -7.602119761344E0  -9.987586966907E-1
   -7.591590474971E0  -9.986867046822E-1
   -7.581061188598E0  -9.986113223637E-1
   -7.570531902224E0  -9.985324293286E-1
   -7.560002615851E0  -9.984499024546E-1
   -7.549473329478E0  -9.983636158890E-1
   -7.538944043105E0  -9.982734410334E-1
   -7.528414756732E0  -9.982087894934E-1
   -7.517885470359E0  -9.981115663301E-1
   -7.507356183986E0  -9.980100794421E-1
   -7.496826897613E0  -9.979041891836E-1
   -7.486297611240E0  -9.977937530840E-1
   -7.475768324867E0  -9.976786258385E-1
   -7.465239038494E0  -9.975586592993E-1
   -7.454709752121E0  -9.974337024677E-1
   -7.444180465748E0  -9.973036014874E-1
   -7.433651179375E0  -9.972085392141E-1
   -7.423121893002E0  -9.970690435949E-1
   -7.412592606629E0  -9.969239520313E-1
   -7.402063320256E0  -9.967730990492E-1
   -7.391534033883E0  -9.966163162705E-1
   -7.381004747510E0  -9.964534324098E-1
   -7.370475461136E0  -9.963329058211E-1
   -7.359946174763E0  -9.961588205721E-1
   -7.349416888390E0  -9.959781290603E-1
   -7.338887602017E0  -9.957906480922E-1
   -7.328358315644E0  -9.955961915425E-1
   -7.317829029271E0  -9.954507851910E-1
   -7.307299742898E0  -9.952434629955E-1
   -7.296770456525E0  -9.950286141167E-1
   -7.286241170152E0  -9.948060403305E-1
   -7.275711883779E0  -9.946382235742E-1
   -7.265182597406E0  -9.944013490963E-1
   -7.254653311033E0  -9.941561608788E-1
   -7.244124024660E0  -9.939024484695E-1
   -7.233594738287E0  -9.937095517697E-1
   -7.223065451914E0  -9.934399986762E-1
   -7.212536165541E0  -9.931612941075E-1
   -7.202006879168E0  -9.928732152903E-1
   -7.191477592795E0  -9.926523463848E-1
   -7.180948306422E0  -9.923467789500E-1
   -7.170419020049E0  -9.920311709039E-1
   -7.159889733675E0  -9.917877151976E-1
   -7.149360447302E0  -9.914533211754E-1
   -7.138831160929E0  -9.911081900643E-1
   -7.128301874556E0  -9.908403275338E-1
   -7.117772588183E0  -9.904750483546E-1
   -7.107243301810E0  -9.900983051137E-1
   -7.096714015437E0  -9.898041099114E-1
   -7.086184729064E0  -9.894057904057E-1
   -7.075655442691E0  -9.889952490240E-1
   -7.065126156318E0  -9.886726860011E-1
   -7.054596869945E0  -9.882390727379E-1
   -7.044067583572E0  -9.877924486319E-1
   -7.033538297199E0  -9.874393698947E-1
   -7.023009010826E0  -9.869681096087E-1
   -7.012479724453E0  -9.865941279127E-1
   -7.001950438080E0  -9.860971595880E-1
   -6.991421151707E0  -9.855857977064E-1
   -6.980891865334E0  -9.851774835634E-1
   -6.970362578961E0  -9.846387307146E-1
   -6.959833292587E0  -9.842068954560E-1
   -6.949304006214E0  -9.836395970574E-1
   -6.938774719841E0  -9.831831367389E-1
   -6.928245433468E0  -9.825861037187E-1
   -6.917716147095E0  -9.819725865360E-1
   -6.907186860722E0  -9.814758833576E-1
   -6.896657574349E0  -9.808307755229E-1
   -6.886128287976E0  -9.803064929732E-1
   -6.875599001603E0  -9.796285188858E-1
   -6.865069715230E0  -9.790754125795E-1
   -6.854540428857E0  -9.783632605713E-1
   -6.844011142484E0  -9.777800439078E-1
   -6.833481856111E0  -9.770323657973E-1
   -6.822952569738E0  -9.764177091386E-1
   -6.812423283365E0  -9.756331198070E-1
   -6.801893996992E0  -9.749856496668E-1
   -6.791364710619E0  -9.741627266427E-1
   -6.780835424246E0  -9.734810248920E-1
   -6.770306137873E0  -9.726183079685E-1
   -6.759776851499E0  -9.719009110598E-1
   -6.749247565126E0  -9.709969019297E-1
   -6.738718278753E0  -9.702423001452E-1
   -6.728188992380E0  -9.692954620530E-1
   -6.717659706007E0  -9.685020987730E-1
   -6.707130419634E0  -9.675108562104E-1
   -6.696601133261E0  -9.666771272133E-1
   -6.686071846888E0  -9.658239011454E-1
   -6.675542560515E0  -9.647641184160E-1
   -6.665013274142E0  -9.638680351215E-1
   -6.654483987769E0  -9.627597171198E-1
   -6.643954701396E0  -9.618190485174E-1
   -6.633425415023E0  -9.606604790396E-1
   -6.622896128650E0  -9.596734471568E-1
   -6.612366842277E0  -9.586638697054E-1
   -6.601837555904E0  -9.574276465492E-1
   -6.591308269531E0  -9.563689424941E-1
   -6.580778983158E0  -9.550779712975E-1
   -6.570249696785E0  -9.539682333675E-1
   -6.559720410411E0  -9.528335633697E-1
   -6.549191124038E0  -9.514579238733E-1
   -6.538661837665E0  -9.502692546781E-1
   -6.528132551292E0  -9.488341033934E-1
   -6.517603264919E0  -9.475893954470E-1
   -6.507073978546E0  -9.463171862973E-1
   -6.496544692173E0  -9.447899302364E-1
   -6.486015405800E0  -9.434585106832E-1
   -6.475486119427E0  -9.420979586006E-1
   -6.464956833054E0  -9.404739072585E-1
   -6.454427546681E0  -9.390508463621E-1
   -6.443898260308E0  -9.375969522322E-1
   -6.433368973935E0  -9.358712571488E-1
   -6.422839687562E0  -9.343514284212E-1
   -6.412310401189E0  -9.327989958993E-1
   -6.401781114816E0  -9.309666515753E-1
   -6.391251828443E0  -9.293447312454E-1
   -6.380722542070E0  -9.276883665066E-1
   -6.370193255697E0  -9.257442121283E-1
   -6.359663969323E0  -9.240146795020E-1
   -6.349134682950E0  -9.222487919540E-1
   -6.338605396577E0  -9.201875139374E-1
   -6.328076110204E0  -9.183446528242E-1
   -6.317546823831E0  -9.164634569397E-1
   -6.307017537458E0  -9.145432433586E-1
   -6.296488251085E0  -9.123174937508E-1
   -6.285958964712E0  -9.103150120794E-1
   -6.275429678339E0  -9.082714404891E-1
   -6.264900391966E0  -9.059155192151E-1
   -6.254371105593E0  -9.037855868167E-1
   -6.243841819220E0  -9.016124259794E-1
   -6.233312532847E0  -8.993952981252E-1
   -6.222783246474E0  -8.968568063896E-1
   -6.212253960101E0  -8.945476457425E-1
   -6.201724673728E0  -8.921922931327E-1
   -6.191195387355E0  -8.897899797968E-1
   -6.180666100982E0  -8.870580713528E-1
   -6.170136814609E0  -8.845578522408E-1
   -6.159607528236E0  -8.820083664822E-1
   -6.149078241862E0  -8.794088172063E-1
   -6.138548955489E0  -8.764723440562E-1
   -6.128019669116E0  -8.737688322134E-1
   -6.117490382743E0  -8.710128772044E-1
   -6.106961096370E0  -8.682036567493E-1
   -6.096431809997E0  -8.653403423029E-1
   -6.085902523624E0  -8.621318061081E-1
   -6.075373237251E0  -8.591566949176E-1
   -6.064843950878E0  -8.561250299649E-1
   -6.054314664505E0  -8.530359617708E-1
   -6.043785378132E0  -8.498886358558E-1
   -6.033256091759E0  -8.463895286630E-1
   -6.022726805386E0  -8.431223659147E-1
   -6.012197519013E0  -8.397944246447E-1
   -6.001668232640E0  -8.364048352560E-1
   -5.991138946267E0  -8.329527248208E-1
   -5.980609659894E0  -8.291442501075E-1
   -5.970080373521E0  -8.255641273723E-1
   -5.959551087148E0  -8.219189260083E-1
   -5.949021800774E0  -8.182077653038E-1
   -5.938492514401E0  -8.144297632938E-1
   -5.927963228028E0  -8.105840372099E-1
   -5.917433941655E0  -8.063787837162E-1
   -5.906904655282E0  -8.023951405953E-1
   -5.896375368909E0  -7.983412111148E-1
   -5.885846082536E0  -7.942161158165E-1
   -5.875316796163E0  -7.900189770895E-1
   -5.864787509790E0  -7.857489197547E-1
   -5.854258223417E0  -7.814050716736E-1
   -5.843728937044E0  -7.767018728355E-1
   -5.833199650671E0  -7.722086782052E-1
   -5.822670364298E0  -7.676391944850E-1
   -5.812141077925E0  -7.629925692353E-1
   -5.801611791552E0  -7.582679563898E-1
   -5.791082505179E0  -7.534645170145E-1
   -5.780553218806E0  -7.485814200562E-1
   -5.770023932433E0  -7.436178431180E-1
   -5.759494646060E0  -7.383009732077E-1
   -5.748965359686E0  -7.331756365780E-1
   -5.738436073313E0  -7.279675109582E-1
   -5.727906786940E0  -7.226758172457E-1
   -5.717377500567E0  -7.172997891808E-1
   -5.706848214194E0  -7.118386742264E-1
   -5.696318927821E0  -7.062917345504E-1
   -5.685789641448E0  -7.006582479655E-1
   -5.675260355075E0  -6.949375088803E-1
   -5.664731068702E0  -6.891288293444E-1
   -5.654201782329E0  -6.832315399746E-1
   -5.643672495956E0  -6.769998531255E-1
   -5.633143209583E0  -6.709261331384E-1
   -5.622613923210E0  -6.647620116363E-1
   -5.612084636837E0  -6.585069032847E-1
   -5.601555350464E0  -6.521602465777E-1
   -5.591026064091E0  -6.457215049108E-1
   -5.580496777718E0  -6.391901677265E-1
   -5.569967491345E0  -6.325657516507E-1
   -5.559438204972E0  -6.258478016465E-1
   -5.548908918598E0  -6.190358921287E-1
   -5.538379632225E0  -6.121296281966E-1
   -5.527850345852E0  -6.051286466849E-1
   -5.517321059479E0  -5.980326174870E-1
   -5.506791773106E0  -5.908412446275E-1
   -5.496262486733E0  -5.835542674617E-1
   -5.485733200360E0  -5.761714619251E-1
   -5.475203913987E0  -5.686926416084E-1
   -5.464674627614E0  -5.611176590240E-1
   -5.454145341241E0  -5.534464066886E-1
   -5.443616054868E0  -5.456788184137E-1
   -5.433086768495E0  -5.378148703529E-1
   -5.422557482122E0  -5.296877035709E-1
   -5.412028195749E0  -5.216354324458E-1
   -5.401498909376E0  -5.134870385180E-1
   -5.390969623003E0  -5.052426747146E-1
   -5.380440336630E0  -4.969025417893E-1
   -5.369911050257E0  -4.884668892977E-1
   -5.359381763884E0  -4.799360167244E-1
   -5.348852477510E0  -4.713102743341E-1
   -5.338323191137E0  -4.625900642904E-1
   -5.327793904764E0  -4.537758415315E-1
   -5.317264618391E0  -4.448681146209E-1
   -5.306735332018E0  -4.358674467120E-1
   -5.296206045645E0  -4.267744562458E-1
   -5.285676759272E0  -4.175898178018E-1
   -5.275147472899E0  -4.083142627857E-1
   -5.264618186526E0  -3.990485732715E-1
   -5.254088900153E0  -3.895891556184E-1
   -5.243559613780E0  -3.800413938606E-1
   -5.233030327407E0  -3.704062586740E-1
   -5.222501041034E0  -3.606847804750E-1
   -5.211971754661E0  -3.508780497673E-1
   -5.201442468288E0  -3.409872174970E-1
   -5.190913181915E0  -3.310134951840E-1
   -5.180383895542E0  -3.209581552432E-1
   -5.169854609169E0  -3.108225309148E-1
   -5.159325322796E0  -3.006080164043E-1
   -5.148796036422E0  -2.903160667496E-1
   -5.138266750049E0  -2.799481977702E-1
   -5.127737463676E0  -2.695059857451E-1
   -5.117208177303E0  -2.589910671581E-1
   -5.106678890930E0  -2.484051383649E-1
   -5.096149604557E0  -2.377499549521E-1
   -5.085620318184E0  -2.270273313996E-1
   -5.075091031811E0  -2.162391402584E-1
   -5.064561745438E0  -2.053873115036E-1
   -5.054032459065E0  -1.944738316706E-1
   -5.043503172692E0  -1.835007429502E-1
   -5.032973886319E0  -1.724896989003E-1
   -5.022444599946E0  -1.614012206553E-1
   -5.011915313573E0  -1.502597383212E-1
   -5.001386027200E0  -1.390675105472E-1
   -4.990856740827E0  -1.278268454872E-1
   -4.980327454454E0  -1.165400994008E-1
   -4.969798168081E0  -1.052096750550E-1
   -4.959268881708E0  -9.383802019718E-2
   -4.948739595335E0  -8.242762567681E-2
   -4.938210308961E0  -7.098102381917E-2
   -4.927681022588E0  -5.950078638836E-2
   -4.917151736215E0  -4.798952276020E-2
   -4.906622449842E0  -3.645073590222E-2
   -4.896093163469E0  -2.488490246041E-2
   -4.885563877096E0  -1.329627329546E-2
   -4.875034590723E0  -1.687589133276E-3
   -4.864505304350E0   9.938382868034E-3
   -4.853976017977E0   2.157885138254E-2
   -4.843446731604E0   3.323100335738E-2
   -4.832917445231E0   4.489200654696E-2
   -4.822388158858E0   5.655901180997E-2
   -4.811858872485E0   6.822601809968E-2
   -4.801329586112E0   7.989518782574E-2
   -4.790800299739E0   9.156153244298E-2
   -4.780271013366E0   1.032221621581E-1
   -4.769741726993E0   1.148741837128E-1
   -4.759212440620E0   1.265147030466E-1
   -4.748683154247E0   1.381408279747E-1
   -4.738153867873E0   1.497496708737E-1
   -4.727624581500E0   1.613210432006E-1
   -4.717095295127E0   1.728839511989E-1
   -4.706566008754E0   1.844207774013E-1
   -4.696036722381E0   1.959286821624E-1
   -4.685507436008E0   2.074048440193E-1
   -4.674978149635E0   2.188464621865E-1
   -4.664448863262E0   2.302507591372E-1
   -4.653919576889E0   2.415767066680E-1
   -4.643390290516E0   2.528942305467E-1
   -4.632861004143E0   2.641661018331E-1
   -4.622331717770E0   2.753896659696E-1
   -4.611802431397E0   2.865623040643E-1
   -4.601273145024E0   2.976814350951E-1
   -4.590743858651E0   3.087445182178E-1
   -4.580214572278E0   3.196829299530E-1
   -4.569685285905E0   3.306216181529E-1
   -4.559155999532E0   3.414967730885E-1
   -4.548626713159E0   3.523060415031E-1
   -4.538097426785E0   3.630471202676E-1
   -4.527568140412E0   3.737177581846E-1
   -4.517038854039E0   3.842220171754E-1
   -4.506509567666E0   3.947398175473E-1
   -4.495980281293E0   4.051806664100E-1
   -4.485450994920E0   4.155425430671E-1
   -4.474921708547E0   4.258234861620E-1
   -4.464392422174E0   4.359035378142E-1
   -4.453863135801E0   4.460112692318E-1
   -4.443333849428E0   4.560325008449E-1
   -4.432804563055E0   4.659655269557E-1
   -4.422275276682E0   4.758087061148E-1
   -4.411745990309E0   4.855604617429E-1
   -4.401216703936E0   4.950703047139E-1
   -4.390687417563E0   5.046289101206E-1
   -4.380158131190E0   5.140917511988E-1
   -4.369628844817E0   5.234575235404E-1
   -4.359099558444E0   5.327249895660E-1
   -4.348570272071E0   5.417189409140E-1
   -4.338040985697E0   5.507805937474E-1
   -4.327511699324E0   5.597406573997E-1
   -4.316982412951E0   5.685981689923E-1
   -4.306453126578E0   5.773522321095E-1
   -4.295923840205E0   5.858038168575E-1
   -4.285394553832E0   5.943430360226E-1
   -4.274865267459E0   6.027765719272E-1
   -4.264335981086E0   6.111037962710E-1
   -4.253806694713E0   6.191085884264E-1
   -4.243277408340E0   6.272163279989E-1
   -4.232748121967E0   6.352163333419E-1
   -4.222218835594E0   6.431082331637E-1
   -4.211689549221E0   6.508917167438E-1
   -4.201160262848E0   6.583300841290E-1
   -4.190630976475E0   6.658912738710E-1
   -4.180101690102E0   6.733435750979E-1
   -4.169572403729E0   6.806869145170E-1
   -4.159043117356E0   6.876707994946E-1
   -4.148513830983E0   6.947918911460E-1
   -4.137984544609E0   7.018042491921E-1
   -4.127455258236E0   7.087080183442E-1
   -4.116925971863E0   7.152407121080E-1
   -4.106396685490E0   7.219241032694E-1
   -4.095867399117E0   7.284997691818E-1
   -4.085338112744E0   7.349680509399E-1
   -4.074808826371E0   7.410564018308E-1
   -4.064279539998E0   7.473078076449E-1
   -4.053750253625E0   7.534532580290E-1
   -4.043220967252E0   7.594932674754E-1
   -4.032691680879E0   7.654283896073E-1
   -4.022162394506E0   7.709753173766E-1
   -4.011633108133E0   7.766998626529E-1
   -4.001103821760E0   7.823215518489E-1
   -3.990574535387E0   7.875538311425E-1
   -3.980045249014E0   7.929697326689E-1
   -3.969515962641E0   7.982851167982E-1
   -3.958986676268E0   8.035007741940E-1
   -3.948457389895E0   8.083262533759E-1
   -3.937928103522E0   8.133432989700E-1
   -3.927398817148E0   8.182633022645E-1
   -3.916869530775E0   8.230871575140E-1
   -3.906340244402E0   8.275225542636E-1
   -3.895810958029E0   8.321557959326E-1
   -3.885281671656E0   8.366958504263E-1
   -3.874752385283E0   8.411436939234E-1
   -3.864223098910E0   8.452071293091E-1
   -3.853693812537E0   8.494729931503E-1
   -3.843164526164E0   8.536498182242E-1
   -3.832635239791E0   8.574475695943E-1
   -3.822105953418E0   8.614492595753E-1
   -3.811576667045E0   8.653652006949E-1
   -3.801047380672E0   8.691964646391E-1
   -3.790518094299E0   8.726562843556E-1
   -3.779988807926E0   8.763217482209E-1
   -3.769459521553E0   8.799059346973E-1
   -3.758930235180E0   8.831263653075E-1
   -3.748400948807E0   8.865519387437E-1
   -3.737871662434E0   8.898996824105E-1
   -3.727342376060E0   8.931707109220E-1
   -3.716813089687E0   8.960885575760E-1
   -3.706283803314E0   8.992105636854E-1
   -3.695754516941E0   9.022593289686E-1
   -3.685225230568E0   9.049644596672E-1
   -3.674695944195E0   9.078714312369E-1
   -3.664166657822E0   9.107086284195E-1
   -3.653637371449E0   9.132123575515E-1
   -3.643108085076E0   9.159149305683E-1
   -3.632578798703E0   9.185511681538E-1
   -3.622049512330E0   9.211221752761E-1
   -3.611520225957E0   9.233733208801E-1
   -3.600990939584E0   9.258190662794E-1
   -3.590461653211E0   9.282029598789E-1
   -3.579932366838E0   9.302783195101E-1
   -3.569403080465E0   9.325438520383E-1
   -3.558873794092E0   9.347508474410E-1
   -3.548344507719E0   9.366609688714E-1
   -3.537815221346E0   9.387563396415E-1
   -3.527285934972E0   9.407964119634E-1
   -3.516756648599E0   9.425515242639E-1
   -3.506227362226E0   9.444865225835E-1
   -3.495698075853E0   9.463693751432E-1
   -3.485168789480E0   9.479793611679E-1
   -3.474639503107E0   9.497634869003E-1
   -3.464110216734E0   9.514985253621E-1
   -3.453580930361E0   9.529729003005E-1
   -3.443051643988E0   9.546153416872E-1
   -3.432522357615E0   9.562116535765E-1
   -3.421993071242E0   9.575595489462E-1
   -3.411463784869E0   9.590691653704E-1
   -3.400934498496E0   9.605355043257E-1
   -3.390405212123E0   9.617656568593E-1
   -3.379875925750E0   9.631509660765E-1
   -3.369346639377E0   9.644957404222E-1
   -3.358817353004E0   9.656164852894E-1
   -3.348288066631E0   9.668856546004E-1
   -3.337758780258E0   9.681169197233E-1
   -3.327229493884E0   9.691361875707E-1
   -3.316700207511E0   9.702970285302E-1
   -3.306170921138E0   9.714224826245E-1
   -3.295641634765E0   9.723477999209E-1
   -3.285112348392E0   9.734077660842E-1
   -3.274583062019E0   9.744347488353E-1
   -3.264053775646E0   9.752732411012E-1
   -3.253524489273E0   9.762394284732E-1
   -3.242995202900E0   9.771749222902E-1
   -3.232465916527E0   9.779333197438E-1
   -3.221936630154E0   9.788124694937E-1
   -3.211407343781E0   9.795221181533E-1
   -3.200878057408E0   9.803477481871E-1
   -3.190348771035E0   9.811462513292E-1
   -3.179819484662E0   9.817861227899E-1
   -3.169290198289E0   9.825351618246E-1
   -3.158760911916E0   9.832590655359E-1
   -3.148231625543E0   9.838348766036E-1
   -3.137702339170E0   9.845131430244E-1
   -3.127173052796E0   9.851681583244E-1
   -3.116643766423E0   9.856852666215E-1
   -3.106114480050E0   9.862982487859E-1
   -3.095585193677E0   9.867799627988E-1
   -3.085055907304E0   9.873531757591E-1
   -3.074526620931E0   9.879060414002E-1
   -3.063997334558E0   9.883371718698E-1
   -3.053468048185E0   9.888535150768E-1
   -3.042938761812E0   9.893511214329E-1
   -3.032409475439E0   9.897361307158E-1
   -3.021880189066E0   9.902002579530E-1
   -3.011350902693E0   9.905576567194E-1
   -3.000821616320E0   9.909902026880E-1
   -2.990292329947E0   9.914064756852E-1
   -2.979763043574E0   9.917244619900E-1
   -2.969233757201E0   9.921118742917E-1
   -2.958704470828E0   9.924063742519E-1
   -2.948175184455E0   9.927666147595E-1
   -2.937645898082E0   9.931127921099E-1
   -2.927116611708E0   9.933737939041E-1
   -2.916587325335E0   9.936952201283E-1
   -2.906058038962E0   9.939363545409E-1
   -2.895528752589E0   9.942345254281E-1
   -2.884999466216E0   9.945206061918E-1
   -2.874470179843E0   9.947334295229E-1
   -2.863940893470E0   9.949983986319E-1
   -2.853411607097E0   9.952523611265E-1
   -2.842882320724E0   9.954396893974E-1
   -2.832353034351E0   9.956745286715E-1
   -2.821823747978E0   9.958468581037E-1
   -2.811294461605E0   9.960637933458E-1
   -2.800765175232E0   9.962221571937E-1
   -2.790235888859E0   9.964223446084E-1
   -2.779706602486E0   9.966137467110E-1
   -2.769177316113E0   9.967522523117E-1
   -2.758648029740E0   9.969285633519E-1
   -2.748118743367E0   9.970554716816E-1
   -2.737589456994E0   9.972177004214E-1
   -2.727060170621E0   9.973725093199E-1
   -2.716530884247E0   9.974829485849E-1
   -2.706001597874E0   9.976251204869E-1
   -2.695472311501E0   9.977259957232E-1
   -2.684943025128E0   9.978564059666E-1
   -2.674413738755E0   9.979805920822E-1
   -2.663884452382E0   9.980679060695E-1
   -2.653355166009E0   9.981815843943E-1
   -2.642825879636E0   9.982610694065E-1
   -2.632296593263E0   9.983649951126E-1
   -2.621767306890E0   9.984372571238E-1
   -2.611238020517E0   9.985321411730E-1
   -2.600708734144E0   9.986222127270E-1
   -2.590179447771E0   9.986842581219E-1
   -2.579650161398E0   9.987663058772E-1
   -2.569120875025E0   9.988225040303E-1
   -2.558591588652E0   9.988971360292E-1
   -2.548062302279E0   9.989479632801E-1
   -2.537533015906E0   9.990157499769E-1
   -2.527003729533E0   9.990798731749E-1
   -2.516474443159E0   9.991231262560E-1
   -2.505945156786E0   9.991812201083E-1
   -2.495415870413E0   9.992201786175E-1
   -2.484886584040E0   9.992727262787E-1
   -2.474357297667E0   9.993077593779E-1
   -2.463828011294E0   9.993552123689E-1
   -2.453298724921E0   9.993999248991E-1
   -2.442769438548E0   9.994294424371E-1
   -2.432240152175E0   9.994697052238E-1
   -2.421710865802E0   9.994961269709E-1
   -2.411181579429E0   9.995323182613E-1
   -2.400652293056E0   9.995559258226E-1
   -2.390123006683E0   9.995883975407E-1
   -2.379593720310E0   9.996094510323E-1
   -2.369064433937E0   9.996385301805E-1
   -2.358535147564E0   9.996657740465E-1
   -2.348005861191E0   9.996832595478E-1
   -2.337476574818E0   9.997075766200E-1
   -2.326947288445E0   9.997230878096E-1
   -2.316418002071E0   9.997447476128E-1
   -2.305888715698E0   9.997584783781E-1
   -2.295359429325E0   9.997777300435E-1
   -2.284830142952E0   9.997898582535E-1
   -2.274300856579E0   9.998069317017E-1
   -2.263771570206E0   9.998228214231E-1
   -2.253242283833E0   9.998327273435E-1
   -2.242712997460E0   9.998467649688E-1
   -2.232183711087E0   9.998554607898E-1
   -2.221654424714E0   9.998678321914E-1
   -2.211125138341E0   9.998754469305E-1
   -2.200595851968E0   9.998863225767E-1
   -2.190066565595E0   9.998929736360E-1
   -2.179537279222E0   9.999025095750E-1
   -2.169007992849E0   9.999083035804E-1
   -2.158478706476E0   9.999166423806E-1
   -2.147949420103E0   9.999216759763E-1
   -2.137420133730E0   9.999289476266E-1
   -2.126890847357E0   9.999356370953E-1
   -2.116361560983E0   9.999396309949E-1
   -2.105832274610E0   9.999454359712E-1
   -2.095302988237E0   9.999488787452E-1
   -2.084773701864E0   9.999539007234E-1
   -2.074244415491E0   9.999568591653E-1
   -2.063715129118E0   9.999611899268E-1
   -2.053185842745E0   9.999637239442E-1
   -2.042656556372E0   9.999674462823E-1
   -2.032127269999E0   9.999696094710E-1
   -2.021597983626E0   9.999727978785E-1
   -2.011068697253E0   9.999746380616E-1
   -2.000539410880E0   9.999773593827E-1
   -1.990010124507E0   9.999789191152E-1
   -1.979480838134E0   9.999812331625E-1
   -1.968951551761E0   9.999825502028E-1
   -1.958422265388E0   9.999845103399E-1
   -1.947892979015E0   9.999856180908E-1
   -1.937363692642E0   9.999872717816E-1
   -1.926834406269E0   9.999881997003E-1
   -1.916305119895E0   9.999895890257E-1
   -1.905775833522E0   9.999903630051E-1
   -1.895246547149E0   9.999915251486E-1
   -1.884717260776E0   9.999925638899E-1
   -1.874187974403E0   9.999931355733E-1
   -1.863658688030E0   9.999939977927E-1
   -1.853129401657E0   9.999944688216E-1
   -1.842600115284E0   9.999951810357E-1
   -1.832070828911E0   9.999955672121E-1
   -1.821541542538E0   9.999961525320E-1
   -1.811012256165E0   9.999964675065E-1
   -1.800482969792E0   9.999969459911E-1
   -1.789953683419E0   9.999972015064E-1
   -1.779424397046E0   9.999975904899E-1
   -1.768895110673E0   9.999977966022E-1
   -1.758365824300E0   9.999981109952E-1
   -1.747836537927E0   9.999982762766E-1
   -1.737307251554E0   9.999985288437E-1
   -1.726777965181E0   9.999986605656E-1
   -1.716248678807E0   9.999988621790E-1
   -1.705719392434E0   9.999989664777E-1
   -1.695190106061E0   9.999991263485E-1
   -1.684660819688E0   9.999992083746E-1
   -1.674131533315E0   9.999993342632E-1
   -1.663602246942E0   9.999993983155E-1
   -1.653072960569E0   9.999994967216E-1
   -1.642543674196E0   9.999995463663E-1
   -1.632014387823E0   9.999996227005E-1
   -1.621485101450E0   9.999996608776E-1
   -1.610955815077E0   9.999997196140E-1
   -1.600426528704E0   9.999997487315E-1
   -1.589897242331E0   9.999997935447E-1
   -1.579367955958E0   9.999998155607E-1
   -1.568838669585E0   9.999998494469E-1
   -1.558309383212E0   9.999998659420E-1
   -1.547780096839E0   9.999998807620E-1
   -1.537250810466E0   9.999999035660E-1
   -1.526721524093E0   9.999999145274E-1
   -1.516192237720E0   9.999999313840E-1
   -1.505662951346E0   9.999999394083E-1
   -1.495133664973E0   9.999999517365E-1
   -1.484604378600E0   9.999999575469E-1
   -1.474075092227E0   9.999999664623E-1
   -1.463545805854E0   9.999999706214E-1
   -1.453016519481E0   9.999999769925E-1
   -1.442487233108E0   9.999999799335E-1
   -1.431957946735E0   9.999999844294E-1
   -1.421428660362E0   9.999999864824E-1
   -1.410899373989E0   9.999999896129E-1
   -1.400370087616E0   9.999999910265E-1
   -1.389840801243E0   9.999999931757E-1
   -1.379311514870E0   9.999999941350E-1
   -1.368782228497E0   9.999999955884E-1
   -1.358252942124E0   9.999999962294E-1
   -1.347723655751E0   9.999999971968E-1
   -1.337194369378E0   9.999999976181E-1
   -1.326665083005E0   9.999999982511E-1
   -1.316135796632E0   9.999999985232E-1
   -1.305606510258E0   9.999999987557E-1
   -1.295077223885E0   9.999999991024E-1
   -1.284547937512E0   9.999999992488E-1
   -1.274018651139E0   9.999999994659E-1
   -1.263489364766E0   9.999999995563E-1
   -1.252960078393E0   9.999999996894E-1
   -1.242430792020E0   9.999999997439E-1
   -1.231901505647E0   9.999999998237E-1
   -1.221372219274E0   9.999999998558E-1
   -1.210842932901E0   9.999999999025E-1
   -1.200313646528E0   9.999999999210E-1
   -1.189784360155E0   9.999999999476E-1
   -1.179255073782E0   9.999999999579E-1
   -1.168725787409E0   9.999999999726E-1
   -1.158196501036E0   9.999999999783E-1
   -1.147667214663E0   9.999999999828E-1
   -1.137137928290E0   9.999999999891E-1
   -1.126608641917E0   9.999999999915E-1
   -1.116079355544E0   9.999999999948E-1
   -1.105550069170E0   9.999999999960E-1
   -1.095020782797E0   9.999999999976E-1
   -1.084491496424E0   9.999999999982E-1
   -1.073962210051E0   9.999999999989E-1
   -1.063432923678E0   9.999999999992E-1
   -1.052903637305E0   9.999999999995E-1
   -1.042374350932E0   9.999999999997E-1
   -1.031845064559E0   9.999999999998E-1
   -1.021315778186E0   9.999999999999E-1
   -1.010786491813E0   9.999999999999E-1
   -1.000257205440E0   9.999999999999E-1
  -9.897279190669E-1    1.000000000000E0
  -9.791986326938E-1    1.000000000000E0
  -9.686693463208E-1    1.000000000000E0
  -9.581400599477E-1    1.000000000000E0
  -9.476107735747E-1    1.000000000000E0
  -9.370814872016E-1    1.000000000000E0
  -9.265522008286E-1    1.000000000000E0
  -9.160229144555E-1    1.000000000000E0
  -9.054936280825E-1    1.000000000000E0
  -8.949643417094E-1    1.000000000000E0
  -8.844350553364E-1    1.000000000000E0
  -8.739057689633E-1    1.000000000000E0
  -8.633764825903E-1    1.000000000000E0
  -8.528471962172E-1    1.000000000000E0
  -8.423179098442E-1    1.000000000000E0
  -8.317886234711E-1    1.000000000000E0
  -8.212593370981E-1    1.000000000000E0
  -8.107300507250E-1    1.000000000000E0
  -8.002007643520E-1    1.000000000000E0
  -7.896714779789E-1    1.000000000000E0
  -7.791421916059E-1    1.000000000000E0
  -7.686129052328E-1    1.000000000000E0
  -7.580836188598E-1    1.000000000000E0
  -7.475543324867E-1    1.000000000000E0
  -7.370250461136E-1    1.000000000000E0
  -7.264957597406E-1    1.000000000000E0
  -7.159664733675E-1    1.000000000000E0
  -7.054371869945E-1    1.000000000000E0
  -6.949079006214E-1    1.000000000000E0
  -6.843786142484E-1    1.000000000000E0
  -6.738493278753E-1    1.000000000000E0
  -6.633200415023E-1    1.000000000000E0
  -6.527907551292E-1    1.000000000000E0
  -6.422614687562E-1    1.000000000000E0
  -6.317321823831E-1    1.000000000000E0
  -6.212028960101E-1    1.000000000000E0
  -6.106736096370E-1    1.000000000000E0
  -6.001443232640E-1    1.000000000000E0
  -5.896150368909E-1    1.000000000000E0
  -5.790857505179E-1    1.000000000000E0
  -5.685564641448E-1    1.000000000000E0
  -5.580271777718E-1    1.000000000000E0
  -5.474978913987E-1    1.000000000000E0
  -5.369686050257E-1    1.000000000000E0
  -5.264393186526E-1    1.000000000000E0
  -5.159100322796E-1    1.000000000000E0
  -5.053807459065E-1    1.000000000000E0
  -4.948514595335E-1    1.000000000000E0
  -4.843221731604E-1    1.000000000000E0
  -4.737928867873E-1    1.000000000000E0
  -4.632636004143E-1    1.000000000000E0
  -4.527343140412E-1    1.000000000000E0
  -4.422050276682E-1    1.000000000000E0
  -4.316757412951E-1    1.000000000000E0
  -4.211464549221E-1    1.000000000000E0
  -4.106171685490E-1    1.000000000000E0
  -4.000878821760E-1    1.000000000000E0
  -3.895585958029E-1    1.000000000000E0
  -3.790293094299E-1    1.000000000000E0
  -3.685000230568E-1    1.000000000000E0
  -3.579707366838E-1    1.000000000000E0
  -3.474414503107E-1    1.000000000000E0
  -3.369121639377E-1    1.000000000000E0
  -3.263828775646E-1    1.000000000000E0
  -3.158535911916E-1    1.000000000000E0
  -3.053243048185E-1    1.000000000000E0
  -2.947950184455E-1   -1.000000000000E0
  -2.842657320724E-1   -1.000000000000E0
  -2.737364456994E-1   -1.000000000000E0
  -2.632071593263E-1   -1.000000000000E0
  -2.526778729533E-1   -1.000000000000E0
  -2.421485865802E-1   -1.000000000000E0
  -2.316193002071E-1   -1.000000000000E0
  -2.210900138341E-1   -1.000000000000E0
  -2.105607274610E-1   -1.000000000000E0
  -2.000314410880E-1   -1.000000000000E0
  -1.895021547149E-1   -1.000000000000E0
  -1.789728683419E-1   -1.000000000000E0
  -1.684435819688E-1   -1.000000000000E0
  -1.579142955958E-1   -1.000000000000E0
  -1.473850092227E-1   -1.000000000000E0
  -1.368557228497E-1   -1.000000000000E0
  -1.263264364766E-1   -1.000000000000E0
  -1.157971501036E-1   -1.000000000000E0
  -1.052678637305E-1   -1.000000000000E0
  -9.473857735747E-2   -1.000000000000E0
  -8.420929098442E-2   -1.000000000000E0
  -7.368000461136E-2   -1.000000000000E0
  -6.315071823831E-2   -1.000000000000E0
  -5.262143186526E-2   -1.000000000000E0
  -4.209214549221E-2   -1.000000000000E0
  -3.156285911916E-2   -1.000000000000E0
  -2.103357274610E-2   -1.000000000000E0
  -1.050428637305E-2   -1.000000000000E0
   2.500000000083E-5   -1.000000000000E0
