#             e [au]            f [a.u.]
   -8.516196260037E0  -9.999998646048E-1
   -8.507671463981E0  -9.999998634812E-1
   -8.499146667925E0  -9.999998623477E-1
   -8.490621871869E0  -9.999998612042E-1
   -8.482097075813E0  -9.999998600507E-1
   -8.473572279757E0  -9.999998588869E-1
   -8.465047483701E0  -9.999998577129E-1
   -8.456522687645E0  -9.999998565285E-1
   -8.447997891589E0  -9.999998553337E-1
   -8.439473095532E0  -9.999998541283E-1
   -8.430948299476E0  -9.999998529122E-1
   -8.422423503420E0  -9.999998516854E-1
   -8.413898707364E0  -9.999998504477E-1
   -8.405373911308E0  -9.999998491991E-1
   -8.396849115252E0  -9.999998479394E-1
   -8.388324319196E0  -9.999998466685E-1
   -8.379799523140E0  -9.999998453863E-1
   -8.371274727084E0  -9.999998440928E-1
   -8.362749931028E0  -9.999998427878E-1
   -8.354225134971E0  -9.999998414711E-1
   -8.345700338915E0  -9.999998401428E-1
   -8.337175542859E0  -9.999998388026E-1
   -8.328650746803E0  -9.999998374506E-1
   -8.320125950747E0  -9.999998360864E-1
   -8.311601154691E0  -9.999998347102E-1
   -8.303076358635E0  -9.999998333216E-1
   -8.294551562579E0  -9.999998319207E-1
   -8.286026766523E0  -9.999998305072E-1
   -8.277501970467E0  -9.999998290812E-1
   -8.268977174411E0  -9.999998276424E-1
   -8.260452378354E0  -9.999998261907E-1
   -8.251927582298E0  -9.999998247261E-1
   -8.243402786242E0  -9.999998232483E-1
   -8.234877990186E0  -9.999998217573E-1
   -8.226353194130E0  -9.999998202529E-1
   -8.217828398074E0  -9.999998187351E-1
   -8.209303602018E0  -9.999998172037E-1
   -8.200778805962E0  -9.999998156585E-1
   -8.192254009906E0  -9.999998140994E-1
   -8.183729213850E0  -9.999998125263E-1
   -8.175204417794E0  -9.999998109391E-1
   -8.166679621737E0  -9.999998093376E-1
   -8.158154825681E0  -9.999998077217E-1
   -8.149630029625E0  -9.999998060912E-1
   -8.141105233569E0  -9.999998044461E-1
   -8.132580437513E0  -9.999998027861E-1
   -8.124055641457E0  -9.999998011111E-1
   -8.115530845401E0  -9.999997994211E-1
   -8.107006049345E0  -9.999997977157E-1
   -8.098481253289E0  -9.999997959950E-1
   -8.089956457233E0  -9.999997942587E-1
   -8.081431661177E0  -9.999997925067E-1
   -8.072906865120E0  -9.999997907388E-1
   -8.064382069064E0  -9.999997889550E-1
   -8.055857273008E0  -9.999997871550E-1
   -8.047332476952E0  -9.999997853386E-1
   -8.038807680896E0  -9.999997835058E-1
   -8.030282884840E0  -9.999997816564E-1
   -8.021758088784E0  -9.999997797901E-1
   -8.013233292728E0  -9.999997779069E-1
   -8.004708496672E0  -9.999997760066E-1
   -7.996183700616E0  -9.999997740890E-1
   -7.987658904559E0  -9.999997721540E-1
   -7.979134108503E0  -9.999997702013E-1
   -7.970609312447E0  -9.999997682308E-1
   -7.962084516391E0  -9.999997662424E-1
   -7.953559720335E0  -9.999997642358E-1
   -7.945034924279E0  -9.999997622109E-1
   -7.936510128223E0  -9.999997601676E-1
   -7.927985332167E0  -9.999997581055E-1
   -7.919460536111E0  -9.999997560246E-1
   -7.910935740055E0  -9.999997539247E-1
   -7.902410943999E0  -9.999997518055E-1
   -7.893886147942E0  -9.999997496670E-1
   -7.885361351886E0  -9.999997475088E-1
   -7.876836555830E0  -9.999997453309E-1
   -7.868311759774E0  -9.999997431330E-1
   -7.859786963718E0  -9.999997409149E-1
   -7.851262167662E0  -9.999997386764E-1
   -7.842737371606E0  -9.999997364173E-1
   -7.834212575550E0  -9.999997341375E-1
   -7.825687779494E0  -9.999997318367E-1
   -7.817162983438E0  -9.999997295148E-1
   -7.808638187382E0  -9.999997271714E-1
   -7.800113391325E0  -9.999997248064E-1
   -7.791588595269E0  -9.999997224197E-1
   -7.783063799213E0  -9.999997200109E-1
   -7.774539003157E0  -9.999997175798E-1
   -7.766014207101E0  -9.999997151263E-1
   -7.757489411045E0  -9.999997126502E-1
   -7.748964614989E0  -9.999997101511E-1
   -7.740439818933E0  -9.999997076289E-1
   -7.731915022877E0  -9.999997050833E-1
   -7.723390226821E0  -9.999997025142E-1
   -7.714865430764E0  -9.999996999212E-1
   -7.706340634708E0  -9.999996973042E-1
   -7.697815838652E0  -9.999996946629E-1
   -7.689291042596E0  -9.999996919971E-1
   -7.680766246540E0  -9.999996893065E-1
   -7.672241450484E0  -9.999996865909E-1
   -7.663716654428E0  -9.999996838500E-1
   -7.655191858372E0  -9.999996810836E-1
   -7.646667062316E0  -9.999996782914E-1
   -7.638142266260E0  -9.999996754732E-1
   -7.629617470204E0  -9.999996726288E-1
   -7.621092674147E0  -9.999996697577E-1
   -7.612567878091E0  -9.999996668599E-1
   -7.604043082035E0  -9.999996639350E-1
   -7.595518285979E0  -9.999996609828E-1
   -7.586993489923E0  -9.999996580029E-1
   -7.578468693867E0  -9.999996549952E-1
   -7.569943897811E0  -9.999996519593E-1
   -7.561419101755E0  -9.999996488950E-1
   -7.552894305699E0  -9.999996458019E-1
   -7.544369509643E0  -9.999996426798E-1
   -7.535844713587E0  -9.999996395284E-1
   -7.527319917530E0  -9.999996363474E-1
   -7.518795121474E0  -9.999996331365E-1
   -7.510270325418E0  -9.999996298954E-1
   -7.501745529362E0  -9.999996266238E-1
   -7.493220733306E0  -9.999996233214E-1
   -7.484695937250E0  -9.999996199879E-1
   -7.476171141194E0  -9.999996166229E-1
   -7.467646345138E0  -9.999996132262E-1
   -7.459121549082E0  -9.999996097975E-1
   -7.450596753026E0  -9.999996063364E-1
   -7.442071956970E0  -9.999996028426E-1
   -7.433547160913E0  -9.999995993157E-1
   -7.425022364857E0  -9.999995957555E-1
   -7.416497568801E0  -9.999995921615E-1
   -7.407972772745E0  -9.999995885335E-1
   -7.399447976689E0  -9.999995848712E-1
   -7.390923180633E0  -9.999995811741E-1
   -7.382398384577E0  -9.999995774419E-1
   -7.373873588521E0  -9.999995736742E-1
   -7.365348792465E0  -9.999995698708E-1
   -7.356823996409E0  -9.999995660312E-1
   -7.348299200352E0  -9.999995621550E-1
   -7.339774404296E0  -9.999995582420E-1
   -7.331249608240E0  -9.999995542917E-1
   -7.322724812184E0  -9.999995503037E-1
   -7.314200016128E0  -9.999995462777E-1
   -7.305675220072E0  -9.999995422133E-1
   -7.297150424016E0  -9.999995381101E-1
   -7.288625627960E0  -9.999995339676E-1
   -7.280100831904E0  -9.999995297856E-1
   -7.271576035848E0  -9.999995255635E-1
   -7.263051239792E0  -9.999995213011E-1
   -7.254526443735E0  -9.999995169978E-1
   -7.246001647679E0  -9.999995126532E-1
   -7.237476851623E0  -9.999995082670E-1
   -7.228952055567E0  -9.999995038387E-1
   -7.220427259511E0  -9.999994993678E-1
   -7.211902463455E0  -9.999994948540E-1
   -7.203377667399E0  -9.999994902968E-1
   -7.194852871343E0  -9.999994856957E-1
   -7.186328075287E0  -9.999994810504E-1
   -7.177803279231E0  -9.999994763603E-1
   -7.169278483175E0  -9.999994716250E-1
   -7.160753687118E0  -9.999994668440E-1
   -7.152228891062E0  -9.999994620168E-1
   -7.143704095006E0  -9.999994571431E-1
   -7.135179298950E0  -9.999994522222E-1
   -7.126654502894E0  -9.999994472538E-1
   -7.118129706838E0  -9.999994422372E-1
   -7.109604910782E0  -9.999994371721E-1
   -7.101080114726E0  -9.999994320580E-1
   -7.092555318670E0  -9.999994268942E-1
   -7.084030522614E0  -9.999994216803E-1
   -7.075505726557E0  -9.999994164159E-1
   -7.066980930501E0  -9.999994111003E-1
   -7.058456134445E0  -9.999994057330E-1
   -7.049931338389E0  -9.999994003135E-1
   -7.041406542333E0  -9.999993948413E-1
   -7.032881746277E0  -9.999993893158E-1
   -7.024356950221E0  -9.999993837364E-1
   -7.015832154165E0  -9.999993781026E-1
   -7.007307358109E0  -9.999993724139E-1
   -6.998782562053E0  -9.999993666696E-1
   -6.990257765997E0  -9.999993608692E-1
   -6.981732969940E0  -9.999993550120E-1
   -6.973208173884E0  -9.999993490976E-1
   -6.964683377828E0  -9.999993431253E-1
   -6.956158581772E0  -9.999993370944E-1
   -6.947633785716E0  -9.999993310045E-1
   -6.939108989660E0  -9.999993248548E-1
   -6.930584193604E0  -9.999993186447E-1
   -6.922059397548E0  -9.999993123737E-1
   -6.913534601492E0  -9.999993060410E-1
   -6.905009805436E0  -9.999992996460E-1
   -6.896485009380E0  -9.999992931881E-1
   -6.887960213323E0  -9.999992866667E-1
   -6.879435417267E0  -9.999992800809E-1
   -6.870910621211E0  -9.999992734302E-1
   -6.862385825155E0  -9.999992667139E-1
   -6.853861029099E0  -9.999992599313E-1
   -6.845336233043E0  -9.999992530816E-1
   -6.836811436987E0  -9.999992461642E-1
   -6.828286640931E0  -9.999992391784E-1
   -6.819761844875E0  -9.999992321235E-1
   -6.811237048819E0  -9.999992249986E-1
   -6.802712252763E0  -9.999992178031E-1
   -6.794187456706E0  -9.999992105362E-1
   -6.785662660650E0  -9.999992031972E-1
   -6.777137864594E0  -9.999991957853E-1
   -6.768613068538E0  -9.999991882998E-1
   -6.760088272482E0  -9.999991807397E-1
   -6.751563476426E0  -9.999991731044E-1
   -6.743038680370E0  -9.999991653931E-1
   -6.734513884314E0  -9.999991576049E-1
   -6.725989088258E0  -9.999991497391E-1
   -6.717464292202E0  -9.999991417947E-1
   -6.708939496145E0  -9.999991337710E-1
   -6.700414700089E0  -9.999991256671E-1
   -6.691889904033E0  -9.999991174821E-1
   -6.683365107977E0  -9.999991092153E-1
   -6.674840311921E0  -9.999991008656E-1
   -6.666315515865E0  -9.999990924323E-1
   -6.657790719809E0  -9.999990839145E-1
   -6.649265923753E0  -9.999990753111E-1
   -6.640741127697E0  -9.999990666214E-1
   -6.632216331641E0  -9.999990578443E-1
   -6.623691535585E0  -9.999990489790E-1
   -6.615166739528E0  -9.999990400244E-1
   -6.606641943472E0  -9.999990309797E-1
   -6.598117147416E0  -9.999990218439E-1
   -6.589592351360E0  -9.999990126159E-1
   -6.581067555304E0  -9.999990032949E-1
   -6.572542759248E0  -9.999989938797E-1
   -6.564017963192E0  -9.999989843694E-1
   -6.555493167136E0  -9.999989747629E-1
   -6.546968371080E0  -9.999989650592E-1
   -6.538443575024E0  -9.999989552573E-1
   -6.529918778968E0  -9.999989453560E-1
   -6.521393982911E0  -9.999989353544E-1
   -6.512869186855E0  -9.999989252513E-1
   -6.504344390799E0  -9.999989150456E-1
   -6.495819594743E0  -9.999989047362E-1
   -6.487294798687E0  -9.999988943219E-1
   -6.478770002631E0  -9.999988838017E-1
   -6.470245206575E0  -9.999988731744E-1
   -6.461720410519E0  -9.999988624388E-1
   -6.453195614463E0  -9.999988515938E-1
   -6.444670818407E0  -9.999988406380E-1
   -6.436146022350E0  -9.999988295705E-1
   -6.427621226294E0  -9.999988183898E-1
   -6.419096430238E0  -9.999988070948E-1
   -6.410571634182E0  -9.999987956842E-1
   -6.402046838126E0  -9.999987841567E-1
   -6.393522042070E0  -9.999987725112E-1
   -6.384997246014E0  -9.999987607462E-1
   -6.376472449958E0  -9.999987488605E-1
   -6.367947653902E0  -9.999987368527E-1
   -6.359422857846E0  -9.999987247215E-1
   -6.350898061790E0  -9.999987124656E-1
   -6.342373265733E0  -9.999987000835E-1
   -6.333848469677E0  -9.999986875739E-1
   -6.325323673621E0  -9.999986749354E-1
   -6.316798877565E0  -9.999986621666E-1
   -6.308274081509E0  -9.999986492659E-1
   -6.299749285453E0  -9.999986362320E-1
   -6.291224489397E0  -9.999986230634E-1
   -6.282699693341E0  -9.999986097586E-1
   -6.274174897285E0  -9.999985963160E-1
   -6.265650101229E0  -9.999985827342E-1
   -6.257125305173E0  -9.999985690116E-1
   -6.248600509116E0  -9.999985551467E-1
   -6.240075713060E0  -9.999985411378E-1
   -6.231550917004E0  -9.999985269834E-1
   -6.223026120948E0  -9.999985126818E-1
   -6.214501324892E0  -9.999984982314E-1
   -6.205976528836E0  -9.999984836306E-1
   -6.197451732780E0  -9.999984688777E-1
   -6.188926936724E0  -9.999984539709E-1
   -6.180402140668E0  -9.999984389085E-1
   -6.171877344612E0  -9.999984236889E-1
   -6.163352548555E0  -9.999984083102E-1
   -6.154827752499E0  -9.999983927707E-1
   -6.146302956443E0  -9.999983770686E-1
   -6.137778160387E0  -9.999983612020E-1
   -6.129253364331E0  -9.999983451691E-1
   -6.120728568275E0  -9.999983289680E-1
   -6.112203772219E0  -9.999983125969E-1
   -6.103678976163E0  -9.999982960537E-1
   -6.095154180107E0  -9.999982793367E-1
   -6.086629384051E0  -9.999982624438E-1
   -6.078104587995E0  -9.999982453731E-1
   -6.069579791938E0  -9.999982281224E-1
   -6.061054995882E0  -9.999982106899E-1
   -6.052530199826E0  -9.999981930734E-1
   -6.044005403770E0  -9.999981752709E-1
   -6.035480607714E0  -9.999981572803E-1
   -6.026955811658E0  -9.999981390994E-1
   -6.018431015602E0  -9.999981207260E-1
   -6.009906219546E0  -9.999981021580E-1
   -6.001381423490E0  -9.999980833932E-1
   -5.992856627434E0  -9.999980644294E-1
   -5.984331831378E0  -9.999980452642E-1
   -5.975807035321E0  -9.999980258953E-1
   -5.967282239265E0  -9.999980063206E-1
   -5.958757443209E0  -9.999979865375E-1
   -5.950232647153E0  -9.999979665438E-1
   -5.941707851097E0  -9.999979463370E-1
   -5.933183055041E0  -9.999979259146E-1
   -5.924658258985E0  -9.999979052743E-1
   -5.916133462929E0  -9.999978844135E-1
   -5.907608666873E0  -9.999978633297E-1
   -5.899083870817E0  -9.999978420204E-1
   -5.890559074761E0  -9.999978204829E-1
   -5.882034278704E0  -9.999977987146E-1
   -5.873509482648E0  -9.999977767129E-1
   -5.864984686592E0  -9.999977544750E-1
   -5.856459890536E0  -9.999977319984E-1
   -5.847935094480E0  -9.999977092801E-1
   -5.839410298424E0  -9.999976863174E-1
   -5.830885502368E0  -9.999976631076E-1
   -5.822360706312E0  -9.999976396477E-1
   -5.813835910256E0  -9.999976159348E-1
   -5.805311114200E0  -9.999975919661E-1
   -5.796786318143E0  -9.999975677385E-1
   -5.788261522087E0  -9.999975432491E-1
   -5.779736726031E0  -9.999975184948E-1
   -5.771211929975E0  -9.999974934725E-1
   -5.762687133919E0  -9.999974681791E-1
   -5.754162337863E0  -9.999974426115E-1
   -5.745637541807E0  -9.999974167665E-1
   -5.737112745751E0  -9.999973906409E-1
   -5.728587949695E0  -9.999973642312E-1
   -5.720063153639E0  -9.999973375344E-1
   -5.711538357583E0  -9.999973105469E-1
   -5.703013561526E0  -9.999972832654E-1
   -5.694488765470E0  -9.999972556865E-1
   -5.685963969414E0  -9.999972278066E-1
   -5.677439173358E0  -9.999971996223E-1
   -5.668914377302E0  -9.999971711300E-1
   -5.660389581246E0  -9.999971423260E-1
   -5.651864785190E0  -9.999971132066E-1
   -5.643339989134E0  -9.999970837683E-1
   -5.634815193078E0  -9.999970540072E-1
   -5.626290397022E0  -9.999970239194E-1
   -5.617765600966E0  -9.999969935013E-1
   -5.609240804909E0  -9.999969627488E-1
   -5.600716008853E0  -9.999969316580E-1
   -5.592191212797E0  -9.999969002249E-1
   -5.583666416741E0  -9.999968684455E-1
   -5.575141620685E0  -9.999968363156E-1
   -5.566616824629E0  -9.999968038311E-1
   -5.558092028573E0  -9.999967709878E-1
   -5.549567232517E0  -9.999967377814E-1
   -5.541042436461E0  -9.999967042076E-1
   -5.532517640405E0  -9.999966702621E-1
   -5.523992844348E0  -9.999966359404E-1
   -5.515468048292E0  -9.999966012379E-1
   -5.506943252236E0  -9.999965661503E-1
   -5.498418456180E0  -9.999965306729E-1
   -5.489893660124E0  -9.999964948009E-1
   -5.481368864068E0  -9.999964585298E-1
   -5.472844068012E0  -9.999964218547E-1
   -5.464319271956E0  -9.999963847707E-1
   -5.455794475900E0  -9.999963472731E-1
   -5.447269679844E0  -9.999963093567E-1
   -5.438744883788E0  -9.999962710166E-1
   -5.430220087731E0  -9.999962322477E-1
   -5.421695291675E0  -9.999961930449E-1
   -5.413170495619E0  -9.999961534028E-1
   -5.404645699563E0  -9.999961133162E-1
   -5.396120903507E0  -9.999960727797E-1
   -5.387596107451E0  -9.999960317879E-1
   -5.379071311395E0  -9.999959903353E-1
   -5.370546515339E0  -9.999959484163E-1
   -5.362021719283E0  -9.999959060252E-1
   -5.353496923227E0  -9.999958631564E-1
   -5.344972127171E0  -9.999958198040E-1
   -5.336447331114E0  -9.999957759622E-1
   -5.327922535058E0  -9.999957316249E-1
   -5.319397739002E0  -9.999956867863E-1
   -5.310872942946E0  -9.999956414401E-1
   -5.302348146890E0  -9.999955955802E-1
   -5.293823350834E0  -9.999955492003E-1
   -5.285298554778E0  -9.999955022941E-1
   -5.276773758722E0  -9.999954548551E-1
   -5.268248962666E0  -9.999954068768E-1
   -5.259724166610E0  -9.999953583525E-1
   -5.251199370554E0  -9.999953092757E-1
   -5.242674574497E0  -9.999952596395E-1
   -5.234149778441E0  -9.999952094371E-1
   -5.225624982385E0  -9.999951586614E-1
   -5.217100186329E0  -9.999951073055E-1
   -5.208575390273E0  -9.999950553622E-1
   -5.200050594217E0  -9.999950028242E-1
   -5.191525798161E0  -9.999949496842E-1
   -5.183001002105E0  -9.999948959348E-1
   -5.174476206049E0  -9.999948415684E-1
   -5.165951409993E0  -9.999947865774E-1
   -5.157426613936E0  -9.999947309541E-1
   -5.148901817880E0  -9.999946746905E-1
   -5.140377021824E0  -9.999946177789E-1
   -5.131852225768E0  -9.999945602111E-1
   -5.123327429712E0  -9.999945019789E-1
   -5.114802633656E0  -9.999944430741E-1
   -5.106277837600E0  -9.999943834883E-1
   -5.097753041544E0  -9.999943232131E-1
   -5.089228245488E0  -9.999942622397E-1
   -5.080703449432E0  -9.999942005596E-1
   -5.072178653376E0  -9.999941381637E-1
   -5.063653857319E0  -9.999940750433E-1
   -5.055129061263E0  -9.999940111892E-1
   -5.046604265207E0  -9.999939465922E-1
   -5.038079469151E0  -9.999938812429E-1
   -5.029554673095E0  -9.999938151320E-1
   -5.021029877039E0  -9.999937482498E-1
   -5.012505080983E0  -9.999936805867E-1
   -5.003980284927E0  -9.999936121327E-1
   -4.995455488871E0  -9.999935428779E-1
   -4.986930692815E0  -9.999934728122E-1
   -4.978405896759E0  -9.999934019254E-1
   -4.969881100702E0  -9.999933302070E-1
   -4.961356304646E0  -9.999932576465E-1
   -4.952831508590E0  -9.999931842333E-1
   -4.944306712534E0  -9.999931099564E-1
   -4.935781916478E0  -9.999930348050E-1
   -4.927257120422E0  -9.999929587680E-1
   -4.918732324366E0  -9.999928818340E-1
   -4.910207528310E0  -9.999928039915E-1
   -4.901682732254E0  -9.999927252292E-1
   -4.893157936198E0  -9.999926455351E-1
   -4.884633140141E0  -9.999925648973E-1
   -4.876108344085E0  -9.999924833039E-1
   -4.867583548029E0  -9.999924007425E-1
   -4.859058751973E0  -9.999923172008E-1
   -4.850533955917E0  -9.999922326662E-1
   -4.842009159861E0  -9.999921471259E-1
   -4.833484363805E0  -9.999920605669E-1
   -4.824959567749E0  -9.999919729763E-1
   -4.816434771693E0  -9.999918843406E-1
   -4.807909975637E0  -9.999917946464E-1
   -4.799385179581E0  -9.999917038800E-1
   -4.790860383524E0  -9.999916120276E-1
   -4.782335587468E0  -9.999915190752E-1
   -4.773810791412E0  -9.999914250084E-1
   -4.765285995356E0  -9.999913298129E-1
   -4.756761199300E0  -9.999912334739E-1
   -4.748236403244E0  -9.999911359767E-1
   -4.739711607188E0  -9.999910373061E-1
   -4.731186811132E0  -9.999909374469E-1
   -4.722662015076E0  -9.999908363837E-1
   -4.714137219020E0  -9.999907341006E-1
   -4.705612422964E0  -9.999906305817E-1
   -4.697087626907E0  -9.999905258110E-1
   -4.688562830851E0  -9.999904197720E-1
   -4.680038034795E0  -9.999903124482E-1
   -4.671513238739E0  -9.999902038225E-1
   -4.662988442683E0  -9.999900938781E-1
   -4.654463646627E0  -9.999899825975E-1
   -4.645938850571E0  -9.999898699631E-1
   -4.637414054515E0  -9.999897559572E-1
   -4.628889258459E0  -9.999896405617E-1
   -4.620364462403E0  -9.999895237581E-1
   -4.611839666347E0  -9.999894055280E-1
   -4.603314870290E0  -9.999892858524E-1
   -4.594790074234E0  -9.999891647122E-1
   -4.586265278178E0  -9.999890420880E-1
   -4.577740482122E0  -9.999889179601E-1
   -4.569215686066E0  -9.999887923085E-1
   -4.560690890010E0  -9.999886651131E-1
   -4.552166093954E0  -9.999885363531E-1
   -4.543641297898E0  -9.999884060078E-1
   -4.535116501842E0  -9.999882740560E-1
   -4.526591705786E0  -9.999881404763E-1
   -4.518066909729E0  -9.999880052468E-1
   -4.509542113673E0  -9.999878683456E-1
   -4.501017317617E0  -9.999877297503E-1
   -4.492492521561E0  -9.999875894380E-1
   -4.483967725505E0  -9.999874473857E-1
   -4.475442929449E0  -9.999873035702E-1
   -4.466918133393E0  -9.999871579675E-1
   -4.458393337337E0  -9.999870105537E-1
   -4.449868541281E0  -9.999868613043E-1
   -4.441343745225E0  -9.999867101945E-1
   -4.432818949169E0  -9.999865571993E-1
   -4.424294153112E0  -9.999864022930E-1
   -4.415769357056E0  -9.999862454498E-1
   -4.407244561000E0  -9.999860866433E-1
   -4.398719764944E0  -9.999859258471E-1
   -4.390194968888E0  -9.999857630339E-1
   -4.381670172832E0  -9.999855981764E-1
   -4.373145376776E0  -9.999854312467E-1
   -4.364620580720E0  -9.999852622166E-1
   -4.356095784664E0  -9.999850910573E-1
   -4.347570988608E0  -9.999849177398E-1
   -4.339046192552E0  -9.999847422345E-1
   -4.330521396495E0  -9.999845645114E-1
   -4.321996600439E0  -9.999843845401E-1
   -4.313471804383E0  -9.999842022898E-1
   -4.304947008327E0  -9.999840177292E-1
   -4.296422212271E0  -9.999838308263E-1
   -4.287897416215E0  -9.999836415489E-1
   -4.279372620159E0  -9.999834498643E-1
   -4.270847824103E0  -9.999832557393E-1
   -4.262323028047E0  -9.999830591400E-1
   -4.253798231991E0  -9.999828600323E-1
   -4.245273435934E0  -9.999826583813E-1
   -4.236748639878E0  -9.999824541518E-1
   -4.228223843822E0  -9.999822473079E-1
   -4.219699047766E0  -9.999820378133E-1
   -4.211174251710E0  -9.999818256311E-1
   -4.202649455654E0  -9.999816107238E-1
   -4.194124659598E0  -9.999813930533E-1
   -4.185599863542E0  -9.999811725811E-1
   -4.177075067486E0  -9.999809492679E-1
   -4.168550271430E0  -9.999807230740E-1
   -4.160025475374E0  -9.999804939589E-1
   -4.151500679317E0  -9.999802618816E-1
   -4.142975883261E0  -9.999800268005E-1
   -4.134451087205E0  -9.999797886734E-1
   -4.125926291149E0  -9.999795474572E-1
   -4.117401495093E0  -9.999793031084E-1
   -4.108876699037E0  -9.999790555828E-1
   -4.100351902981E0  -9.999788048354E-1
   -4.091827106925E0  -9.999785508205E-1
   -4.083302310869E0  -9.999782934920E-1
   -4.074777514813E0  -9.999780328027E-1
   -4.066252718757E0  -9.999777687049E-1
   -4.057727922700E0  -9.999775011500E-1
   -4.049203126644E0  -9.999772300889E-1
   -4.040678330588E0  -9.999769554715E-1
   -4.032153534532E0  -9.999766772471E-1
   -4.023628738476E0  -9.984261782319E-1
   -4.015103942420E0  -9.983748909448E-1
   -4.006579146364E0  -9.983500774457E-1
   -3.998054350308E0  -9.982966110338E-1
   -3.989529554252E0  -9.982417029792E-1
   -3.981004758196E0  -9.981853225718E-1
   -3.972479962140E0  -9.981274386302E-1
   -3.963955166083E0  -9.980680194971E-1
   -3.955430370027E0  -9.980070330356E-1
   -3.946905573971E0  -9.979766451650E-1
   -3.938380777915E0  -9.979131172139E-1
   -3.929855981859E0  -9.978479319544E-1
   -3.921331185803E0  -9.977810552909E-1
   -3.912806389747E0  -9.977124526230E-1
   -3.904281593691E0  -9.976420888414E-1
   -3.895756797635E0  -9.976061676451E-1
   -3.887232001579E0  -9.975329221489E-1
   -3.878707205522E0  -9.974578165639E-1
   -3.870182409466E0  -9.973808136889E-1
   -3.861657613410E0  -9.973018757879E-1
   -3.853132817354E0  -9.972209645855E-1
   -3.844608021298E0  -9.971786608702E-1
   -3.836083225242E0  -9.970944913308E-1
   -3.827558429186E0  -9.970082398488E-1
   -3.819033633130E0  -9.969198659169E-1
   -3.810508837074E0  -9.968293284618E-1
   -3.801984041018E0  -9.967810796801E-1
   -3.793459244962E0  -9.966869434379E-1
   -3.784934448905E0  -9.965905264411E-1
   -3.776409652849E0  -9.964917852598E-1
   -3.767884856793E0  -9.963906758701E-1
   -3.759360060737E0  -9.963357683910E-1
   -3.750835264681E0  -9.962306907009E-1
   -3.742310468625E0  -9.961231184531E-1
   -3.733785672569E0  -9.960130051377E-1
   -3.725260876513E0  -9.959003036216E-1
   -3.716736080457E0  -9.957849661435E-1
   -3.708211284401E0  -9.957208818394E-1
   -3.699686488345E0  -9.956010872341E-1
   -3.691161692288E0  -9.954785186517E-1
   -3.682636896232E0  -9.953531256841E-1
   -3.674112100176E0  -9.952248572641E-1
   -3.665587304120E0  -9.951522721528E-1
   -3.657062508064E0  -9.950191059389E-1
   -3.648537712008E0  -9.948829158914E-1
   -3.640012915952E0  -9.947436481538E-1
   -3.631488119896E0  -9.946637372825E-1
   -3.622963323840E0  -9.945191978759E-1
   -3.614438527784E0  -9.943714236371E-1
   -3.605913731727E0  -9.942203577975E-1
   -3.597388935671E0  -9.940659428701E-1
   -3.588864139615E0  -9.939757425292E-1
   -3.580339343559E0  -9.938155491471E-1
   -3.571814547503E0  -9.936518380284E-1
   -3.563289751447E0  -9.934845486187E-1
   -3.554764955391E0  -9.933136196115E-1
   -3.546240159335E0  -9.932119959425E-1
   -3.537715363279E0  -9.930347415331E-1
   -3.529190567223E0  -9.928536666974E-1
   -3.520665771167E0  -9.926687068985E-1
   -3.512140975110E0  -9.925572603223E-1
   -3.503616179054E0  -9.923655112312E-1
   -3.495091382998E0  -9.921696860417E-1
   -3.486566586942E0  -9.919697168481E-1
   -3.478041790886E0  -9.918476203750E-1
   -3.469516994830E0  -9.916403691758E-1
   -3.460992198774E0  -9.914287720439E-1
   -3.452467402718E0  -9.912127575599E-1
   -3.443942606662E0  -9.909922534517E-1
   -3.435417810606E0  -9.908553049689E-1
   -3.426893014550E0  -9.906268548543E-1
   -3.418368218493E0  -9.903936990744E-1
   -3.409843422437E0  -9.901557616596E-1
   -3.401318626381E0  -9.900060636657E-1
   -3.392793830325E0  -9.897596171729E-1
   -3.384269034269E0  -9.895081610526E-1
   -3.375744238213E0  -9.892516154822E-1
   -3.367219442157E0  -9.890881331668E-1
   -3.358694646101E0  -9.888224815227E-1
   -3.350169850045E0  -9.885514999310E-1
   -3.341645053989E0  -9.882751045524E-1
   -3.333120257933E0  -9.880967310770E-1
   -3.324595461876E0  -9.878105969889E-1
   -3.316070665820E0  -9.875187955391E-1
   -3.307545869764E0  -9.872212387018E-1
   -3.299021073708E0  -9.870267910236E-1
   -3.290496277652E0  -9.867188254166E-1
   -3.281971481596E0  -9.864048371749E-1
   -3.273446685540E0  -9.860847339127E-1
   -3.264921889484E0  -9.858729484282E-1
   -3.256397093428E0  -9.855417270568E-1
   -3.247872297372E0  -9.852041091291E-1
   -3.239347501315E0  -9.848599977150E-1
   -3.230822705259E0  -9.846295257197E-1
   -3.222297909203E0  -9.842735456576E-1
   -3.213773113147E0  -9.839107756463E-1
   -3.205248317091E0  -9.836657427572E-1
   -3.196723521035E0  -9.832905169911E-1
   -3.188198724979E0  -9.829081929911E-1
   -3.179673928923E0  -9.825186653357E-1
   -3.171149132867E0  -9.822523833016E-1
   -3.162624336811E0  -9.818495720915E-1
   -3.154099540755E0  -9.814392328286E-1
   -3.145574744698E0  -9.810212550127E-1
   -3.137049948642E0  -9.807321162253E-1
   -3.128525152586E0  -9.802999801694E-1
   -3.120000356530E0  -9.798598643541E-1
   -3.111475560474E0  -9.795529050763E-1
   -3.102950764418E0  -9.790979460122E-1
   -3.094425968362E0  -9.786346526621E-1
   -3.085901172306E0  -9.781629050353E-1
   -3.077376376250E0  -9.778300393203E-1
   -3.068851580194E0  -9.773424859851E-1
   -3.060326784138E0  -9.768461057506E-1
   -3.051801988081E0  -9.764930345674E-1
   -3.043277192025E0  -9.759800943950E-1
   -3.034752395969E0  -9.754579403595E-1
   -3.026227599913E0  -9.749264423005E-1
   -3.017702803857E0  -9.745440670497E-1
   -3.009178007801E0  -9.739949516425E-1
   -3.000653211745E0  -9.734360858044E-1
   -2.992128415689E0  -9.730308471499E-1
   -2.983603619633E0  -9.724535348646E-1
   -2.975078823577E0  -9.718660503405E-1
   -2.966554027520E0  -9.714367267910E-1
   -2.958029231464E0  -9.708299326101E-1
   -2.949504435408E0  -9.702125285042E-1
   -2.940979639352E0  -9.695843684723E-1
   -2.932454843296E0  -9.691202295263E-1
   -2.923930047240E0  -9.684715533460E-1
   -2.915405251184E0  -9.678116620918E-1
   -2.906880455128E0  -9.673203469830E-1
   -2.898355659072E0  -9.666389930139E-1
   -2.889830863016E0  -9.659459478376E-1
   -2.881306066960E0  -9.654260376707E-1
   -2.872781270903E0  -9.647105453322E-1
   -2.864256474847E0  -9.639828681781E-1
   -2.855731678791E0  -9.634328801398E-1
   -2.847206882735E0  -9.626817323336E-1
   -2.838682086679E0  -9.619178881359E-1
   -2.830157290623E0  -9.611411786075E-1
   -2.821632494567E0  -9.605478947448E-1
   -2.813107698511E0  -9.597462897726E-1
   -2.804582902455E0  -9.589312837221E-1
   -2.796058106399E0  -9.583041864657E-1
   -2.787533310343E0  -9.574631666641E-1
   -2.779008514286E0  -9.566081909474E-1
   -2.770483718230E0  -9.559455690356E-1
   -2.761958922174E0  -9.550634183795E-1
   -2.753434126118E0  -9.541667373996E-1
   -2.744909330062E0  -9.534668061361E-1
   -2.736384534006E0  -9.525417449968E-1
   -2.727859737950E0  -9.516015590820E-1
   -2.719334941894E0  -9.508624581303E-1
   -2.710810145838E0  -9.498926416690E-1
   -2.702285349782E0  -9.489070854712E-1
   -2.693760553726E0  -9.481268766803E-1
   -2.685235757669E0  -9.471103932795E-1
   -2.676710961613E0  -9.460775342159E-1
   -2.668186165557E0  -9.452541994803E-1
   -2.659661369501E0  -9.441890692111E-1
   -2.651136573445E0  -9.431069059543E-1
   -2.642611777389E0  -9.422383451205E-1
   -2.634086981333E0  -9.411225182715E-1
   -2.625562185277E0  -9.399889792955E-1
   -2.617037389221E0  -9.390730081395E-1
   -2.608512593165E0  -9.379043638165E-1
   -2.599987797108E0  -9.367173060214E-1
   -2.591463001052E0  -9.357516543005E-1
   -2.582938204996E0  -9.345279991027E-1
   -2.574413408940E0  -9.332852065246E-1
   -2.565888612884E0  -9.322675161369E-1
   -2.557363816828E0  -9.309865829415E-1
   -2.548839020772E0  -9.296857655611E-1
   -2.540314224716E0  -9.286135888205E-1
   -2.531789428660E0  -9.272730356751E-1
   -2.523264632604E0  -9.261640228659E-1
   -2.514739836548E0  -9.247826264190E-1
   -2.506215040491E0  -9.233800355799E-1
   -2.497690244435E0  -9.222122572112E-1
   -2.489165448379E0  -9.207671385906E-1
   -2.480640652323E0  -9.193000157015E-1
   -2.472115856267E0  -9.180707764782E-1
   -2.463591060211E0  -9.165593877977E-1
   -2.455066264155E0  -9.150251612573E-1
   -2.446541468099E0  -9.137316713160E-1
   -2.438016672043E0  -9.121513870954E-1
   -2.429491875987E0  -9.105474076318E-1
   -2.420967079931E0  -9.091867817214E-1
   -2.412442283874E0  -9.075348986074E-1
   -2.403917487818E0  -9.061287647335E-1
   -2.395392691762E0  -9.044276959956E-1
   -2.386867895706E0  -9.027014327449E-1
   -2.378343099650E0  -9.012231369167E-1
   -2.369818303594E0  -8.994457505578E-1
   -2.361293507538E0  -8.976422482712E-1
   -2.352768711482E0  -8.960886472140E-1
   -2.344243915426E0  -8.942320306428E-1
   -2.335719119370E0  -8.923483533425E-1
   -2.327194323313E0  -8.907162079468E-1
   -2.318669527257E0  -8.887773720522E-1
   -2.310144731201E0  -8.870918968352E-1
   -2.301619935145E0  -8.850964837183E-1
   -2.293095139089E0  -8.830723640162E-1
   -2.284570343033E0  -8.813027244344E-1
   -2.276045546977E0  -8.792198951317E-1
   -2.267520750921E0  -8.771073533550E-1
   -2.258995954865E0  -8.752500579232E-1
   -2.250471158809E0  -8.730766238825E-1
   -2.241946362753E0  -8.711597558444E-1
   -2.233421566696E0  -8.689239167504E-1
   -2.224896770640E0  -8.666566193034E-1
   -2.216371974584E0  -8.646460598727E-1
   -2.207847178528E0  -8.623140933218E-1
   -2.199322382472E0  -8.602398304350E-1
   -2.190797586416E0  -8.578416272931E-1
   -2.182272790360E0  -8.554101623915E-1
   -2.173747994304E0  -8.532359279841E-1
   -2.165223198248E0  -8.507358875327E-1
   -2.156698402192E0  -8.482014923199E-1
   -2.148173606136E0  -8.459234222975E-1
   -2.139648810079E0  -8.433180724076E-1
   -2.131124014023E0  -8.409693632396E-1
   -2.122599217967E0  -8.382914154054E-1
   -2.114074421911E0  -8.355772309410E-1
   -2.105549625855E0  -8.331180595802E-1
   -2.097024829799E0  -8.303288379210E-1
   -2.088500033743E0  -8.277945056771E-1
   -2.079975237687E0  -8.249285652816E-1
   -2.071450441631E0  -8.220244678312E-1
   -2.062925645575E0  -8.193728659125E-1
   -2.054400849518E0  -8.163895628768E-1
   -2.045876053462E0  -8.136581630409E-1
   -2.037351257406E0  -8.105939440717E-1
   -2.028826461350E0  -8.074896199065E-1
   -2.020301665294E0  -8.046339997693E-1
   -2.011776869238E0  -8.014462405979E-1
   -2.003252073182E0  -7.985060982626E-1
   -1.994727277126E0  -7.952331765359E-1
   -1.986202481070E0  -7.919181868104E-1
   -1.977677685014E0  -7.888467769279E-1
   -1.969152888958E0  -7.854440919077E-1
   -1.960628092901E0  -7.822833826259E-1
   -1.952103296845E0  -7.787912713715E-1
   -1.943578500789E0  -7.752551303272E-1
   -1.935053704733E0  -7.719560658193E-1
   -1.926528908677E0  -7.683279741359E-1
   -1.918004112621E0  -7.649348213589E-1
   -1.909479316565E0  -7.612130610448E-1
   -1.900954520509E0  -7.577238958149E-1
   -1.892429724453E0  -7.539067590813E-1
   -1.883904928397E0  -7.500428675848E-1
   -1.875380132341E0  -7.464054579366E-1
   -1.866855336284E0  -7.424437214219E-1
   -1.858330540228E0  -7.387055762343E-1
   -1.849805744172E0  -7.346443273180E-1
   -1.841280948116E0  -7.305344452039E-1
   -1.832756152060E0  -7.266411629157E-1
   -1.824231356004E0  -7.224293768265E-1
   -1.815706559948E0  -7.184307544660E-1
   -1.807181763892E0  -7.141154603511E-1
   -1.798656967836E0  -7.100096854333E-1
   -1.790132171780E0  -7.055893118857E-1
   -1.781607375724E0  -7.011177949574E-1
   -1.773082579667E0  -6.968476183578E-1
   -1.764557783611E0  -6.922687994861E-1
   -1.756032987555E0  -6.878871472780E-1
   -1.747508191499E0  -6.831995554798E-1
   -1.738983395443E0  -6.787047568191E-1
   -1.730458599387E0  -6.739069699573E-1
   -1.721933803331E0  -6.690557629265E-1
   -1.713409007275E0  -6.643880563218E-1
   -1.704884211219E0  -6.594246827395E-1
   -1.696359415163E0  -6.546399454195E-1
   -1.687834619106E0  -6.495631263451E-1
   -1.679309823050E0  -6.446598971023E-1
   -1.670785026994E0  -6.394684208827E-1
   -1.662260230938E0  -6.342215758660E-1
   -1.653735434882E0  -6.291380400730E-1
   -1.645210638826E0  -6.237749104435E-1
   -1.636685842770E0  -6.185696165876E-1
   -1.628161046714E0  -6.130891816961E-1
   -1.619636250658E0  -6.077609547011E-1
   -1.611111454602E0  -6.021622815422E-1
   -1.602586658546E0  -5.965067252834E-1
   -1.594061862489E0  -5.909922926711E-1
   -1.585537066433E0  -5.852173172400E-1
   -1.577012270377E0  -5.795775018152E-1
   -1.568487474321E0  -5.736824171344E-1
   -1.559962678265E0  -5.679164132606E-1
   -1.551437882209E0  -5.619006385939E-1
   -1.542913086153E0  -5.560077624972E-1
   -1.534388290097E0  -5.498708329083E-1
   -1.525863494041E0  -5.436758954836E-1
   -1.517338697985E0  -5.375921027398E-1
   -1.508813901929E0  -5.312755670037E-1
   -1.500289105872E0  -5.250638158912E-1
   -1.491764309816E0  -5.186255300938E-1
   -1.483239513760E0  -5.122856191055E-1
   -1.474714717704E0  -5.057255695566E-1
   -1.466189921648E0  -4.992574516877E-1
   -1.457665125592E0  -4.925757691264E-1
   -1.449140329536E0  -4.858361278596E-1
   -1.440615533480E0  -4.791765247690E-1
   -1.432090737424E0  -4.723157305976E-1
   -1.423565941368E0  -4.655285578433E-1
   -1.415041145311E0  -4.585471238671E-1
   -1.406516349255E0  -4.516329278893E-1
   -1.397991553199E0  -4.445315324801E-1
   -1.389466757143E0  -4.374910448440E-1
   -1.380941961087E0  -4.302705373351E-1
   -1.372417165031E0  -4.231046809975E-1
   -1.363892368975E0  -4.157660869509E-1
   -1.355367572919E0  -4.084759821055E-1
   -1.346842776863E0  -4.010205083774E-1
   -1.338317980807E0  -3.935097456124E-1
   -1.329793184751E0  -3.860365174086E-1
   -1.321268388694E0  -3.784109943488E-1
   -1.312743592638E0  -3.708172278892E-1
   -1.304218796582E0  -3.630786174987E-1
   -1.295694000526E0  -3.553661603374E-1
   -1.287169204470E0  -3.475163312439E-1
   -1.278644408414E0  -3.396872492457E-1
   -1.270119612358E0  -3.317282690843E-1
   -1.261594816302E0  -3.237848496167E-1
   -1.253070020246E0  -3.157189874758E-1
   -1.244545224190E0  -3.076637421264E-1
   -1.236020428134E0  -2.994934706585E-1
   -1.227495632077E0  -2.912742196542E-1
   -1.218970836021E0  -2.830571339721E-1
   -1.210446039965E0  -2.747374810524E-1
   -1.201921243909E0  -2.664158258146E-1
   -1.193396447853E0  -2.579987505391E-1
   -1.184871651797E0  -2.495758281524E-1
   -1.176346855741E0  -2.410645158214E-1
   -1.167822059685E0  -2.325438556108E-1
   -1.159297263629E0  -2.239416962748E-1
   -1.150772467573E0  -2.153270528114E-1
   -1.142247671517E0  -2.066376396402E-1
   -1.133722875460E0  -1.979329901988E-1
   -1.125198079404E0  -1.891601169300E-1
   -1.116673283348E0  -1.803696581559E-1
   -1.108148487292E0  -1.715173157730E-1
   -1.099623691236E0  -1.626454592951E-1
   -1.091098895180E0  -1.537178320075E-1
   -1.082574099124E0  -1.447691991308E-1
   -1.074049303068E0  -1.357706593321E-1
   -1.065524507012E0  -1.267500749135E-1
   -1.056999710956E0  -1.176851774645E-1
   -1.048474914899E0  -1.085976626021E-1
   -1.039950118843E0  -9.947113822975E-2
   -1.031425322787E0  -9.031645897735E-2
   -1.022900526731E0  -8.113865004863E-2
   -1.014375730675E0  -7.192959896738E-2
   -1.005850934619E0  -6.269816066841E-2
  -9.973261385629E-1  -5.343986990595E-2
  -9.888013425068E-1  -4.416043810608E-2
  -9.802765464507E-1  -3.485818658645E-2
  -9.717517503946E-1  -2.553654993922E-2
  -9.632269543385E-1  -1.619575329209E-2
  -9.547021582825E-1  -6.837841168324E-3
  -9.461773622264E-1   2.535959378112E-3
  -9.376525661703E-1   1.192408975105E-2
  -9.291277701142E-1   2.132523875456E-2
  -9.206029740581E-1   3.073741601793E-2
  -9.120781780020E-1   4.016015617957E-2
  -9.035533819459E-1   4.959010911270E-2
  -8.950285858898E-1   5.902859398825E-2
  -8.865037898337E-1   6.846996652046E-2
  -8.779789937776E-1   7.791827395100E-2
  -8.694541977215E-1   8.736464065144E-2
  -8.609294016654E-1   9.681678656736E-2
  -8.524046056093E-1   1.062616686490E-1
  -8.438798095532E-1   1.157116212810E-1
  -8.353550134971E-1   1.251485029908E-1
  -8.268302174411E-1   1.345901975788E-1
  -8.183054213850E-1   1.440125428838E-1
  -8.097806253289E-1   1.534398963922E-1
  -8.012558292728E-1   1.628411659994E-1
  -7.927310332167E-1   1.722480922392E-1
  -7.842062371606E-1   1.816217606184E-1
  -7.756814411045E-1   1.910021854267E-1
  -7.671566450484E-1   2.003417579885E-1
  -7.586318489923E-1   2.096896344089E-1
  -7.501070529362E-1   2.189886645843E-1
  -7.415822568801E-1   2.282979880293E-1
  -7.330574608240E-1   2.375500942490E-1
  -7.245326647679E-1   2.468149176130E-1
  -7.160078687118E-1   2.560137999762E-1
  -7.074830726557E-1   2.652282484228E-1
  -6.989582765997E-1   2.743677052387E-1
  -6.904334805436E-1   2.835259907174E-1
  -6.819086844875E-1   2.925999344246E-1
  -6.733838884314E-1   3.016963700331E-1
  -6.648590923753E-1   3.106988427222E-1
  -6.563342963192E-1   3.197278563538E-1
  -6.478095002631E-1   3.286530448407E-1
  -6.392847042070E-1   3.376091924940E-1
  -6.307599081509E-1   3.464514424558E-1
  -6.222351120948E-1   3.553294210685E-1
  -6.137103160387E-1   3.640832507284E-1
  -6.051855199826E-1   3.728779101359E-1
  -5.966607239265E-1   3.815380231126E-1
  -5.881359278704E-1   3.901483600162E-1
  -5.796111318143E-1   3.988056747307E-1
  -5.710863357583E-1   4.073147169492E-1
  -5.625615397022E-1   4.158765041883E-1
  -5.540367436461E-1   4.242794744373E-1
  -5.455119475900E-1   4.327412136251E-1
  -5.369871515339E-1   4.410335578884E-1
  -5.284623554778E-1   4.493909269862E-1
  -5.199375594217E-1   4.575683231331E-1
  -5.114127633656E-1   4.658172065025E-1
  -5.028879673095E-1   4.738755719157E-1
  -4.943631712534E-1   4.820120671293E-1
  -4.858383751973E-1   4.899475653620E-1
  -4.773135791412E-1   4.979679893605E-1
  -4.687887830851E-1   5.057770355775E-1
  -4.602639870290E-1   5.136779298059E-1
  -4.517391909729E-1   5.213571953585E-1
  -4.432143949169E-1   5.291353299854E-1
  -4.346895988608E-1   5.366817459766E-1
  -4.261648028047E-1   5.443341232733E-1
  -4.176400067486E-1   5.517448828905E-1
  -4.091152106925E-1   5.592687398208E-1
  -4.005904146364E-1   5.665412999303E-1
  -3.920656185803E-1   5.737431495280E-1
  -3.835408225242E-1   5.810661913596E-1
  -3.750160264681E-1   5.881265736820E-1
  -3.664912304120E-1   5.953152523435E-1
  -3.579664343559E-1   6.022322879996E-1
  -3.494416382998E-1   6.092846777809E-1
  -3.409168422437E-1   6.160567486981E-1
  -3.323920461876E-1   6.229711594893E-1
  -3.238672501315E-1   6.295969064629E-1
  -3.153424540755E-1   6.363718819572E-1
  -3.068176580194E-1   6.428502014573E-1
  -2.982928619633E-1   6.494845168072E-1
  -2.897680659072E-1   6.558145570817E-1
  -2.812432698511E-1   6.623072160042E-1
  -2.727184737950E-1   6.684883726701E-1
  -2.641936777389E-1   6.745946760168E-1
  -2.556688816828E-1   6.808705152042E-1
  -2.471440856267E-1   6.868275572618E-1
  -2.386192895706E-1   6.929603102571E-1
  -2.300944935145E-1   6.987680850090E-1
  -2.215696974584E-1   7.047575326126E-1
  -2.130449014023E-1   7.104162626117E-1
  -2.045201053462E-1   7.162623964126E-1
  -1.959953092901E-1   7.217725273086E-1
  -1.874705132341E-1   7.274755456846E-1
  -1.789457171780E-1   7.328377409130E-1
  -1.704209211219E-1   7.383980454811E-1
  -1.618961250658E-1   7.436131814773E-1
  -1.533713290097E-1   7.487554376298E-1
  -1.448465329536E-1   7.541005367747E-1
  -1.363217368975E-1   7.590975234094E-1
  -1.277969408414E-1   7.643019005175E-1
  -1.192721447853E-1   7.691550144674E-1
  -1.107473487292E-1   7.742197735610E-1
  -1.022225526731E-1   7.789306210616E-1
  -9.369775661703E-2   7.838570728589E-1
  -8.517296056093E-2   7.884274779000E-1
  -7.664816450484E-2   7.932171538442E-1
  -6.812336844875E-2   7.976491768616E-1
  -5.959857239265E-2   8.020135671137E-1
  -5.107377633656E-2   8.065998336475E-1
  -4.254898028046E-2   8.108295514636E-1
  -3.402418422437E-2   8.152842274823E-1
  -2.549938816828E-2   8.193822063064E-1
  -1.697459211218E-2   8.237081364817E-1
  -8.449796056093E-3   8.276781268664E-1
   7.500000000071E-5   8.318797583395E-1
