#             e [au]            f [a.u.]
   -2.999865764590E0  -9.998888641264E-1
   -2.996862895957E0  -9.998883176779E-1
   -2.993860027324E0  -9.998877682669E-1
   -2.990857158691E0  -9.998872158757E-1
   -2.987854290057E0  -9.998866604864E-1
   -2.984851421424E0  -9.998861020811E-1
   -2.981848552791E0  -9.998855406418E-1
   -2.978845684158E0  -9.998849761503E-1
   -2.975842815524E0  -9.998844085882E-1
   -2.972839946891E0  -9.998838379373E-1
   -2.969837078258E0  -9.998832641790E-1
   -2.966834209625E0  -9.998826872946E-1
   -2.963831340992E0  -9.998821072654E-1
   -2.960828472358E0  -9.998815240724E-1
   -2.957825603725E0  -9.998809376967E-1
   -2.954822735092E0  -9.998803481191E-1
   -2.951819866459E0  -9.998797553202E-1
   -2.948816997825E0  -9.998791592808E-1
   -2.945814129192E0  -9.998785599813E-1
   -2.942811260559E0  -9.998779574019E-1
   -2.939808391926E0  -9.998773515230E-1
   -2.936805523293E0  -9.998767423247E-1
   -2.933802654659E0  -9.998761297867E-1
   -2.930799786026E0  -9.998755138890E-1
   -2.927796917393E0  -9.998748946113E-1
   -2.924794048760E0  -9.998742719330E-1
   -2.921791180126E0  -9.998736458336E-1
   -2.918788311493E0  -9.998730162924E-1
   -2.915785442860E0  -9.998723832884E-1
   -2.912782574227E0  -9.998717468007E-1
   -2.909779705594E0  -9.998711068081E-1
   -2.906776836960E0  -9.998704632894E-1
   -2.903773968327E0  -9.998698162230E-1
   -2.900771099694E0  -9.998691655874E-1
   -2.897768231061E0  -9.998685113610E-1
   -2.894765362427E0  -9.998678535218E-1
   -2.891762493794E0  -9.998671920477E-1
   -2.888759625161E0  -9.998665269167E-1
   -2.885756756528E0  -9.998658581065E-1
   -2.882753887895E0  -9.998651855945E-1
   -2.879751019261E0  -9.998645093582E-1
   -2.876748150628E0  -9.998638293748E-1
   -2.873745281995E0  -9.998631456213E-1
   -2.870742413362E0  -9.998624580747E-1
   -2.867739544728E0  -9.998617667119E-1
   -2.864736676095E0  -9.998610715093E-1
   -2.861733807462E0  -9.998603724434E-1
   -2.858730938829E0  -9.998596694906E-1
   -2.855728070196E0  -9.998589626270E-1
   -2.852725201562E0  -9.998582518286E-1
   -2.849722332929E0  -9.998575370711E-1
   -2.846719464296E0  -9.998568183302E-1
   -2.843716595663E0  -9.998560955814E-1
   -2.840713727029E0  -9.998553688001E-1
   -2.837710858396E0  -9.998546379613E-1
   -2.834707989763E0  -9.998539030401E-1
   -2.831705121130E0  -9.998531640112E-1
   -2.828702252496E0  -9.998524208494E-1
   -2.825699383863E0  -9.998516735290E-1
   -2.822696515230E0  -9.998509220244E-1
   -2.819693646597E0  -9.998501663097E-1
   -2.816690777964E0  -9.998494063588E-1
   -2.813687909330E0  -9.998486421454E-1
   -2.810685040697E0  -9.998478736433E-1
   -2.807682172064E0  -9.998471008257E-1
   -2.804679303431E0  -9.998463236660E-1
   -2.801676434797E0  -9.998455421370E-1
   -2.798673566164E0  -9.998447562118E-1
   -2.795670697531E0  -9.998439658629E-1
   -2.792667828898E0  -9.998431710629E-1
   -2.789664960265E0  -9.998423717840E-1
   -2.786662091631E0  -9.998415679983E-1
   -2.783659222998E0  -9.998407596778E-1
   -2.780656354365E0  -9.998399467941E-1
   -2.777653485732E0  -9.998391293188E-1
   -2.774650617098E0  -9.998383072232E-1
   -2.771647748465E0  -9.998374804784E-1
   -2.768644879832E0  -9.998366490554E-1
   -2.765642011199E0  -9.998358129249E-1
   -2.762639142566E0  -9.998349720574E-1
   -2.759636273932E0  -9.998341264232E-1
   -2.756633405299E0  -9.998332759925E-1
   -2.753630536666E0  -9.998324207351E-1
   -2.750627668033E0  -9.998315606208E-1
   -2.747624799399E0  -9.998306956191E-1
   -2.744621930766E0  -9.998298256991E-1
   -2.741619062133E0  -9.998289508301E-1
   -2.738616193500E0  -9.998280709809E-1
   -2.735613324867E0  -9.998271861200E-1
   -2.732610456233E0  -9.998262962159E-1
   -2.729607587600E0  -9.998254012368E-1
   -2.726604718967E0  -9.998245011507E-1
   -2.723601850334E0  -9.998235959253E-1
   -2.720598981700E0  -9.998226855282E-1
   -2.717596113067E0  -9.998217699266E-1
   -2.714593244434E0  -9.998208490877E-1
   -2.711590375801E0  -9.998199229782E-1
   -2.708587507168E0  -9.998189915648E-1
   -2.705584638534E0  -9.998180548138E-1
   -2.702581769901E0  -9.998171126915E-1
   -2.699578901268E0  -9.998161651636E-1
   -2.696576032635E0  -9.998152121959E-1
   -2.693573164001E0  -9.998142537538E-1
   -2.690570295368E0  -9.998132898025E-1
   -2.687567426735E0  -9.998123203069E-1
   -2.684564558102E0  -9.998113452317E-1
   -2.681561689469E0  -9.998103645412E-1
   -2.678558820835E0  -9.998093781999E-1
   -2.675555952202E0  -9.998083861714E-1
   -2.672553083569E0  -9.998073884197E-1
   -2.669550214936E0  -9.998063849080E-1
   -2.666547346302E0  -9.998053755995E-1
   -2.663544477669E0  -9.998043604572E-1
   -2.660541609036E0  -9.998033394436E-1
   -2.657538740403E0  -9.998023125213E-1
   -2.654535871770E0  -9.998012796522E-1
   -2.651533003136E0  -9.998002407982E-1
   -2.648530134503E0  -9.997991959210E-1
   -2.645527265870E0  -9.997981449817E-1
   -2.642524397237E0  -9.997970879415E-1
   -2.639521528603E0  -9.997960247611E-1
   -2.636518659970E0  -9.997949554010E-1
   -2.633515791337E0  -9.997938798212E-1
   -2.630512922704E0  -9.997927979819E-1
   -2.627510054071E0  -9.997917098425E-1
   -2.624507185437E0  -9.997906153624E-1
   -2.621504316804E0  -9.997895145006E-1
   -2.618501448171E0  -9.997884072159E-1
   -2.615498579538E0  -9.997872934668E-1
   -2.612495710904E0  -9.997861732113E-1
   -2.609492842271E0  -9.997850464074E-1
   -2.606489973638E0  -9.997839130126E-1
   -2.603487105005E0  -9.997827729842E-1
   -2.600484236372E0  -9.997816262791E-1
   -2.597481367738E0  -9.997804728538E-1
   -2.594478499105E0  -9.997793126649E-1
   -2.591475630472E0  -9.997781456682E-1
   -2.588472761839E0  -9.997769718194E-1
   -2.585469893205E0  -9.997757910739E-1
   -2.582467024572E0  -9.997746033868E-1
   -2.579464155939E0  -9.997734087128E-1
   -2.576461287306E0  -9.997722070063E-1
   -2.573458418672E0  -9.997709982213E-1
   -2.570455550039E0  -9.997697823116E-1
   -2.567452681406E0  -9.997685592305E-1
   -2.564449812773E0  -9.997673289313E-1
   -2.561446944140E0  -9.997660913665E-1
   -2.558444075506E0  -9.997648464885E-1
   -2.555441206873E0  -9.997635942494E-1
   -2.552438338240E0  -9.997623346009E-1
   -2.549435469607E0  -9.997610674943E-1
   -2.546432600973E0  -9.997597928806E-1
   -2.543429732340E0  -9.997585107103E-1
   -2.540426863707E0  -9.997572209338E-1
   -2.537423995074E0  -9.997559235010E-1
   -2.534421126441E0  -9.997546183614E-1
   -2.531418257807E0  -9.997533054642E-1
   -2.528415389174E0  -9.997519847580E-1
   -2.525412520541E0  -9.997506561915E-1
   -2.522409651908E0  -9.997493197126E-1
   -2.519406783274E0  -9.997479752690E-1
   -2.516403914641E0  -9.997466228079E-1
   -2.513401046008E0  -9.997452622762E-1
   -2.510398177375E0  -9.997438936205E-1
   -2.507395308742E0  -9.997425167869E-1
   -2.504392440108E0  -9.997411317210E-1
   -2.501389571475E0  -9.997397383682E-1
   -2.498386702842E0  -9.997383366733E-1
   -2.495383834209E0  -9.997369265809E-1
   -2.492380965575E0  -9.997355080351E-1
   -2.489378096942E0  -9.997340809796E-1
   -2.486375228309E0  -9.997326453575E-1
   -2.483372359676E0  -9.997312011119E-1
   -2.480369491043E0  -9.997297481850E-1
   -2.477366622409E0  -9.997282865188E-1
   -2.474363753776E0  -9.997268160550E-1
   -2.471360885143E0  -9.997253367347E-1
   -2.468358016510E0  -9.997238484985E-1
   -2.465355147876E0  -9.997223512867E-1
   -2.462352279243E0  -9.997208450391E-1
   -2.459349410610E0  -9.997193296952E-1
   -2.456346541977E0  -9.997178051937E-1
   -2.453343673344E0  -9.997162714731E-1
   -2.450340804710E0  -9.997147284715E-1
   -2.447337936077E0  -9.997131761263E-1
   -2.444335067444E0  -9.997116143747E-1
   -2.441332198811E0  -9.997100431532E-1
   -2.438329330177E0  -9.997084623979E-1
   -2.435326461544E0  -9.997068720445E-1
   -2.432323592911E0  -9.997052720282E-1
   -2.429320724278E0  -9.997036622835E-1
   -2.426317855645E0  -9.997020427448E-1
   -2.423314987011E0  -9.997004133456E-1
   -2.420312118378E0  -9.996987740192E-1
   -2.417309249745E0  -9.996971246983E-1
   -2.414306381112E0  -9.996954653150E-1
   -2.411303512478E0  -9.996937958010E-1
   -2.408300643845E0  -9.996921160875E-1
   -2.405297775212E0  -9.996904261050E-1
   -2.402294906579E0  -9.996887257838E-1
   -2.399292037946E0  -9.996870150533E-1
   -2.396289169312E0  -9.996852938427E-1
   -2.393286300679E0  -9.996835620803E-1
   -2.390283432046E0  -9.996818196943E-1
   -2.387280563413E0  -9.996800666120E-1
   -2.384277694779E0  -9.996783027603E-1
   -2.381274826146E0  -9.996765280655E-1
   -2.378271957513E0  -9.996747424533E-1
   -2.375269088880E0  -9.996729458490E-1
   -2.372266220247E0  -9.996711381772E-1
   -2.369263351613E0  -9.996693193619E-1
   -2.366260482980E0  -9.996674893265E-1
   -2.363257614347E0  -9.996656479940E-1
   -2.360254745714E0  -9.996637952867E-1
   -2.357251877080E0  -9.996619311262E-1
   -2.354249008447E0  -9.996600554336E-1
   -2.351246139814E0  -9.996581681295E-1
   -2.348243271181E0  -9.996562691337E-1
   -2.345240402548E0  -9.996543583655E-1
   -2.342237533914E0  -9.996524357435E-1
   -2.339234665281E0  -9.996505011857E-1
   -2.336231796648E0  -9.996485546097E-1
   -2.333228928015E0  -9.996465959320E-1
   -2.330226059381E0  -9.996446250688E-1
   -2.327223190748E0  -9.996426419357E-1
   -2.324220322115E0  -9.996406464473E-1
   -2.321217453482E0  -9.996386385179E-1
   -2.318214584849E0  -9.996366180610E-1
   -2.315211716215E0  -9.996345849893E-1
   -2.312208847582E0  -9.996325392151E-1
   -2.309205978949E0  -9.996304806498E-1
   -2.306203110316E0  -9.996284092041E-1
   -2.303200241682E0  -9.996263247882E-1
   -2.300197373049E0  -9.996242273115E-1
   -2.297194504416E0  -9.996221166826E-1
   -2.294191635783E0  -9.996199928095E-1
   -2.291188767149E0  -9.996178555995E-1
   -2.288185898516E0  -9.996157049592E-1
   -2.285183029883E0  -9.996135407942E-1
   -2.282180161250E0  -9.996113630097E-1
   -2.279177292617E0  -9.996091715100E-1
   -2.276174423983E0  -9.996069661988E-1
   -2.273171555350E0  -9.996047469787E-1
   -2.270168686717E0  -9.996025137519E-1
   -2.267165818084E0  -9.996002664197E-1
   -2.264162949450E0  -9.995980048825E-1
   -2.261160080817E0  -9.995957290402E-1
   -2.258157212184E0  -9.995934387917E-1
   -2.255154343551E0  -9.995911340351E-1
   -2.252151474918E0  -9.995888146678E-1
   -2.249148606284E0  -9.995864805863E-1
   -2.246145737651E0  -9.995841316864E-1
   -2.243142869018E0  -9.995817678629E-1
   -2.240140000385E0  -9.995793890099E-1
   -2.237137131751E0  -9.995769950207E-1
   -2.234134263118E0  -9.995745857876E-1
   -2.231131394485E0  -9.995721612022E-1
   -2.228128525852E0  -9.995697211551E-1
   -2.225125657219E0  -9.995672655362E-1
   -2.222122788585E0  -9.995647942344E-1
   -2.219119919952E0  -9.995623071377E-1
   -2.216117051319E0  -9.995598041333E-1
   -2.213114182686E0  -9.995572851075E-1
   -2.210111314052E0  -9.995547499455E-1
   -2.207108445419E0  -9.995521985319E-1
   -2.204105576786E0  -9.995496307501E-1
   -2.201102708153E0  -9.995470464828E-1
   -2.198099839520E0  -9.995444456114E-1
   -2.195096970886E0  -9.995418280169E-1
   -2.192094102253E0  -9.995391935788E-1
   -2.189091233620E0  -9.995365421760E-1
   -2.186088364987E0  -9.995338736862E-1
   -2.183085496353E0  -9.995311879863E-1
   -2.180082627720E0  -9.995284849522E-1
   -2.177079759087E0  -9.995257644585E-1
   -2.174076890454E0  -9.995230263791E-1
   -2.171074021821E0  -9.995202705869E-1
   -2.168071153187E0  -9.995174969535E-1
   -2.165068284554E0  -9.995147053498E-1
   -2.162065415921E0  -9.995118956454E-1
   -2.159062547288E0  -9.995090677089E-1
   -2.156059678654E0  -9.995062214080E-1
   -2.153056810021E0  -9.995033566090E-1
   -2.150053941388E0  -9.995004731775E-1
   -2.147051072755E0  -9.994975709777E-1
   -2.144048204122E0  -9.994946498728E-1
   -2.141045335488E0  -9.994917097250E-1
   -2.138042466855E0  -9.994887503951E-1
   -2.135039598222E0  -9.994857717432E-1
   -2.132036729589E0  -9.994827736277E-1
   -2.129033860955E0  -9.994797559064E-1
   -2.126030992322E0  -9.994767184355E-1
   -2.123028123689E0  -9.994736610703E-1
   -2.120025255056E0  -9.994705836648E-1
   -2.117022386423E0  -9.994674860717E-1
   -2.114019517789E0  -9.994643681428E-1
   -2.111016649156E0  -9.994612297283E-1
   -2.108013780523E0  -9.994580706775E-1
   -2.105010911890E0  -9.994548908383E-1
   -2.102008043256E0  -9.994516900573E-1
   -2.099005174623E0  -9.994484681800E-1
   -2.096002305990E0  -9.994452250504E-1
   -2.092999437357E0  -9.994419605114E-1
   -2.089996568724E0  -9.994386744045E-1
   -2.086993700090E0  -9.994353665700E-1
   -2.083990831457E0  -9.994320368467E-1
   -2.080987962824E0  -9.994286850723E-1
   -2.077985094191E0  -9.994253110829E-1
   -2.074982225557E0  -9.994219147134E-1
   -2.071979356924E0  -9.994184957972E-1
   -2.068976488291E0  -9.994150541665E-1
   -2.065973619658E0  -9.994115896520E-1
   -2.062970751025E0  -9.994081020829E-1
   -2.059967882391E0  -9.994045912871E-1
   -2.056965013758E0  -9.994010570910E-1
   -2.053962145125E0  -9.993974993196E-1
   -2.050959276492E0  -9.993939177964E-1
   -2.047956407858E0  -9.993903123435E-1
   -2.044953539225E0  -9.993866827813E-1
   -2.041950670592E0  -9.993830289288E-1
   -2.038947801959E0  -9.993793506036E-1
   -2.035944933325E0  -9.993756476217E-1
   -2.032942064692E0  -9.993719197974E-1
   -2.029939196059E0  -9.993681669436E-1
   -2.026936327426E0  -9.993643888716E-1
   -2.023933458793E0  -9.993605853910E-1
   -2.020930590159E0  -9.993567563100E-1
   -2.017927721526E0  -9.993529014350E-1
   -2.014924852893E0  -9.993490205707E-1
   -2.011921984260E0  -9.993451135204E-1
   -2.008919115626E0  -9.993411800855E-1
   -2.005916246993E0  -9.993372200659E-1
   -2.002913378360E0  -9.993332332595E-1
   -1.999910509727E0  -9.993292194628E-1
   -1.996907641094E0  -9.993251784705E-1
   -1.993904772460E0  -9.993211100753E-1
   -1.990901903827E0  -9.993170140686E-1
   -1.987899035194E0  -9.993128902394E-1
   -1.984896166561E0  -9.993087383755E-1
   -1.981893297927E0  -9.993045582625E-1
   -1.978890429294E0  -9.993003496842E-1
   -1.975887560661E0  -9.992961124228E-1
   -1.972884692028E0  -9.992918462584E-1
   -1.969881823395E0  -9.992875509692E-1
   -1.966878954761E0  -9.992832263315E-1
   -1.963876086128E0  -9.992788721199E-1
   -1.960873217495E0  -9.992744881067E-1
   -1.957870348862E0  -9.992700740626E-1
   -1.954867480228E0  -9.992656297560E-1
   -1.951864611595E0  -9.992611549535E-1
   -1.948861742962E0  -9.992566494196E-1
   -1.945858874329E0  -9.992521129167E-1
   -1.942856005696E0  -9.992475452053E-1
   -1.939853137062E0  -9.992429460437E-1
   -1.936850268429E0  -9.992383151881E-1
   -1.933847399796E0  -9.992336523927E-1
   -1.930844531163E0  -9.992289574094E-1
   -1.927841662529E0  -9.992242299880E-1
   -1.924838793896E0  -9.992194698761E-1
   -1.921835925263E0  -9.992146768192E-1
   -1.918833056630E0  -9.992098505605E-1
   -1.915830187997E0  -9.992049908408E-1
   -1.912827319363E0  -9.992000973988E-1
   -1.909824450730E0  -9.991951699710E-1
   -1.906821582097E0  -9.991902082914E-1
   -1.903818713464E0  -9.991852120917E-1
   -1.900815844830E0  -9.991801811013E-1
   -1.897812976197E0  -9.991751150471E-1
   -1.894810107564E0  -9.991700136538E-1
   -1.891807238931E0  -9.991648766435E-1
   -1.888804370298E0  -9.991597037358E-1
   -1.885801501664E0  -9.991544946480E-1
   -1.882798633031E0  -9.991492490948E-1
   -1.879795764398E0  -9.991439667883E-1
   -1.876792895765E0  -9.991386474382E-1
   -1.873790027131E0  -9.991332907515E-1
   -1.870787158498E0  -9.991278964326E-1
   -1.867784289865E0  -9.991224641834E-1
   -1.864781421232E0  -9.991169937029E-1
   -1.861778552599E0  -9.991114846877E-1
   -1.858775683965E0  -9.991059368315E-1
   -1.855772815332E0  -9.991003498253E-1
   -1.852769946699E0  -9.990947233574E-1
   -1.849767078066E0  -9.990890571132E-1
   -1.846764209432E0  -9.990833507753E-1
   -1.843761340799E0  -9.990776040236E-1
   -1.840758472166E0  -9.990718165349E-1
   -1.837755603533E0  -9.990659879833E-1
   -1.834752734900E0  -9.990601180398E-1
   -1.831749866266E0  -9.990542063724E-1
   -1.828746997633E0  -9.990482526464E-1
   -1.825744129000E0  -9.990422565238E-1
   -1.822741260367E0  -9.990362176635E-1
   -1.819738391733E0  -9.990301357215E-1
   -1.816735523100E0  -9.990240103508E-1
   -1.813732654467E0  -9.990178412007E-1
   -1.810729785834E0  -9.990116279180E-1
   -1.807726917201E0  -9.990053701458E-1
   -1.804724048567E0  -9.989990675241E-1
   -1.801721179934E0  -9.989927196898E-1
   -1.798718311301E0  -9.989863262761E-1
   -1.795715442668E0  -9.989798869132E-1
   -1.792712574034E0  -9.989734012277E-1
   -1.789709705401E0  -9.989668688429E-1
   -1.786706836768E0  -9.989602893787E-1
   -1.783703968135E0  -9.989536624513E-1
   -1.780701099502E0  -9.989469876736E-1
   -1.777698230868E0  -9.989402646547E-1
   -1.774695362235E0  -9.989334930004E-1
   -1.771692493602E0  -9.989266723126E-1
   -1.768689624969E0  -9.989198021897E-1
   -1.765686756335E0  -9.989128822262E-1
   -1.762683887702E0  -9.989059120131E-1
   -1.759681019069E0  -9.988988911375E-1
   -1.756678150436E0  -9.988918191826E-1
   -1.753675281802E0  -9.988846957278E-1
   -1.750672413169E0  -9.988775203485E-1
   -1.747669544536E0  -9.988702926164E-1
   -1.744666675903E0  -9.988630120990E-1
   -1.741663807270E0  -9.988556783597E-1
   -1.738660938636E0  -9.988482909581E-1
   -1.735658070003E0  -9.988408494493E-1
   -1.732655201370E0  -9.988333533847E-1
   -1.729652332737E0  -9.988258023112E-1
   -1.726649464103E0  -9.988181957715E-1
   -1.723646595470E0  -9.988105333040E-1
   -1.720643726837E0  -9.988028144428E-1
   -1.717640858204E0  -9.987950387176E-1
   -1.714637989571E0  -9.987872056537E-1
   -1.711635120937E0  -9.987793147718E-1
   -1.708632252304E0  -9.987713655883E-1
   -1.705629383671E0  -9.987633576148E-1
   -1.702626515038E0  -9.987552903585E-1
   -1.699623646404E0  -9.987471633217E-1
   -1.696620777771E0  -9.987389760021E-1
   -1.693617909138E0  -9.987307278927E-1
   -1.690615040505E0  -7.724204764759E-1
   -1.687612171872E0  -7.596769423965E-1
   -1.684609303238E0  -7.497521294659E-1
   -1.681606434605E0  -7.412067456608E-1
   -1.678603565972E0  -7.326592297100E-1
   -1.675600697339E0  -7.254542684746E-1
   -1.672597828705E0  -7.182352168856E-1
   -1.669594960072E0  -7.110083961703E-1
   -1.666592091439E0  -7.050682521322E-1
   -1.663589222806E0  -6.978244972048E-1
   -1.660586354173E0  -6.918452328382E-1
   -1.657583485539E0  -6.858445485421E-1
   -1.654580616906E0  -6.798247266295E-1
   -1.651577748273E0  -6.737880277043E-1
   -1.648574879640E0  -6.677366867878E-1
   -1.645572011006E0  -6.616729095983E-1
   -1.642569142373E0  -6.567701184891E-1
   -1.639566273740E0  -6.506696128864E-1
   -1.636563405107E0  -6.457068251770E-1
   -1.633560536474E0  -6.395752084417E-1
   -1.630557667840E0  -6.345558011986E-1
   -1.627554799207E0  -6.283985677790E-1
   -1.624551930574E0  -6.233258764733E-1
   -1.621549061941E0  -6.171483702155E-1
   -1.618546193307E0  -6.120256693027E-1
   -1.615543324674E0  -6.068735558073E-1
   -1.612540456041E0  -6.006635413345E-1
   -1.609537587408E0  -5.954658030279E-1
   -1.606534718775E0  -5.902402740109E-1
   -1.603531850141E0  -5.849873853103E-1
   -1.600528981508E0  -5.797075667204E-1
   -1.597526112875E0  -5.744012463426E-1
   -1.594523244242E0  -5.681281963695E-1
   -1.591520375608E0  -5.627838476849E-1
   -1.588517506975E0  -5.574145245268E-1
   -1.585514638342E0  -5.520206353819E-1
   -1.582511769709E0  -5.466025845552E-1
   -1.579508901076E0  -5.411607717132E-1
   -1.576506032442E0  -5.356955914651E-1
   -1.573503163809E0  -5.302074329111E-1
   -1.570500295176E0  -5.246966792258E-1
   -1.567497426543E0  -5.191637072348E-1
   -1.564494557909E0  -5.136088869917E-1
   -1.561491689276E0  -5.080325813695E-1
   -1.558488820643E0  -5.031963029177E-1
   -1.555485952010E0  -4.975618799093E-1
   -1.552483083377E0  -4.919068670718E-1
   -1.549480214743E0  -4.862316049635E-1
   -1.546477346110E0  -4.805364251296E-1
   -1.543474477477E0  -4.748216497195E-1
   -1.540471608844E0  -4.690875911148E-1
   -1.537468740210E0  -4.639926692295E-1
   -1.534465871577E0  -4.582039197680E-1
   -1.531463002944E0  -4.523966870221E-1
   -1.528460134311E0  -4.465712520464E-1
   -1.525457265678E0  -4.407278844650E-1
   -1.522454397044E0  -4.354521475154E-1
   -1.519451528411E0  -4.295563533038E-1
   -1.516448659778E0  -4.236433415909E-1
   -1.513445791145E0  -4.177133449033E-1
   -1.510442922511E0  -4.122952264690E-1
   -1.507440053878E0  -4.063145062900E-1
   -1.504437185245E0  -4.003174414315E-1
   -1.501434316612E0  -3.947932490849E-1
   -1.498431447979E0  -3.887466833275E-1
   -1.495428579345E0  -3.826843582813E-1
   -1.492425710712E0  -3.766064347920E-1
   -1.489422842079E0  -3.709451387738E-1
   -1.486419973446E0  -3.648192702971E-1
   -1.483417104812E0  -3.586782963659E-1
   -1.480414236179E0  -3.529150695964E-1
   -1.477411367546E0  -3.467272708289E-1
   -1.474408498913E0  -3.408954228754E-1
   -1.471405630279E0  -3.346615745036E-1
   -1.468402761646E0  -3.284133432919E-1
   -1.465399893013E0  -3.224828525821E-1
   -1.462397024380E0  -3.161896263213E-1
   -1.459394155747E0  -3.098823343420E-1
   -1.456391287113E0  -3.038553372767E-1
   -1.453388418480E0  -2.975040461521E-1
   -1.450385549847E0  -2.914122206220E-1
   -1.447382681214E0  -2.850176643066E-1
   -1.444379812580E0  -2.786094795941E-1
   -1.441376943947E0  -2.724249764616E-1
   -1.438374075314E0  -2.659744324040E-1
   -1.435371206681E0  -2.597278157874E-1
   -1.432368338048E0  -2.532356142396E-1
   -1.429365469414E0  -2.469280597703E-1
   -1.426362600781E0  -2.403948953867E-1
   -1.423359732148E0  -2.338484593014E-1
   -1.420356863515E0  -2.274541885031E-1
   -1.417353994881E0  -2.208675623380E-1
   -1.414351126248E0  -2.144154475932E-1
   -1.411348257615E0  -2.077892856640E-1
   -1.408345388982E0  -2.012806670903E-1
   -1.405342520349E0  -1.946156140195E-1
   -1.402339651715E0  -1.880518809716E-1
   -1.399336783082E0  -1.813485712478E-1
   -1.396333914449E0  -1.747311619983E-1
   -1.393331045816E0  -1.679902196214E-1
   -1.390328177182E0  -1.613206210147E-1
   -1.387325308549E0  -1.545426592776E-1
   -1.384322439916E0  -1.478224063830E-1
   -1.381319571283E0  -1.410080277580E-1
   -1.378316702650E0  -1.342387035064E-1
   -1.375313834016E0  -1.273884996612E-1
   -1.372310965383E0  -1.205717344755E-1
   -1.369308096750E0  -1.136862864315E-1
   -1.366305228117E0  -1.068237578450E-1
   -1.363302359483E0  -9.990363627181E-2
   -1.360299490850E0  -9.299706855877E-2
   -1.357296622217E0  -8.604283420074E-2
   -1.354293753584E0  -7.909399799393E-2
   -1.351290884951E0  -7.210620226459E-2
   -1.348288016317E0  -6.511691417994E-2
   -1.345285147684E0  -5.810728245425E-2
   -1.342282279051E0  -5.106822215602E-2
   -1.339279410418E0  -4.402114088830E-2
   -1.336276541784E0  -3.695036451232E-2
   -1.333273673151E0  -2.986777235776E-2
   -1.330270804518E0  -2.276582209924E-2
   -1.327267935885E0  -1.564970200590E-2
   -1.324265067252E0  -8.517114904921E-3
   -1.321262198618E0  -1.369493714536E-3
   -1.318259329985E0   5.793070691138E-3
   -1.315256461352E0   1.297024880376E-2
   -1.312253592719E0   2.016096628193E-2
   -1.309250724085E0   2.736688073710E-2
   -1.306247855452E0   3.458360970661E-2
   -1.303244986819E0   4.181771471735E-2
   -1.300242118186E0   4.905827157669E-2
   -1.297239249553E0   5.630914529954E-2
   -1.294236380919E0   6.358217868593E-2
   -1.291233512286E0   7.085328134841E-2
   -1.288230643653E0   7.815251210023E-2
   -1.285227775020E0   8.544155225358E-2
   -1.282224906386E0   9.273739317123E-2
   -1.279222037753E0   1.000710513354E-1
   -1.276219169120E0   1.073810633154E-1
   -1.273216300487E0   1.147388222271E-1
   -1.270213431854E0   1.220606119322E-1
   -1.267210563220E0   1.293855377869E-1
   -1.264207694587E0   1.367729923221E-1
   -1.261204825954E0   1.441057756493E-1
   -1.258201957321E0   1.515151033260E-1
   -1.255199088687E0   1.588532554644E-1
   -1.252196220054E0   1.661907518036E-1
   -1.249193351421E0   1.736247825151E-1
   -1.246190482788E0   1.809635886685E-1
   -1.243187614155E0   1.882993994847E-1
   -1.240184745521E0   1.957546412392E-1
   -1.237181876888E0   2.030876286576E-1
   -1.234179008255E0   2.105605574150E-1
   -1.231176139622E0   2.178880966374E-1
   -1.228173270988E0   2.252086959883E-1
   -1.225170402355E0   2.326973527962E-1
   -1.222167533722E0   2.400082604043E-1
   -1.219164665089E0   2.473098204052E-1
   -1.216161796455E0   2.548103940094E-1
   -1.213158927822E0   2.620979647916E-1
   -1.210156059189E0   2.693737674899E-1
   -1.207153190556E0   2.768823190422E-1
   -1.204150321923E0   2.841397898699E-1
   -1.201147453289E0   2.913830665028E-1
   -1.198144584656E0   2.988955259858E-1
   -1.195141716023E0   3.061160920242E-1
   -1.192138847390E0   3.133200394246E-1
   -1.189135978756E0   3.208322022060E-1
   -1.186133110123E0   3.280090336696E-1
   -1.183130241490E0   3.351668311684E-1
   -1.180127372857E0   3.426743547775E-1
   -1.177124504224E0   3.498006141539E-1
   -1.174121635590E0   3.569054409434E-1
   -1.171118766957E0   3.644038421407E-1
   -1.168115898324E0   3.714727018412E-1
   -1.165113029691E0   3.785177547095E-1
   -1.162110161057E0   3.860024069489E-1
   -1.159107292424E0   3.930070673411E-1
   -1.156104423791E0   3.999855787549E-1
   -1.153101555158E0   4.074517101192E-1
   -1.150098686525E0   4.143854178639E-1
   -1.147095817891E0   4.212906743352E-1
   -1.144092949258E0   4.287333660443E-1
   -1.141090080625E0   4.355894326983E-1
   -1.138087211992E0   4.424147933623E-1
   -1.135084343358E0   4.498289789750E-1
   -1.132081474725E0   4.566007997888E-1
   -1.129078606092E0   4.633397151421E-1
   -1.126075737459E0   4.707201805393E-1
   -1.123072868826E0   4.774012533829E-1
   -1.120070000192E0   4.840472841229E-1
   -1.117067131559E0   4.906576134626E-1
   -1.114064262926E0   4.979726127663E-1
   -1.111061394293E0   5.045194486605E-1
   -1.108058525659E0   5.110285482196E-1
   -1.105055657026E0   5.182968220328E-1
   -1.102052788393E0   5.247383007497E-1
   -1.099049919760E0   5.311400881918E-1
   -1.096047051127E0   5.383559909236E-1
   -1.093044182493E0   5.446861167752E-1
   -1.090041313860E0   5.509746833241E-1
   -1.087038445227E0   5.572211466002E-1
   -1.084035576594E0   5.643453991778E-1
   -1.081032707960E0   5.705150279376E-1
   -1.078029839327E0   5.766408179459E-1
   -1.075026970694E0   5.836989191000E-1
   -1.072024102061E0   5.897441030964E-1
   -1.069021233428E0   5.957438147139E-1
   -1.066018364794E0   6.016976048992E-1
   -1.063015496161E0   6.086452198312E-1
   -1.060012627528E0   6.145136814200E-1
   -1.057009758895E0   6.203347386927E-1
   -1.054006890261E0   6.272020632161E-1
   -1.051004021628E0   6.329343535470E-1
   -1.048001152995E0   6.386178713055E-1
   -1.044998284362E0   6.442522708313E-1
   -1.041995415729E0   6.509902019455E-1
   -1.038992547095E0   6.565316452858E-1
   -1.035989678462E0   6.620227675629E-1
   -1.032986809829E0   6.674632851691E-1
   -1.029983941196E0   6.740611990975E-1
   -1.026981072562E0   6.794049211847E-1
   -1.023978203929E0   6.846970075802E-1
   -1.020975335296E0   6.911922122584E-1
   -1.017972466663E0   6.963847168518E-1
   -1.014969598030E0   7.015246838904E-1
   -1.011966729396E0   7.066119405083E-1
   -1.008963860763E0   7.129487400886E-1
   -1.005960992130E0   7.179332218374E-1
   -1.002958123497E0   7.228642713487E-1
  -9.999552548634E-1   7.277417795833E-1
  -9.969523862302E-1   7.339101872666E-1
  -9.939495175970E-1   7.386821329205E-1
  -9.909466489637E-1   7.433999979312E-1
  -9.879437803305E-1   7.480637365716E-1
  -9.849409116973E-1   7.540541418163E-1
  -9.819380430641E-1   7.586099506380E-1
  -9.789351744308E-1   7.631112770747E-1
  -9.759323057976E-1   7.675581376397E-1
  -9.729294371644E-1   7.733613712076E-1
  -9.699265685312E-1   7.776983675734E-1
  -9.669236998980E-1   7.819807248251E-1
  -9.639208312647E-1   7.862085200956E-1
  -9.609179626315E-1   7.918159200605E-1
  -9.579150939983E-1   7.959323591992E-1
  -9.549122253651E-1   7.999942438680E-1
  -9.519093567318E-1   8.040017096936E-1
  -9.489064880986E-1   8.094051879450E-1
  -9.459036194654E-1   8.133002549063E-1
  -9.429007508322E-1   8.171410878737E-1
  -9.398978821989E-1   8.209278783803E-1
  -9.368950135657E-1   8.261199871131E-1
  -9.338921449325E-1   8.297937891169E-1
  -9.308892762993E-1   8.334139061114E-1
  -9.278864076660E-1   8.369805825149E-1
  -9.248835390328E-1   8.419545801586E-1
  -9.218806703996E-1   8.454081325717E-1
  -9.188778017664E-1   8.488087684724E-1
  -9.158749331332E-1   8.521567817783E-1
  -9.128720644999E-1   8.569066977712E-1
  -9.098691958667E-1   8.601419039805E-1
  -9.068663272335E-1   8.633251711786E-1
  -9.038634586003E-1   8.664568390708E-1
  -9.008605899670E-1   8.695372566963E-1
  -8.978577213338E-1   8.739971623803E-1
  -8.948548527006E-1   8.769660235306E-1
  -8.918519840674E-1   8.798845018071E-1
  -8.888491154341E-1   8.827529868973E-1
  -8.858462468009E-1   8.869793805775E-1
  -8.828433781677E-1   8.897376161186E-1
  -8.798405095345E-1   8.924468650613E-1
  -8.768376409012E-1   8.951075535167E-1
  -8.738347722680E-1   8.990974001121E-1
  -8.708319036348E-1   9.016495709584E-1
  -8.678290350016E-1   9.041543170346E-1
  -8.648261663684E-1   9.066120965056E-1
  -8.618232977351E-1   9.090233730448E-1
  -8.588204291019E-1   9.127147739701E-1
  -8.558175604687E-1   9.150204672725E-1
  -8.528146918355E-1   9.172809338265E-1
  -8.498118232022E-1   9.194966637094E-1
  -8.468089545690E-1   9.229492902029E-1
  -8.438060859358E-1   9.250620580176E-1
  -8.408032173026E-1   9.271314690943E-1
  -8.378003486693E-1   9.291580354148E-1
  -8.347974800361E-1   9.311422718563E-1
  -8.317946114029E-1   9.342988589490E-1
  -8.287917427697E-1   9.361840829752E-1
  -8.257888741364E-1   9.380284635348E-1
  -8.227860055032E-1   9.398325318057E-1
  -8.197831368700E-1   9.415968204877E-1
  -8.167802682368E-1   9.444620084174E-1
  -8.137773996036E-1   9.461317220465E-1
  -8.107745309703E-1   9.477632293819E-1
  -8.077716623371E-1   9.493570739676E-1
  -8.047687937039E-1   9.509137995797E-1
  -8.017659250707E-1   9.534942398835E-1
  -7.987630564374E-1   9.549612616348E-1
  -7.957601878042E-1   9.563928049779E-1
  -7.927573191710E-1   9.577894192873E-1
  -7.897544505378E-1   9.601449408756E-1
  -7.867515819045E-1   9.614559618448E-1
  -7.837487132713E-1   9.627337396969E-1
  -7.807458446381E-1   9.639788253303E-1
  -7.777429760049E-1   9.651917677696E-1
  -7.747401073716E-1   9.672789202732E-1
  -7.717372387384E-1   9.684118005878E-1
  -7.687343701052E-1   9.695142560428E-1
  -7.657315014720E-1   9.705868324188E-1
  -7.627286328388E-1   9.716300726114E-1
  -7.597257642055E-1   9.734609072750E-1
  -7.567228955723E-1   9.744298844332E-1
  -7.537200269391E-1   9.753712573027E-1
  -7.507171583059E-1   9.762855610848E-1
  -7.477142896726E-1   9.771733271942E-1
  -7.447114210394E-1   9.787615980167E-1
  -7.417085524062E-1   9.795811031552E-1
  -7.387056837730E-1   9.803757977311E-1
  -7.357028151397E-1   9.811462013499E-1
  -7.326999465065E-1   9.818928290389E-1
  -7.296970778733E-1   9.826161911356E-1
  -7.266942092401E-1   9.839383426502E-1
  -7.236913406069E-1   9.846007756467E-1
  -7.206884719736E-1   9.852416367031E-1
  -7.176856033404E-1   9.858614200027E-1
  -7.146827347072E-1   9.864606143795E-1
  -7.116798660740E-1   9.875756938718E-1
  -7.086769974407E-1   9.881201443261E-1
  -7.056741288075E-1   9.886456569916E-1
  -7.026712601743E-1   9.891527011976E-1
  -6.996683915411E-1   9.896417403696E-1
  -6.966655229078E-1   9.905676345520E-1
  -6.936626542746E-1   9.910080957945E-1
  -6.906597856414E-1   9.914321443042E-1
  -6.876569170082E-1   9.918402209897E-1
  -6.846540483749E-1   9.922327604019E-1
  -6.816511797417E-1   9.929881826223E-1
  -6.786483111085E-1   9.933382165162E-1
  -6.756454424753E-1   9.936742309723E-1
  -6.726425738421E-1   9.939966353543E-1
  -6.696397052088E-1   9.943058323121E-1
  -6.666368365756E-1   9.946022177569E-1
  -6.636339679424E-1   9.951826158182E-1
  -6.606310993092E-1   9.954434308637E-1
  -6.576282306759E-1   9.956928421467E-1
  -6.546253620427E-1   9.959312178404E-1
  -6.516224934095E-1   9.961589191399E-1
  -6.486196247763E-1   9.966110314026E-1
  -6.456167561430E-1   9.968087489497E-1
  -6.426138875098E-1   9.969970949374E-1
  -6.396110188766E-1   9.971764009664E-1
  -6.366081502434E-1   9.973469915187E-1
  -6.336052816101E-1   9.975091839734E-1
  -6.306024129769E-1   9.978357800648E-1
  -6.275995443437E-1   9.979741083266E-1
  -6.245966757105E-1   9.981052001693E-1
  -6.215938070773E-1   9.982293419047E-1
  -6.185909384440E-1   9.983468127256E-1
  -6.155880698108E-1   9.984578847429E-1
  -6.125852011776E-1   9.986841753727E-1
  -6.095823325444E-1   9.987768966266E-1
  -6.065794639111E-1   9.988642272317E-1
  -6.035765952779E-1   9.989464074809E-1
  -6.005737266447E-1   9.990236707053E-1
  -5.975708580115E-1   9.991823288944E-1
  -5.945679893782E-1   9.992454117530E-1
  -5.915651207450E-1   9.993044489838E-1
  -5.885622521118E-1   9.993596420210E-1
  -5.855593834786E-1   9.994111855914E-1
  -5.825565148453E-1   9.994592677953E-1
  -5.795536462121E-1   9.995585804654E-1
  -5.765507775789E-1   9.995966509475E-1
  -5.735479089457E-1   9.996319662598E-1
  -5.705450403125E-1   9.996646836082E-1
  -5.675421716792E-1   9.996949539950E-1
  -5.645393030460E-1   9.997229223256E-1
  -5.615364344128E-1   9.997807805939E-1
  -5.585335657796E-1   9.998021020412E-1
  -5.555306971463E-1   9.998216654588E-1
  -5.525278285131E-1   9.998395870315E-1
  -5.495249598799E-1   9.998559774502E-1
  -5.465220912467E-1   9.998709420413E-1
  -5.435192226134E-1   9.999017804330E-1
  -5.405163539802E-1   9.999126600922E-1
  -5.375134853470E-1   9.999225066472E-1
  -5.345106167138E-1   9.999314001217E-1
  -5.315077480806E-1   9.999394159475E-1
  -5.285048794473E-1   9.999466251134E-1
  -5.255020108141E-1   9.999530943157E-1
  -5.224991421809E-1   9.999662550881E-1
  -5.194962735477E-1   9.999706431041E-1
  -5.164934049144E-1   9.999745352111E-1
  -5.134905362812E-1   9.999779781032E-1
  -5.104876676480E-1   9.999810150858E-1
  -5.074847990148E-1   9.999836862323E-1
  -5.044819303815E-1   9.999890042104E-1
  -5.014790617483E-1   9.999906747854E-1
  -4.984761931151E-1   9.999921218480E-1
  -4.954733244819E-1   9.999933708097E-1
  -4.924704558486E-1   9.999944447761E-1
  -4.894675872154E-1   9.999953646925E-1
  -4.864647185822E-1   9.999971333503E-1
  -4.834618499490E-1   9.999976497292E-1
  -4.804589813158E-1   9.999980830254E-1
  -4.774561126825E-1   9.999984448343E-1
  -4.744532440493E-1   9.999987454144E-1
  -4.714503754161E-1   9.999989938028E-1
  -4.684475067829E-1   9.999991979253E-1
  -4.654446381496E-1   9.999995666063E-1
  -4.624417695164E-1   9.999996631637E-1
  -4.594389008832E-1   9.999997401730E-1
  -4.564360322500E-1   9.999998011506E-1
  -4.534331636167E-1   9.999998490706E-1
  -4.504302949835E-1   9.999998864316E-1
  -4.474274263503E-1   9.999999483438E-1
  -4.444245577171E-1   9.999999625229E-1
  -4.414216890838E-1   9.999999731072E-1
  -4.384188204506E-1   9.999999809247E-1
  -4.354159518174E-1   9.999999866340E-1
  -4.324130831842E-1   9.999999907547E-1
  -4.294102145510E-1   9.999999936916E-1
  -4.264073459177E-1   9.999999978665E-1
  -4.234044772845E-1   9.999999986271E-1
  -4.204016086513E-1   9.999999991323E-1
  -4.173987400181E-1   9.999999994620E-1
  -4.143958713848E-1   9.999999996732E-1
  -4.113930027516E-1   9.999999998058E-1
  -4.083901341184E-1   9.999999999571E-1
  -4.053872654852E-1   9.999999999768E-1
  -4.023843968519E-1   9.999999999879E-1
  -3.993815282187E-1   9.999999999938E-1
  -3.963786595855E-1   9.999999999970E-1
  -3.933757909523E-1   9.999999999986E-1
  -3.903729223190E-1   9.999999999994E-1
  -3.873700536858E-1   9.999999999999E-1
  -3.843671850526E-1    1.000000000000E0
  -3.813643164194E-1    1.000000000000E0
  -3.783614477862E-1    1.000000000000E0
  -3.753585791529E-1    1.000000000000E0
  -3.723557105197E-1    1.000000000000E0
  -3.693528418865E-1    1.000000000000E0
  -3.663499732533E-1    1.000000000000E0
  -3.633471046200E-1    1.000000000000E0
  -3.603442359868E-1    1.000000000000E0
  -3.573413673536E-1    1.000000000000E0
  -3.543384987204E-1    1.000000000000E0
  -3.513356300871E-1    1.000000000000E0
  -3.483327614539E-1    1.000000000000E0
  -3.453298928207E-1    1.000000000000E0
  -3.423270241875E-1    1.000000000000E0
  -3.393241555542E-1    1.000000000000E0
  -3.363212869210E-1    1.000000000000E0
  -3.333184182878E-1    1.000000000000E0
  -3.303155496546E-1    1.000000000000E0
  -3.273126810214E-1    1.000000000000E0
  -3.243098123881E-1    1.000000000000E0
  -3.213069437549E-1    1.000000000000E0
  -3.183040751217E-1    1.000000000000E0
  -3.153012064885E-1    1.000000000000E0
  -3.122983378552E-1    1.000000000000E0
  -3.092954692220E-1    1.000000000000E0
  -3.062926005888E-1    1.000000000000E0
  -3.032897319556E-1    1.000000000000E0
  -3.002868633223E-1   -1.000000000000E0
  -2.972839946891E-1   -1.000000000000E0
  -2.942811260559E-1   -1.000000000000E0
  -2.912782574227E-1   -1.000000000000E0
  -2.882753887895E-1   -1.000000000000E0
  -2.852725201562E-1   -1.000000000000E0
  -2.822696515230E-1   -1.000000000000E0
  -2.792667828898E-1   -1.000000000000E0
  -2.762639142566E-1   -1.000000000000E0
  -2.732610456233E-1   -1.000000000000E0
  -2.702581769901E-1   -1.000000000000E0
  -2.672553083569E-1   -1.000000000000E0
  -2.642524397237E-1   -1.000000000000E0
  -2.612495710904E-1   -1.000000000000E0
  -2.582467024572E-1   -1.000000000000E0
  -2.552438338240E-1   -1.000000000000E0
  -2.522409651908E-1   -1.000000000000E0
  -2.492380965575E-1   -1.000000000000E0
  -2.462352279243E-1   -1.000000000000E0
  -2.432323592911E-1   -1.000000000000E0
  -2.402294906579E-1   -1.000000000000E0
  -2.372266220247E-1   -1.000000000000E0
  -2.342237533914E-1   -1.000000000000E0
  -2.312208847582E-1   -1.000000000000E0
  -2.282180161250E-1   -1.000000000000E0
  -2.252151474918E-1   -1.000000000000E0
  -2.222122788585E-1  -9.999999999999E-1
  -2.192094102253E-1  -9.999999999997E-1
  -2.162065415921E-1  -9.999999999994E-1
  -2.132036729589E-1  -9.999999999987E-1
  -2.102008043256E-1  -9.999999999907E-1
  -2.071979356924E-1  -9.999999999821E-1
  -2.041950670592E-1  -9.999999999664E-1
  -2.011921984260E-1  -9.999999999387E-1
  -1.981893297927E-1  -9.999999998912E-1
  -1.951864611595E-1  -9.999999998116E-1
  -1.921835925263E-1  -9.999999996816E-1
  -1.891807238931E-1  -9.999999994735E-1
  -1.861778552599E-1  -9.999999981961E-1
  -1.831749866266E-1  -9.999999972210E-1
  -1.801721179934E-1  -9.999999957882E-1
  -1.771692493602E-1  -9.999999937141E-1
  -1.741663807270E-1  -9.999999907537E-1
  -1.711635120937E-1  -9.999999865840E-1
  -1.681606434605E-1  -9.999999807848E-1
  -1.651577748273E-1  -9.999999728143E-1
  -1.621549061941E-1  -9.999999365775E-1
  -1.591520375608E-1  -9.999999138446E-1
  -1.561491689276E-1  -9.999998840787E-1
  -1.531463002944E-1  -9.999998454434E-1
  -1.501434316612E-1  -9.999997957113E-1
  -1.471405630279E-1  -9.999997321997E-1
  -1.441376943947E-1  -9.999996516991E-1
  -1.411348257615E-1  -9.999995503946E-1
  -1.381319571283E-1  -9.999991667603E-1
  -1.351290884951E-1  -9.999989514187E-1
  -1.321262198618E-1  -9.999986884233E-1
  -1.291233512286E-1  -9.999983689913E-1
  -1.261204825954E-1  -9.999979830489E-1
  -1.231176139622E-1  -9.999975190911E-1
  -1.201147453289E-1  -9.999969640323E-1
  -1.171118766957E-1  -9.999963030462E-1
  -1.141090080625E-1  -9.999940947153E-1
  -1.111061394293E-1  -9.999929297679E-1
  -1.081032707960E-1  -9.999915695092E-1
  -1.051004021628E-1  -9.999899869758E-1
  -1.020975335296E-1  -9.999881522847E-1
  -9.909466489637E-2  -9.999860324045E-1
  -9.609179626315E-2  -9.999835909150E-1
  -9.308892762993E-2  -9.999807877534E-1
  -9.008605899670E-2  -9.999775789493E-1
  -8.708319036348E-2  -9.999679155542E-1
  -8.408032173026E-2  -9.999629813916E-1
  -8.107745309703E-2  -9.999574059391E-1
  -7.807458446381E-2  -9.999511209425E-1
  -7.507171583059E-2  -9.999440524280E-1
  -7.206884719736E-2  -9.999361203285E-1
  -6.906597856414E-2  -9.999272380852E-1
  -6.606310993092E-2  -9.999173122187E-1
  -6.306024129769E-2  -9.998896535618E-1
  -6.005737266447E-2  -9.998756294374E-1
  -5.705450403125E-2  -9.998600986902E-1
  -5.405163539802E-2  -9.998429272830E-1
  -5.104876676480E-2  -9.998239711504E-1
  -4.804589813158E-2  -9.998030754000E-1
  -4.504302949835E-2  -9.997800733883E-1
  -4.204016086513E-2  -9.997547856322E-1
  -3.903729223190E-2  -9.997270184985E-1
  -3.603442359868E-2  -9.996554564889E-1
  -3.303155496546E-2  -9.996186574044E-1
  -3.002868633223E-2  -9.995784703815E-1
  -2.702581769901E-2  -9.995346116377E-1
  -2.402294906579E-2  -9.994867670445E-1
  -2.102008043256E-2  -9.994345841297E-1
  -1.801721179934E-2  -9.993776594504E-1
  -1.501434316612E-2  -9.993155171218E-1
  -1.201147453289E-2  -9.992475686094E-1
  -9.008605899670E-3  -9.990861637677E-1
  -6.005737266447E-3  -9.989974843419E-1
  -3.002868633224E-3  -9.988979364074E-1
    0.000000000000E0  -9.987658656988E-1
