#             e [au]            f [a.u.]
   -1.366888860575E0  -9.973198571714E-1
   -1.365520602456E0  -9.973109804118E-1
   -1.364152344338E0  -9.973020698215E-1
   -1.362784086219E0  -9.972931252523E-1
   -1.361415828100E0  -9.972841465555E-1
   -1.360047569982E0  -9.972751335817E-1
   -1.358679311863E0  -9.972660861806E-1
   -1.357311053744E0  -9.972570042014E-1
   -1.355942795626E0  -9.972478874922E-1
   -1.354574537507E0  -9.972387359006E-1
   -1.353206279388E0  -9.972295492734E-1
   -1.351838021269E0  -9.972203274565E-1
   -1.350469763151E0  -9.972110702952E-1
   -1.349101505032E0  -9.972017776339E-1
   -1.347733246913E0  -9.971924493162E-1
   -1.346364988795E0  -9.971830851851E-1
   -1.344996730676E0  -9.971736850825E-1
   -1.343628472557E0  -9.971642488498E-1
   -1.342260214439E0  -9.971547763275E-1
   -1.340891956320E0  -9.971452673552E-1
   -1.339523698201E0  -9.971357217717E-1
   -1.338155440083E0  -9.971261394152E-1
   -1.336787181964E0  -9.971165201229E-1
   -1.335418923845E0  -9.971068637311E-1
   -1.334050665726E0  -9.970971700755E-1
   -1.332682407608E0  -9.970874389907E-1
   -1.331314149489E0  -9.970776703107E-1
   -1.329945891370E0  -9.970678638686E-1
   -1.328577633252E0  -9.970580194966E-1
   -1.327209375133E0  -9.970481370260E-1
   -1.325841117014E0  -9.970382162873E-1
   -1.324472858896E0  -9.970282571102E-1
   -1.323104600777E0  -9.970182593234E-1
   -1.321736342658E0  -9.970082227549E-1
   -1.320368084540E0  -9.969981472316E-1
   -1.318999826421E0  -9.969880325797E-1
   -1.317631568302E0  -9.969778786245E-1
   -1.316263310183E0  -9.969676851904E-1
   -1.314895052065E0  -9.969574521008E-1
   -1.313526793946E0  -9.969471791781E-1
   -1.312158535827E0  -9.969368662441E-1
   -1.310790277709E0  -9.969265131196E-1
   -1.309422019590E0  -9.969161196242E-1
   -1.308053761471E0  -9.969056855770E-1
   -1.306685503353E0  -9.968952107959E-1
   -1.305317245234E0  -9.968846950979E-1
   -1.303948987115E0  -9.968741382991E-1
   -1.302580728997E0  -9.968635402146E-1
   -1.301212470878E0  -9.968529006587E-1
   -1.299844212759E0  -9.968422194444E-1
   -1.298475954640E0  -9.968314963842E-1
   -1.297107696522E0  -9.968207312893E-1
   -1.295739438403E0  -9.968099239700E-1
   -1.294371180284E0  -9.967990742356E-1
   -1.293002922166E0  -9.967881818946E-1
   -1.291634664047E0  -9.967772467543E-1
   -1.290266405928E0  -9.967662686209E-1
   -1.288898147810E0  -9.967552473000E-1
   -1.287529889691E0  -9.967441825957E-1
   -1.286161631572E0  -9.967330743116E-1
   -1.284793373453E0  -9.967219222499E-1
   -1.283425115335E0  -9.967107262119E-1
   -1.282056857216E0  -9.966994859977E-1
   -1.280688599097E0  -9.966882014067E-1
   -1.279320340979E0  -9.966768722370E-1
   -1.277952082860E0  -9.966654982857E-1
   -1.276583824741E0  -9.966540793490E-1
   -1.275215566623E0  -9.966426152217E-1
   -1.273847308504E0  -9.966311056977E-1
   -1.272479050385E0  -9.966195505701E-1
   -1.271110792267E0  -9.966079496303E-1
   -1.269742534148E0  -9.965963026692E-1
   -1.268374276029E0  -9.965846094764E-1
   -1.267006017910E0  -9.965728698402E-1
   -1.265637759792E0  -9.965610835480E-1
   -1.264269501673E0  -9.965492503862E-1
   -1.262901243554E0  -9.965373701398E-1
   -1.261532985436E0  -9.965254425928E-1
   -1.260164727317E0  -9.965134675281E-1
   -1.258796469198E0  -9.965014447273E-1
   -1.257428211080E0  -9.964893739710E-1
   -1.256059952961E0  -9.964772550386E-1
   -1.254691694842E0  -9.964650877083E-1
   -1.253323436724E0  -9.964528717573E-1
   -1.251955178605E0  -9.964406069614E-1
   -1.250586920486E0  -9.964282930953E-1
   -1.249218662367E0  -9.964159299325E-1
   -1.247850404249E0  -9.964035172453E-1
   -1.246482146130E0  -9.963910548048E-1
   -1.245113888011E0  -9.963785423810E-1
   -1.243745629893E0  -9.963659797424E-1
   -1.242377371774E0  -9.963533666565E-1
   -1.241009113655E0  -9.963407028895E-1
   -1.239640855537E0  -9.963279882065E-1
   -1.238272597418E0  -9.963152223709E-1
   -1.236904339299E0  -9.963024051454E-1
   -1.235536081181E0  -9.962895362911E-1
   -1.234167823062E0  -9.962766155678E-1
   -1.232799564943E0  -9.962636427343E-1
   -1.231431306824E0  -9.962506175478E-1
   -1.230063048706E0  -9.962375397644E-1
   -1.228694790587E0  -9.962244091388E-1
   -1.227326532468E0  -9.962112254245E-1
   -1.225958274350E0  -9.961979883735E-1
   -1.224590016231E0  -9.961846977365E-1
   -1.223221758112E0  -9.961713532630E-1
   -1.221853499994E0  -9.961579547011E-1
   -1.220485241875E0  -9.961445017977E-1
   -1.219116983756E0  -9.961309942977E-1
   -1.217748725637E0  -9.961174319455E-1
   -1.216380467519E0  -9.961038144836E-1
   -1.215012209400E0  -9.960901416531E-1
   -1.213643951281E0  -9.960764131940E-1
   -1.212275693163E0  -9.960626288445E-1
   -1.210907435044E0  -9.960487883418E-1
   -1.209539176925E0  -9.960348914215E-1
   -1.208170918807E0  -9.960209378176E-1
   -1.206802660688E0  -9.960069272629E-1
   -1.205434402569E0  -9.959928594887E-1
   -1.204066144451E0  -9.959787342247E-1
   -1.202697886332E0  -9.959645511993E-1
   -1.201329628213E0  -9.959503101394E-1
   -1.199961370094E0  -9.959360107703E-1
   -1.198593111976E0  -9.959216528159E-1
   -1.197224853857E0  -9.959072359986E-1
   -1.195856595738E0  -9.958927600392E-1
   -1.194488337620E0  -9.958782246572E-1
   -1.193120079501E0  -9.958636295702E-1
   -1.191751821382E0  -9.958489744947E-1
   -1.190383563264E0  -9.958342591451E-1
   -1.189015305145E0  -9.958194832349E-1
   -1.187647047026E0  -9.958046464755E-1
   -1.186278788908E0  -9.957897485769E-1
   -1.184910530789E0  -9.957747892475E-1
   -1.183542272670E0  -9.957597681942E-1
   -1.182174014551E0  -9.957446851221E-1
   -1.180805756433E0  -9.957295397349E-1
   -1.179437498314E0  -9.957143317345E-1
   -1.178069240195E0  -9.956990608211E-1
   -1.176700982077E0  -9.956837266937E-1
   -1.175332723958E0  -9.956683290488E-1
   -1.173964465839E0  -9.956528675820E-1
   -1.172596207721E0  -9.956373419871E-1
   -1.171227949602E0  -9.956217519557E-1
   -1.169859691483E0  -9.956060971783E-1
   -1.168491433365E0  -9.955903773432E-1
   -1.167123175246E0  -9.955745921374E-1
   -1.165754917127E0  -9.955587412460E-1
   -1.164386659008E0  -9.955428243521E-1
   -1.163018400890E0  -9.955268411374E-1
   -1.161650142771E0  -9.955107912817E-1
   -1.160281884652E0  -9.954946744630E-1
   -1.158913626534E0  -9.954784903575E-1
   -1.157545368415E0  -9.954622386394E-1
   -1.156177110296E0  -9.954459189818E-1
   -1.154808852178E0  -9.954295310550E-1
   -1.153440594059E0  -9.954130745281E-1
   -1.152072335940E0  -9.953965490682E-1
   -1.150704077821E0  -9.953799543405E-1
   -1.149335819703E0  -9.953632900084E-1
   -1.147967561584E0  -9.953465557332E-1
   -1.146599303465E0  -9.953297511746E-1
   -1.145231045347E0  -9.953128759903E-1
   -1.143862787228E0  -9.952959298358E-1
   -1.142494529109E0  -9.952789123651E-1
   -1.141126270991E0  -9.952618232298E-1
   -1.139758012872E0  -9.952446620801E-1
   -1.138389754753E0  -9.952274285637E-1
   -1.137021496635E0  -9.952101223266E-1
   -1.135653238516E0  -9.951927430125E-1
   -1.134284980397E0  -9.951752902638E-1
   -1.132916722278E0  -9.951577637201E-1
   -1.131548464160E0  -9.951401630192E-1
   -1.130180206041E0  -9.951224877968E-1
   -1.128811947922E0  -9.951047376869E-1
   -1.127443689804E0  -9.950869123211E-1
   -1.126075431685E0  -9.950690113289E-1
   -1.124707173566E0  -9.950510343379E-1
   -1.123338915448E0  -9.950329809732E-1
   -1.121970657329E0  -9.950148508582E-1
   -1.120602399210E0  -9.949966436141E-1
   -1.119234141092E0  -9.949783588594E-1
   -1.117865882973E0  -9.949599962112E-1
   -1.116497624854E0  -9.949415552840E-1
   -1.115129366735E0  -9.949230356901E-1
   -1.113761108617E0  -9.949044370395E-1
   -1.112392850498E0  -9.948857589403E-1
   -1.111024592379E0  -9.948670009980E-1
   -1.109656334261E0  -9.948481628160E-1
   -1.108288076142E0  -9.948292439955E-1
   -1.106919818023E0  -9.948102441355E-1
   -1.105551559905E0  -9.947911628322E-1
   -1.104183301786E0  -9.947719996798E-1
   -1.102815043667E0  -9.947527542705E-1
   -1.101446785549E0  -9.947334261936E-1
   -1.100078527430E0  -9.947140150361E-1
   -1.098710269311E0  -9.946945203831E-1
   -1.097342011192E0  -9.946749418166E-1
   -1.095973753074E0  -9.946552789168E-1
   -1.094605494955E0  -9.946355312611E-1
   -1.093237236836E0  -9.946156984248E-1
   -1.091868978718E0  -9.945957799802E-1
   -1.090500720599E0  -9.945757754977E-1
   -1.089132462480E0  -9.945556845448E-1
   -1.087764204362E0  -9.945355066866E-1
   -1.086395946243E0  -9.945152414858E-1
   -1.085027688124E0  -9.944948885024E-1
   -1.083659430006E0  -9.944744472939E-1
   -1.082291171887E0  -9.944539174151E-1
   -1.080922913768E0  -9.944332984184E-1
   -1.079554655649E0  -9.944125898537E-1
   -1.078186397531E0  -9.943917912678E-1
   -1.076818139412E0  -9.943709022051E-1
   -1.075449881293E0  -9.943499222074E-1
   -1.074081623175E0  -9.943288508141E-1
   -1.072713365056E0  -9.943076875610E-1
   -1.071345106937E0  -9.942864319821E-1
   -1.069976848819E0  -9.942650836082E-1
   -1.068608590700E0  -9.942436419673E-1
   -1.067240332581E0  -9.942221065853E-1
   -1.065872074462E0  -9.942004769841E-1
   -1.064503816344E0  -9.941787526838E-1
   -1.063135558225E0  -9.941569332014E-1
   -1.061767300106E0  -9.941350180505E-1
   -1.060399041988E0  -9.941130067429E-1
   -1.059030783869E0  -9.940908987865E-1
   -1.057662525750E0  -9.940686936869E-1
   -1.056294267632E0  -9.940463909464E-1
   -1.054926009513E0  -9.940239900647E-1
   -1.053557751394E0  -9.940014905381E-1
   -1.052189493276E0  -9.939788918604E-1
   -1.050821235157E0  -9.939561935219E-1
   -1.049452977038E0  -9.939333950103E-1
   -1.048084718919E0  -9.939104958100E-1
   -1.046716460801E0  -9.938874954023E-1
   -1.045348202682E0  -9.938643932654E-1
   -1.043979944563E0  -9.938411888748E-1
   -1.042611686445E0  -9.938178817021E-1
   -1.041243428326E0  -9.937944712165E-1
   -1.039875170207E0  -9.937709568837E-1
   -1.038506912089E0  -9.937473381658E-1
   -1.037138653970E0  -9.937236145224E-1
   -1.035770395851E0  -9.936997854096E-1
   -1.034402137733E0  -9.936758502797E-1
   -1.033033879614E0  -9.936518085826E-1
   -1.031665621495E0  -9.936276597642E-1
   -1.030297363376E0  -9.936034032672E-1
   -1.028929105258E0  -9.935790385315E-1
   -1.027560847139E0  -9.935545649925E-1
   -1.026192589020E0  -9.935299820833E-1
   -1.024824330902E0  -9.935052892330E-1
   -1.023456072783E0  -9.934804858672E-1
   -1.022087814664E0  -9.934555714085E-1
   -1.020719556546E0  -9.934305452753E-1
   -1.019351298427E0  -9.934054068829E-1
   -1.017983040308E0  -9.933801556434E-1
   -1.016614782190E0  -9.933547909647E-1
   -1.015246524071E0  -9.933293122511E-1
   -1.013878265952E0  -9.933037189035E-1
   -1.012510007833E0  -9.932780103194E-1
   -1.011141749715E0  -9.932521858920E-1
   -1.009773491596E0  -9.932262450115E-1
   -1.008405233477E0  -9.932001870638E-1
   -1.007036975359E0  -9.931740114314E-1
   -1.005668717240E0  -9.931477174926E-1
   -1.004300459121E0  -9.931213046224E-1
   -1.002932201003E0  -9.930947721919E-1
   -1.001563942884E0  -9.930681195678E-1
   -1.000195684765E0  -9.930413461135E-1
  -9.988274266465E-1  -9.930144511879E-1
  -9.974591685278E-1  -9.929874341466E-1
  -9.960909104091E-1  -9.929602943408E-1
  -9.947226522904E-1  -9.929330311181E-1
  -9.933543941717E-1  -9.929056438216E-1
  -9.919861360530E-1  -9.928781317904E-1
  -9.906178779343E-1  -9.928504943598E-1
  -9.892496198156E-1  -9.928227308608E-1
  -9.878813616969E-1  -9.927948406202E-1
  -9.865131035782E-1  -9.927668229610E-1
  -9.851448454595E-1  -9.927386772012E-1
  -9.837765873409E-1  -9.927104026553E-1
  -9.824083292222E-1  -9.926819986335E-1
  -9.810400711035E-1  -9.926534644411E-1
  -9.796718129848E-1  -9.926247993796E-1
  -9.783035548661E-1  -9.925960027462E-1
  -9.769352967474E-1  -9.925670738333E-1
  -9.755670386287E-1  -9.925380119289E-1
  -9.741987805100E-1  -9.925088163172E-1
  -9.728305223913E-1  -9.924794862772E-1
  -9.714622642726E-1  -9.924500210836E-1
  -9.700940061539E-1  -9.924204200064E-1
  -9.687257480352E-1  -9.923906823114E-1
  -9.673574899165E-1  -9.923608072595E-1
  -9.659892317978E-1  -9.923307941072E-1
  -9.646209736791E-1  -9.923006421059E-1
  -9.632527155604E-1  -9.922703505023E-1
  -9.618844574418E-1  -9.922399185391E-1
  -9.605161993231E-1  -9.922093454532E-1
  -9.591479412044E-1  -9.921786304774E-1
  -9.577796830857E-1  -9.921477728393E-1
  -9.564114249670E-1  -9.921167717615E-1
  -9.550431668483E-1  -9.920856264621E-1
  -9.536749087296E-1  -9.920543361539E-1
  -9.523066506109E-1  -9.920229000446E-1
  -9.509383924922E-1  -9.919913173375E-1
  -9.495701343735E-1  -9.919595872300E-1
  -9.482018762548E-1  -9.919277089148E-1
  -9.468336181361E-1  -9.918956815794E-1
  -9.454653600174E-1  -9.918635044063E-1
  -9.440971018987E-1  -9.918311765723E-1
  -9.427288437800E-1  -9.917986972494E-1
  -9.413605856613E-1  -9.917660656041E-1
  -9.399923275427E-1  -9.917332807974E-1
  -9.386240694240E-1  -9.917003419855E-1
  -9.372558113053E-1  -9.916672483181E-1
  -9.358875531866E-1  -9.916339989407E-1
  -9.345192950679E-1  -9.916005929924E-1
  -9.331510369492E-1  -9.915670296071E-1
  -9.317827788305E-1  -9.915333079131E-1
  -9.304145207118E-1  -9.914994270329E-1
  -9.290462625931E-1  -9.914653860838E-1
  -9.276780044744E-1  -9.914311841766E-1
  -9.263097463557E-1  -9.913968204168E-1
  -9.249414882370E-1  -9.913622939047E-1
  -9.235732301183E-1  -9.913276037335E-1
  -9.222049719996E-1  -9.912927489913E-1
  -9.208367138809E-1  -9.912577287602E-1
  -9.194684557622E-1  -9.912225421163E-1
  -9.181001976435E-1  -9.911871881297E-1
  -9.167319395249E-1  -9.911516658643E-1
  -9.153636814062E-1  -9.911159743781E-1
  -9.139954232875E-1  -9.910801127223E-1
  -9.126271651688E-1  -9.910440799428E-1
  -9.112589070501E-1  -9.910078750789E-1
  -9.098906489314E-1  -9.909714971636E-1
  -9.085223908127E-1  -9.909349452231E-1
  -9.071541326940E-1  -9.908982182780E-1
  -9.057858745753E-1  -9.908613153421E-1
  -9.044176164566E-1  -9.908242354221E-1
  -9.030493583379E-1  -9.907869775193E-1
  -9.016811002192E-1  -9.907495406281E-1
  -9.003128421005E-1  -9.907119237352E-1
  -8.989445839818E-1  -9.906741258221E-1
  -8.975763258631E-1  -9.906361458627E-1
  -8.962080677444E-1  -9.905979828238E-1
  -8.948398096258E-1  -9.905596356667E-1
  -8.934715515071E-1  -9.905211033441E-1
  -8.921032933884E-1  -9.904823848031E-1
  -8.907350352697E-1  -9.904434789831E-1
  -8.893667771510E-1  -9.904043848167E-1
  -8.879985190323E-1  -9.903651012292E-1
  -8.866302609136E-1  -9.903256271390E-1
  -8.852620027949E-1  -9.902859614568E-1
  -8.838937446762E-1  -9.902461030868E-1
  -8.825254865575E-1  -9.902060509250E-1
  -8.811572284388E-1  -9.901658038604E-1
  -8.797889703201E-1  -9.901253607749E-1
  -8.784207122014E-1  -9.900847205424E-1
  -8.770524540827E-1  -9.900438820291E-1
  -8.756841959640E-1  -9.900028440941E-1
  -8.743159378453E-1  -9.899616055885E-1
  -8.729476797267E-1  -9.899201653560E-1
  -8.715794216080E-1  -9.898785222318E-1
  -8.702111634893E-1  -9.898366750440E-1
  -8.688429053706E-1  -9.897946226121E-1
  -8.674746472519E-1  -9.897523637481E-1
  -8.661063891332E-1  -9.897098972559E-1
  -8.647381310145E-1  -9.896672219310E-1
  -8.633698728958E-1  -9.896243365608E-1
  -8.620016147771E-1  -9.895812399248E-1
  -8.606333566584E-1  -9.895379307937E-1
  -8.592650985397E-1  -9.894944079302E-1
  -8.578968404210E-1  -9.894506700884E-1
  -8.565285823023E-1  -9.894067160138E-1
  -8.551603241836E-1  -9.893625444435E-1
  -8.537920660649E-1  -9.893181541060E-1
  -8.524238079462E-1  -9.892735437207E-1
  -8.510555498276E-1  -9.892287119991E-1
  -8.496872917089E-1  -9.891836576425E-1
  -8.483190335902E-1  -9.891383793442E-1
  -8.469507754715E-1  -9.890928757888E-1
  -8.455825173528E-1  -9.890471456509E-1
  -8.442142592341E-1  -9.890011875966E-1
  -8.428460011154E-1  -9.889550002824E-1
  -8.414777429967E-1  -9.889085823563E-1
  -8.401094848780E-1  -9.888619324559E-1
  -8.387412267593E-1  -9.888150492099E-1
  -8.373729686406E-1  -9.887679312374E-1
  -8.360047105219E-1  -9.887205771483E-1
  -8.346364524032E-1  -9.886729855419E-1
  -8.332681942845E-1  -9.886251550091E-1
  -8.318999361658E-1  -9.885770841294E-1
  -8.305316780471E-1  -9.885287714740E-1
  -8.291634199285E-1  -9.884802156027E-1
  -8.277951618098E-1  -9.884314150663E-1
  -8.264269036911E-1  -9.883823684050E-1
  -8.250586455724E-1  -9.883330741487E-1
  -8.236903874537E-1  -9.882835308171E-1
  -8.223221293350E-1  -9.882337369196E-1
  -8.209538712163E-1  -9.881836909551E-1
  -8.195856130976E-1  -9.881333914119E-1
  -8.182173549789E-1  -9.880828367675E-1
  -8.168490968602E-1  -9.880320254889E-1
  -8.154808387415E-1  -9.879809560321E-1
  -8.141125806228E-1  -9.879296268422E-1
  -8.127443225041E-1  -9.878780363536E-1
  -8.113760643854E-1  -9.878261829894E-1
  -8.100078062667E-1  -9.877740651612E-1
  -8.086395481480E-1  -9.877216812698E-1
  -8.072712900294E-1  -9.876690297042E-1
  -8.059030319107E-1  -9.876161088427E-1
  -8.045347737920E-1  -9.875629170511E-1
  -8.031665156733E-1  -9.875094526842E-1
  -8.017982575546E-1  -9.874557140846E-1
  -8.004299994359E-1  -9.874016995834E-1
  -7.990617413172E-1  -9.873474074997E-1
  -7.976934831985E-1  -9.872928361404E-1
  -7.963252250798E-1  -9.872379838001E-1
  -7.949569669611E-1  -9.871828487619E-1
  -7.935887088424E-1  -9.871274292956E-1
  -7.922204507237E-1  -9.870717236595E-1
  -7.908521926050E-1  -9.870157300981E-1
  -7.894839344863E-1  -9.869594468445E-1
  -7.881156763676E-1  -9.869028721185E-1
  -7.867474182489E-1  -9.868460041266E-1
  -7.853791601302E-1  -9.867888410633E-1
  -7.840109020116E-1  -9.867313811090E-1
  -7.826426438929E-1  -9.866736224313E-1
  -7.812743857742E-1  -9.866155631848E-1
  -7.799061276555E-1  -9.865572015106E-1
  -7.785378695368E-1  -9.864985355352E-1
  -7.771696114181E-1  -9.864395633734E-1
  -7.758013532994E-1  -9.863802831241E-1
  -7.744330951807E-1  -9.863206928738E-1
  -7.730648370620E-1  -9.862607906944E-1
  -7.716965789433E-1  -9.862005746439E-1
  -7.703283208246E-1  -9.861400427659E-1
  -7.689600627059E-1  -9.860791930895E-1
  -7.675918045872E-1  -9.860180236297E-1
  -7.662235464685E-1  -9.859565323867E-1
  -7.648552883498E-1  -9.858947173456E-1
  -7.634870302311E-1  -9.858325764769E-1
  -7.621187721125E-1  -9.857701077362E-1
  -7.607505139938E-1  -9.857073090641E-1
  -7.593822558751E-1  -9.856441783858E-1
  -7.580139977564E-1  -9.855807136109E-1
  -7.566457396377E-1  -9.855169126333E-1
  -7.552774815190E-1  -9.854527733319E-1
  -7.539092234003E-1  -9.853882935695E-1
  -7.525409652816E-1  -9.853234711930E-1
  -7.511727071629E-1  -9.852583040328E-1
  -7.498044490442E-1  -9.851927899037E-1
  -7.484361909255E-1  -9.851269266040E-1
  -7.470679328068E-1  -9.850607119154E-1
  -7.456996746881E-1  -9.849941436027E-1
  -7.443314165694E-1  -9.849272194144E-1
  -7.429631584507E-1  -9.848599370816E-1
  -7.415949003320E-1  -9.847922943194E-1
  -7.402266422134E-1  -9.847242888236E-1
  -7.388583840947E-1  -9.846559182748E-1
  -7.374901259760E-1  -9.845871803348E-1
  -7.361218678573E-1  -9.845180726480E-1
  -7.347536097386E-1  -9.844485928411E-1
  -7.333853516199E-1  -9.843787385224E-1
  -7.320170935012E-1  -9.843085072829E-1
  -7.306488353825E-1  -9.842378966942E-1
  -7.292805772638E-1  -9.841669043101E-1
  -7.279123191451E-1  -9.840955276655E-1
  -7.265440610264E-1  -9.840237642765E-1
  -7.251758029077E-1  -9.839516116403E-1
  -7.238075447890E-1  -9.838790672351E-1
  -7.224392866703E-1  -9.838061285192E-1
  -7.210710285516E-1  -9.837327929318E-1
  -7.197027704329E-1  -9.836590578927E-1
  -7.183345123143E-1  -9.835849208015E-1
  -7.169662541956E-1  -9.835103790376E-1
  -7.155979960769E-1  -9.834354299603E-1
  -7.142297379582E-1  -9.833600709088E-1
  -7.128614798395E-1  -9.832842992020E-1
  -7.114932217208E-1  -9.832081121366E-1
  -7.101249636021E-1  -9.831315069897E-1
  -7.087567054834E-1  -9.830544810169E-1
  -7.073884473647E-1  -9.829770314527E-1
  -7.060201892460E-1  -9.828991555097E-1
  -7.046519311273E-1  -9.828208503787E-1
  -7.032836730086E-1  -9.827421132283E-1
  -7.019154148899E-1  -9.826629412063E-1
  -7.005471567712E-1  -9.825833314369E-1
  -6.991788986525E-1  -9.825032810225E-1
  -6.978106405338E-1  -9.824227870418E-1
  -6.964423824152E-1  -9.823418465515E-1
  -6.950741242965E-1  -9.822604565852E-1
  -6.937058661778E-1  -9.821786141521E-1
  -6.923376080591E-1  -9.820963162393E-1
  -6.909693499404E-1  -9.820135598086E-1
  -6.896010918217E-1  -9.819303417986E-1
  -6.882328337030E-1  -9.818466591236E-1
  -6.868645755843E-1  -9.817625086736E-1
  -6.854963174656E-1  -9.816778873128E-1
  -6.841280593469E-1  -9.815927918823E-1
  -6.827598012282E-1  -9.815072191965E-1
  -6.813915431095E-1  -9.814211660451E-1
  -6.800232849908E-1  -9.813346291921E-1
  -6.786550268721E-1  -9.812476053754E-1
  -6.772867687534E-1  -9.811600913069E-1
  -6.759185106347E-1  -9.810720836721E-1
  -6.745502525161E-1  -9.809835791305E-1
  -6.731819943974E-1  -9.808945743133E-1
  -6.718137362787E-1  -9.808050658265E-1
  -6.704454781600E-1  -9.807150502472E-1
  -6.690772200413E-1  -9.806245241250E-1
  -6.677089619226E-1  -9.805334839828E-1
  -6.663407038039E-1  -9.804419263139E-1
  -6.649724456852E-1  -9.803498475843E-1
  -6.636041875665E-1  -9.802572442304E-1
  -6.622359294478E-1  -9.801641126605E-1
  -6.608676713291E-1  -9.800704492528E-1
  -6.594994132104E-1  -9.799762503572E-1
  -6.581311550917E-1  -9.798815122921E-1
  -6.567628969730E-1  -9.797862313468E-1
  -6.553946388543E-1  -9.796904037807E-1
  -6.540263807356E-1  -9.795940258214E-1
  -6.526581226169E-1  -9.794970936667E-1
  -6.512898644983E-1  -9.793996034823E-1
  -6.499216063796E-1  -9.793015514023E-1
  -6.485533482609E-1  -9.792029335295E-1
  -6.471850901422E-1  -9.791037459336E-1
  -6.458168320235E-1  -9.790039846536E-1
  -6.444485739048E-1  -9.789036456937E-1
  -6.430803157861E-1  -9.788027250256E-1
  -6.417120576674E-1  -9.787012185887E-1
  -6.403437995487E-1  -9.785991222868E-1
  -6.389755414300E-1  -9.784964319905E-1
  -6.376072833113E-1  -9.783931435363E-1
  -6.362390251926E-1  -9.782892527254E-1
  -6.348707670739E-1  -9.781847553236E-1
  -6.335025089552E-1  -9.780796470624E-1
  -6.321342508365E-1  -9.779739236365E-1
  -6.307659927178E-1  -7.766953370497E-1
  -6.293977345992E-1  -7.639765484153E-1
  -6.280294764805E-1  -7.555433026133E-1
  -6.266612183618E-1  -7.485340531897E-1
  -6.252929602431E-1  -7.429208274267E-1
  -6.239247021244E-1  -7.386779168214E-1
  -6.225564440057E-1  -7.330812917010E-1
  -6.211881858870E-1  -7.288417319739E-1
  -6.198199277683E-1  -7.246029022549E-1
  -6.184516696496E-1  -7.203663408149E-1
  -6.170834115309E-1  -7.174487345749E-1
  -6.157151534122E-1  -7.132107921437E-1
  -6.143468952935E-1  -7.089790149131E-1
  -6.129786371748E-1  -7.060440401705E-1
  -6.116103790561E-1  -7.018169504752E-1
  -6.102421209374E-1  -6.988718833995E-1
  -6.088738628187E-1  -6.959199477353E-1
  -6.075056047001E-1  -6.917000247794E-1
  -6.061373465814E-1  -6.887408157746E-1
  -6.047690884627E-1  -6.857757475432E-1
  -6.034008303440E-1  -6.828050836841E-1
  -6.020325722253E-1  -6.798290867813E-1
  -6.006643141066E-1  -6.768480182887E-1
  -5.992960559879E-1  -6.726464895211E-1
  -5.979277978692E-1  -6.696630645017E-1
  -5.965595397505E-1  -6.666755388602E-1
  -5.951912816318E-1  -6.636841661710E-1
  -5.938230235131E-1  -6.606891982779E-1
  -5.924547653944E-1  -6.576908851936E-1
  -5.910865072757E-1  -6.546894749991E-1
  -5.897182491570E-1  -6.528478073097E-1
  -5.883499910383E-1  -6.498326192815E-1
  -5.869817329196E-1  -6.468148882396E-1
  -5.856134748010E-1  -6.437948562048E-1
  -5.842452166823E-1  -6.407727628546E-1
  -5.828769585636E-1  -6.377488454225E-1
  -5.815087004449E-1  -6.347233386270E-1
  -5.801404423262E-1  -6.328074058995E-1
  -5.787721842075E-1  -6.297700008791E-1
  -5.774039260888E-1  -6.267315339427E-1
  -5.760356679701E-1  -6.236922317648E-1
  -5.746674098514E-1  -6.206523181353E-1
  -5.732991517327E-1  -6.186849069548E-1
  -5.719308936140E-1  -6.156343260978E-1
  -5.705626354953E-1  -6.125836387609E-1
  -5.691943773766E-1  -6.095330594747E-1
  -5.678261192579E-1  -6.075252799581E-1
  -5.664578611392E-1  -6.044649450642E-1
  -5.650896030205E-1  -6.014052038555E-1
  -5.637213449019E-1  -5.993675799463E-1
  -5.623530867832E-1  -5.962986989503E-1
  -5.609848286645E-1  -5.932308831306E-1
  -5.596165705458E-1  -5.911636702071E-1
  -5.582483124271E-1  -5.880873171550E-1
  -5.568800543084E-1  -5.850124855741E-1
  -5.555117961897E-1  -5.829159459316E-1
  -5.541435380710E-1  -5.798331648490E-1
  -5.527752799523E-1  -5.767523453254E-1
  -5.514070218336E-1  -5.746267470418E-1
  -5.500387637149E-1  -5.715385494142E-1
  -5.486705055962E-1  -5.684527362656E-1
  -5.473022474775E-1  -5.662983520596E-1
  -5.459339893588E-1  -5.632057144275E-1
  -5.445657312401E-1  -5.610321267671E-1
  -5.431974731214E-1  -5.579329722078E-1
  -5.418292150028E-1  -5.557402451632E-1
  -5.404609568841E-1  -5.526348765948E-1
  -5.390926987654E-1  -5.495327457124E-1
  -5.377244406467E-1  -5.473117920247E-1
  -5.363561825280E-1  -5.442039609932E-1
  -5.349879244093E-1  -5.419640800132E-1
  -5.336196662906E-1  -5.388508358234E-1
  -5.322514081719E-1  -5.365920987870E-1
  -5.308831500532E-1  -5.334737227556E-1
  -5.295148919345E-1  -5.311962029134E-1
  -5.281466338158E-1  -5.280729704129E-1
  -5.267783756971E-1  -5.249539361782E-1
  -5.254101175784E-1  -5.226489231264E-1
  -5.240418594597E-1  -5.195254875724E-1
  -5.226736013410E-1  -5.172019205803E-1
  -5.213053432223E-1  -5.140743397876E-1
  -5.199370851036E-1  -5.117322974556E-1
  -5.185688269850E-1  -5.086008206146E-1
  -5.172005688663E-1  -5.062403830905E-1
  -5.158323107476E-1  -5.031052522443E-1
  -5.144640526289E-1  -5.007265011240E-1
  -5.130957945102E-1  -4.975879509302E-1
  -5.117275363915E-1  -4.951909691572E-1
  -5.103592782728E-1  -4.920492266523E-1
  -5.089910201541E-1  -4.896340984247E-1
  -5.076227620354E-1  -4.864893827839E-1
  -5.062545039167E-1  -4.840561934618E-1
  -5.048862457980E-1  -4.816132096996E-1
  -5.035179876793E-1  -4.784575517751E-1
  -5.021497295606E-1  -4.759966074242E-1
  -5.007814714419E-1  -4.728384635251E-1
  -4.994132133232E-1  -4.703596476426E-1
  -4.980449552045E-1  -4.671992112099E-1
  -4.966766970859E-1  -4.647026137113E-1
  -4.953084389672E-1  -4.615400693562E-1
  -4.939401808485E-1  -4.590257809167E-1
  -4.925719227298E-1  -4.558613042225E-1
  -4.912036646111E-1  -4.533294161751E-1
  -4.898354064924E-1  -4.507878149962E-1
  -4.884671483737E-1  -4.476137777340E-1
  -4.870988902550E-1  -4.450546922330E-1
  -4.857306321363E-1  -4.418791148856E-1
  -4.843623740176E-1  -4.393026390535E-1
  -4.829941158989E-1  -4.361256676774E-1
  -4.816258577802E-1  -4.335318958724E-1
  -4.802575996615E-1  -4.309284836835E-1
  -4.788893415428E-1  -4.277426934831E-1
  -4.775210834241E-1  -4.251221092003E-1
  -4.761528253054E-1  -4.219352527948E-1
  -4.747845671868E-1  -4.192975928038E-1
  -4.734163090681E-1  -4.166503528543E-1
  -4.720480509494E-1  -4.134551453234E-1
  -4.706797928307E-1  -4.107909595929E-1
  -4.693115347120E-1  -4.075949670922E-1
  -4.679432765933E-1  -4.049139335733E-1
  -4.665750184746E-1  -4.022233915788E-1
  -4.652067603559E-1  -3.990194642540E-1
  -4.638385022372E-1  -3.963122099946E-1
  -4.624702441185E-1  -3.931077300125E-1
  -4.611019859998E-1  -3.903838626795E-1
  -4.597337278811E-1  -3.876505693852E-1
  -4.583654697624E-1  -3.844385163788E-1
  -4.569972116437E-1  -3.816887506840E-1
  -4.556289535250E-1  -3.789296081415E-1
  -4.542606954063E-1  -3.757101881035E-1
  -4.528924372877E-1  -3.729347175504E-1
  -4.515241791690E-1  -3.697150244255E-1
  -4.501559210503E-1  -3.669233268355E-1
  -4.487876629316E-1  -3.641223527956E-1
  -4.474194048129E-1  -3.608955660495E-1
  -4.460511466942E-1  -3.580785138493E-1
  -4.446828885755E-1  -3.552522454655E-1
  -4.433146304568E-1  -3.520185236347E-1
  -4.419463723381E-1  -3.491763293523E-1
  -4.405781142194E-1  -3.459424864089E-1
  -4.392098561007E-1  -3.430844680869E-1
  -4.378415979820E-1  -3.402173518105E-1
  -4.364733398633E-1  -3.369767521978E-1
  -4.351050817446E-1  -3.340939679963E-1
  -4.337368236259E-1  -3.312021572843E-1
  -4.323685655072E-1  -3.279549084700E-1
  -4.310003073886E-1  -3.250475890135E-1
  -4.296320492699E-1  -3.221313188007E-1
  -4.282637911512E-1  -3.188775100504E-1
  -4.268955330325E-1  -3.159458932295E-1
  -4.255272749138E-1  -3.130054057168E-1
  -4.241590167951E-1  -3.097451076899E-1
  -4.227907586764E-1  -3.067894385675E-1
  -4.214225005577E-1  -3.038249831447E-1
  -4.200542424390E-1  -3.005582474992E-1
  -4.186859843203E-1  -2.975787782281E-1
  -4.173177262016E-1  -2.945906113696E-1
  -4.159494680829E-1  -2.913174704100E-1
  -4.145812099642E-1  -2.883144601320E-1
  -4.132129518455E-1  -2.853028453034E-1
  -4.118446937268E-1  -2.820233116398E-1
  -4.104764356081E-1  -2.789970264022E-1
  -4.091081774895E-1  -2.759622339856E-1
  -4.077399193708E-1  -2.726763002113E-1
  -4.063716612521E-1  -2.696270128884E-1
  -4.050034031334E-1  -2.665693200804E-1
  -4.036351450147E-1  -2.632769584893E-1
  -4.022668868960E-1  -2.602049486904E-1
  -4.008986287773E-1  -2.571246394344E-1
  -3.995303706586E-1  -2.538258017510E-1
  -3.981621125399E-1  -2.507313557554E-1
  -3.967938544212E-1  -2.476287206527E-1
  -3.954255963025E-1  -2.445179295456E-1
  -3.940573381838E-1  -2.412067484751E-1
  -3.926890800651E-1  -2.380820847171E-1
  -3.913208219464E-1  -2.349493814628E-1
  -3.899525638277E-1  -2.316316333334E-1
  -3.885843057090E-1  -2.284852446337E-1
  -3.872160475903E-1  -2.253309372646E-1
  -3.858477894717E-1  -2.220065085974E-1
  -3.844795313530E-1  -2.188387051252E-1
  -3.831112732343E-1  -2.156631081272E-1
  -3.817430151156E-1  -2.124797568914E-1
  -3.803747569969E-1  -2.091429623712E-1
  -3.790064988782E-1  -2.059463966208E-1
  -3.776382407595E-1  -2.027422079290E-1
  -3.762699826408E-1  -1.993985037705E-1
  -3.749017245221E-1  -1.961812964866E-1
  -3.735334664034E-1  -1.929566018550E-1
  -3.721652082847E-1  -1.896058077647E-1
  -3.707969501660E-1  -1.863682924612E-1
  -3.694286920473E-1  -1.831234296987E-1
  -3.680604339286E-1  -1.798712649704E-1
  -3.666921758099E-1  -1.765078601619E-1
  -3.653239176912E-1  -1.732431733187E-1
  -3.639556595726E-1  -1.699713305181E-1
  -3.625874014539E-1  -1.666004659812E-1
  -3.612191433352E-1  -1.633163053348E-1
  -3.598508852165E-1  -1.600251389977E-1
  -3.584826270978E-1  -1.567270168191E-1
  -3.571143689791E-1  -1.533432891026E-1
  -3.557461108604E-1  -1.500331599580E-1
  -3.543778527417E-1  -1.467162313222E-1
  -3.530095946230E-1  -1.433925555381E-1
  -3.516413365043E-1  -1.399958536968E-1
  -3.502730783856E-1  -1.366604897326E-1
  -3.489048202669E-1  -1.333185410269E-1
  -3.475365621482E-1  -1.299136713637E-1
  -3.461683040295E-1  -1.265602493597E-1
  -3.448000459108E-1  -1.232004092268E-1
  -3.434317877921E-1  -1.198342076069E-1
  -3.420635296735E-1  -1.164159585246E-1
  -3.406952715548E-1  -1.130386146067E-1
  -3.393270134361E-1  -1.096550818051E-1
  -3.379587553174E-1  -1.062654192104E-1
  -3.365904971987E-1  -1.028336028768E-1
  -3.352222390800E-1  -9.943313686601E-2
  -3.338539809613E-1  -9.602671961042E-2
  -3.324857228426E-1  -9.258581127853E-2
  -3.311174647239E-1  -8.916881621429E-2
  -3.297492066052E-1  -8.574605258366E-2
  -3.283809484865E-1  -8.231758366967E-2
  -3.270126903678E-1  -7.886255520117E-2
  -3.256444322491E-1  -7.542385967635E-2
  -3.242761741304E-1  -7.197964740889E-2
  -3.229079160117E-1  -6.852998406441E-2
  -3.215396578930E-1  -6.506057485405E-2
  -3.201713997744E-1  -6.160104404756E-2
  -3.188031416557E-1  -5.813625650148E-2
  -3.174348835370E-1  -5.466628021508E-2
  -3.160666254183E-1  -5.118220676798E-2
  -3.146983672996E-1  -4.770273016644E-2
  -3.133301091809E-1  -4.421826490075E-2
  -3.119618510622E-1  -4.072888126976E-2
  -3.105935929435E-1  -3.722983817352E-2
  -3.092253348248E-1  -3.373132942465E-2
  -3.078570767061E-1  -3.022810804935E-2
  -3.064888185874E-1  -2.672024660018E-2
  -3.051205604687E-1  -2.320590766242E-2
  -3.037523023500E-1  -1.968930441010E-2
  -3.023840442313E-1  -1.616827240714E-2
  -3.010157861126E-1  -1.264288641136E-2
  -2.996475279939E-1  -9.112905920366E-3
  -2.982792698753E-1  -5.579169635973E-3
  -2.969110117566E-1  -2.041296180378E-3
  -2.955427536379E-1   1.500637533578E-3
  -2.941744955192E-1   5.046623388652E-3
  -2.928062374005E-1   8.596507578530E-3
  -2.914379792818E-1   1.215022979552E-2
  -2.900697211631E-1   1.570771104094E-2
  -2.887014630444E-1   1.927008261793E-2
  -2.873332049257E-1   2.283510611583E-2
  -2.859649468070E-1   2.640366109750E-2
  -2.845966886883E-1   2.997566652734E-2
  -2.832284305696E-1   3.355104085401E-2
  -2.818601724509E-1   3.713394993959E-2
  -2.804919143322E-1   4.071629856343E-2
  -2.791236562135E-1   4.430178188273E-2
  -2.777553980948E-1   4.789031640974E-2
  -2.763871399762E-1   5.149030681602E-2
  -2.750188818575E-1   5.508538705289E-2
  -2.736506237388E-1   5.868327924374E-2
  -2.722823656201E-1   6.228389803390E-2
  -2.709141075014E-1   6.590138694368E-2
  -2.695458493827E-1   6.950811405536E-2
  -2.681775912640E-1   7.311732359212E-2
  -2.668093331453E-1   7.672892839497E-2
  -2.654410750266E-1   8.034284087864E-2
  -2.640728169079E-1   8.398160815767E-2
  -2.627045587892E-1   8.760102123666E-2
  -2.613363006705E-1   9.122249174240E-2
  -2.599680425518E-1   9.484593040556E-2
  -2.585997844331E-1   9.850293737581E-2
  -2.572315263144E-1   1.021314181578E-1
  -2.558632681957E-1   1.057616122378E-1
  -2.544950100770E-1   1.093934287437E-1
  -2.531267519584E-1   1.130691073293E-1
  -2.517584938397E-1   1.167054981915E-1
  -2.503902357210E-1   1.203432521579E-1
  -2.490219776023E-1   1.239822768576E-1
  -2.476537194836E-1   1.276224795895E-1
  -2.462854613649E-1   1.313201811055E-1
  -2.449172032462E-1   1.349643099819E-1
  -2.435489451275E-1   1.386093521750E-1
  -2.421806870088E-1   1.422552136069E-1
  -2.408124288901E-1   1.459017998953E-1
  -2.394441707714E-1   1.496216182888E-1
  -2.380759126527E-1   1.532714665263E-1
  -2.367076545340E-1   1.569217698505E-1
  -2.353393964153E-1   1.605724326438E-1
  -2.339711382966E-1   1.643119415801E-1
  -2.326028801779E-1   1.679653639591E-1
  -2.312346220593E-1   1.716188721845E-1
  -2.298663639406E-1   1.752723695113E-1
  -2.284981058219E-1   1.789257589674E-1
  -2.271298477032E-1   1.826877183992E-1
  -2.257615895845E-1   1.863431746848E-1
  -2.243933314658E-1   1.899982450139E-1
  -2.230250733471E-1   1.936528314411E-1
  -2.216568152284E-1   1.973068358291E-1
  -2.202885571097E-1   2.010912591981E-1
  -2.189202989910E-1   2.047466217924E-1
  -2.175520408723E-1   2.084011201784E-1
  -2.161837827536E-1   2.120546554003E-1
  -2.148155246349E-1   2.158596327831E-1
  -2.134472665162E-1   2.195139880605E-1
  -2.120790083975E-1   2.231670948738E-1
  -2.107107502788E-1   2.268188535729E-1
  -2.093424921602E-1   2.304691644014E-1
  -2.079742340415E-1   2.342967549735E-1
  -2.066059759228E-1   2.379471485611E-1
  -2.052377178041E-1   2.415958055834E-1
  -2.038694596854E-1   2.452426257673E-1
  -2.025012015667E-1   2.488875087729E-1
  -2.011329434480E-1   2.527375948693E-1
  -1.997646853293E-1   2.563818077196E-1
  -1.983964272106E-1   2.600237917388E-1
  -1.970281690919E-1   2.636634462356E-1
  -1.956599109732E-1   2.673006705305E-1
  -1.942916528545E-1   2.711730745016E-1
  -1.929233947358E-1   2.748088603081E-1
  -1.915551366171E-1   2.784419217349E-1
  -1.901868784984E-1   2.820721579198E-1
  -1.888186203797E-1   2.856994680650E-1
  -1.874503622611E-1   2.895939453576E-1
  -1.860821041424E-1   2.932190335022E-1
  -1.847138460237E-1   2.968408993766E-1
  -1.833455879050E-1   3.004594421856E-1
  -1.819773297863E-1   3.040745612461E-1
  -1.806090716676E-1   3.079907933059E-1
  -1.792408135489E-1   3.116028919575E-1
  -1.778725554302E-1   3.152112690705E-1
  -1.765042973115E-1   3.188158241651E-1
  -1.751360391928E-1   3.224164569134E-1
  -1.737677810741E-1   3.263540439737E-1
  -1.723995229554E-1   3.299508433337E-1
  -1.710312648367E-1   3.335434215147E-1
  -1.696630067180E-1   3.371316785900E-1
  -1.682947485993E-1   3.407155148475E-1
  -1.669264904806E-1   3.442948308230E-1
  -1.655582323620E-1   3.482531443446E-1
  -1.641899742433E-1   3.518275998835E-1
  -1.628217161246E-1   3.553972361365E-1
  -1.614534580059E-1   3.589619542725E-1
  -1.600851998872E-1   3.625216557366E-1
  -1.587169417685E-1   3.664999073643E-1
  -1.573486836498E-1   3.700539066109E-1
  -1.559804255311E-1   3.736025903695E-1
  -1.546121674124E-1   3.771458609394E-1
  -1.532439092937E-1   3.806836209577E-1
  -1.518756511750E-1   3.846811077067E-1
  -1.505073930563E-1   3.882123108282E-1
  -1.491391349376E-1   3.917377053401E-1
  -1.477708768189E-1   3.952571949296E-1
  -1.464026187002E-1   3.987706836936E-1
  -1.450343605815E-1   4.022780761457E-1
  -1.436661024629E-1   4.062926565682E-1
  -1.422978443442E-1   4.097924239659E-1
  -1.409295862255E-1   4.132857991929E-1
  -1.395613281068E-1   4.167726880636E-1
  -1.381930699881E-1   4.202529968731E-1
  -1.368248118694E-1   4.242846718339E-1
  -1.354565537507E-1   4.277564773206E-1
  -1.340882956320E-1   4.312214090286E-1
  -1.327200375133E-1   4.346793747749E-1
  -1.313517793946E-1   4.381302829038E-1
  -1.299835212759E-1   4.421779786716E-1
  -1.286152631572E-1   4.456194948973E-1
  -1.272470050385E-1   4.490536625943E-1
  -1.258787469198E-1   4.524803918492E-1
  -1.245104888011E-1   4.558995933523E-1
  -1.231422306824E-1   4.593111783855E-1
  -1.217739725637E-1   4.633710161568E-1
  -1.204057144451E-1   4.667721126723E-1
  -1.190374563264E-1   4.701653066561E-1
  -1.176691982077E-1   4.735505114157E-1
  -1.163009400890E-1   4.769276409124E-1
  -1.149326819703E-1   4.802966097893E-1
  -1.135644238516E-1   4.843662399138E-1
  -1.121961657329E-1   4.877236194437E-1
  -1.108279076142E-1   4.910725582491E-1
  -1.094596494955E-1   4.944129732738E-1
  -1.080913913768E-1   4.977447821838E-1
  -1.067231332581E-1   5.018254678677E-1
  -1.053548751394E-1   5.051447787227E-1
  -1.039866170207E-1   5.084552087134E-1
  -1.026183589020E-1   5.117566780500E-1
  -1.012501007833E-1   5.150491077382E-1
  -9.988184266465E-2   5.183324195988E-1
  -9.851358454595E-2   5.224181989908E-1
  -9.714532642726E-2   5.256879095375E-1
  -9.577706830857E-2   5.289482356801E-1
  -9.440881018987E-2   5.321991020862E-1
  -9.304055207118E-2   5.354404342923E-1
  -9.167229395249E-2   5.386721587169E-1
  -9.030403583379E-2   5.427601005057E-1
  -8.893577771510E-2   5.459771262745E-1
  -8.756751959640E-2   5.491842872708E-1
  -8.619926147771E-2   5.523815130976E-1
  -8.483100335902E-2   5.555687343224E-1
  -8.346274524032E-2   5.587458824753E-1
  -8.209448712163E-2   5.628328556230E-1
  -8.072622900294E-2   5.659942186479E-1
  -7.935797088424E-2   5.691452627658E-1
  -7.798971276555E-2   5.722859230815E-1
  -7.662145464685E-2   5.754161357470E-1
  -7.525319652816E-2   5.785358379966E-1
  -7.388493840947E-2   5.826185177897E-1
  -7.251668029077E-2   5.857213654370E-1
  -7.114842217208E-2   5.888134698779E-1
  -6.978016405338E-2   5.918947723724E-1
  -6.841190593469E-2   5.949652153517E-1
  -6.704364781600E-2   5.980247424405E-1
  -6.567538969730E-2   6.020996219515E-1
  -6.430713157861E-2   6.051412499048E-1
  -6.293887345992E-2   6.081717446483E-1
  -6.157061534122E-2   6.111910544387E-1
  -6.020235722253E-2   6.141991288741E-1
  -5.883409910383E-2   6.171959189162E-1
  -5.746584098514E-2   6.212593286745E-1
  -5.609758286645E-2   6.242372108997E-1
  -5.472932474775E-2   6.272036101900E-1
  -5.336106662906E-2   6.301584830081E-1
  -5.199280851037E-2   6.331017873957E-1
  -5.062455039167E-2   6.360334830394E-1
  -4.925629227298E-2   6.400816240065E-1
  -4.788803415428E-2   6.429934551793E-1
  -4.651977603559E-2   6.458935028669E-1
  -4.515151791690E-2   6.487817336351E-1
  -4.378325979820E-2   6.516581160486E-1
  -4.241500167951E-2   6.545226207684E-1
  -4.104674356081E-2   6.585516209757E-1
  -3.967848544212E-2   6.613953829725E-1
  -3.831022732343E-2   6.642271249168E-1
  -3.694196920473E-2   6.670468268686E-1
  -3.557371108604E-2   6.698544717165E-1
  -3.420545296735E-2   6.726500453683E-1
  -3.283719484865E-2   6.754335369991E-1
  -3.146893672996E-2   6.794301433561E-1
  -3.010067861126E-2   6.821920584990E-1
  -2.873242049257E-2   6.849418098980E-1
  -2.736416237388E-2   6.876794029186E-1
  -2.599590425518E-2   6.904048481692E-1
  -2.462764613649E-2   6.931181621241E-1
  -2.325938801779E-2   6.970877192148E-1
  -2.189112989910E-2   6.997789981486E-1
  -2.052287178041E-2   7.024581642849E-1
  -1.915461366171E-2   7.051252673148E-1
  -1.778635554302E-2   7.077803690357E-1
  -1.641809742433E-2   7.104235457494E-1
  -1.504983930563E-2   7.143634878359E-1
  -1.368158118694E-2   7.169847799750E-1
  -1.231332306824E-2   7.195944231157E-1
  -1.094506494955E-2   7.221925964527E-1
  -9.576806830857E-3   7.247795267019E-1
  -8.208548712163E-3   7.273555060808E-1
  -6.840290593469E-3   7.299209211697E-1
  -5.472032474775E-3   7.338230721840E-1
  -4.103774356081E-3   7.363702605596E-1
  -2.735516237388E-3   7.389093275277E-1
  -1.367258118694E-3   7.414425378487E-1
   9.999999999177E-7   7.439771679526E-1
