#             e [au]            f [a.u.]
   -5.037392520075E0  -9.999938765964E-1
   -5.032349934969E0  -9.999938375513E-1
   -5.027307349864E0  -9.999937982376E-1
   -5.022264764759E0  -9.999937586532E-1
   -5.017222179654E0  -9.999937187960E-1
   -5.012179594549E0  -9.999936786641E-1
   -5.007137009443E0  -9.999936382554E-1
   -5.002094424338E0  -9.999935975678E-1
   -4.997051839233E0  -9.999935565993E-1
   -4.992009254128E0  -9.999935153478E-1
   -4.986966669023E0  -9.999934738111E-1
   -4.981924083918E0  -9.999934319872E-1
   -4.976881498812E0  -9.999933898739E-1
   -4.971838913707E0  -9.999933474690E-1
   -4.966796328602E0  -9.999933047703E-1
   -4.961753743497E0  -9.999932617757E-1
   -4.956711158392E0  -9.999932184830E-1
   -4.951668573286E0  -9.999931748898E-1
   -4.946625988181E0  -9.999931309941E-1
   -4.941583403076E0  -9.999930867934E-1
   -4.936540817971E0  -9.999930422855E-1
   -4.931498232866E0  -9.999929974681E-1
   -4.926455647761E0  -9.999929523389E-1
   -4.921413062655E0  -9.999929068955E-1
   -4.916370477550E0  -9.999928611356E-1
   -4.911327892445E0  -9.999928150568E-1
   -4.906285307340E0  -9.999927686567E-1
   -4.901242722235E0  -9.999927219328E-1
   -4.896200137130E0  -9.999926748828E-1
   -4.891157552024E0  -9.999926275042E-1
   -4.886114966919E0  -9.999925797944E-1
   -4.881072381814E0  -9.999925317510E-1
   -4.876029796709E0  -9.999924833716E-1
   -4.870987211604E0  -9.999924346534E-1
   -4.865944626498E0  -9.999923855940E-1
   -4.860902041393E0  -9.999923361908E-1
   -4.855859456288E0  -9.999922864412E-1
   -4.850816871183E0  -9.999922363426E-1
   -4.845774286078E0  -9.999921858923E-1
   -4.840731700973E0  -9.999921350876E-1
   -4.835689115867E0  -9.999920839259E-1
   -4.830646530762E0  -9.999920324045E-1
   -4.825603945657E0  -9.999919805205E-1
   -4.820561360552E0  -9.999919282713E-1
   -4.815518775447E0  -9.999918756542E-1
   -4.810476190341E0  -9.999918226662E-1
   -4.805433605236E0  -9.999917693045E-1
   -4.800391020131E0  -9.999917155664E-1
   -4.795348435026E0  -9.999916614489E-1
   -4.790305849921E0  -9.999916069491E-1
   -4.785263264816E0  -9.999915520642E-1
   -4.780220679710E0  -9.999914967911E-1
   -4.775178094605E0  -9.999914411270E-1
   -4.770135509500E0  -9.999913850688E-1
   -4.765092924395E0  -9.999913286135E-1
   -4.760050339290E0  -9.999912717581E-1
   -4.755007754184E0  -9.999912144995E-1
   -4.749965169079E0  -9.999911568346E-1
   -4.744922583974E0  -9.999910987602E-1
   -4.739879998869E0  -9.999910402734E-1
   -4.734837413764E0  -9.999909813708E-1
   -4.729794828659E0  -9.999909220493E-1
   -4.724752243553E0  -9.999908623057E-1
   -4.719709658448E0  -9.999908021366E-1
   -4.714667073343E0  -9.999907415390E-1
   -4.709624488238E0  -9.999906805093E-1
   -4.704581903133E0  -9.999906190444E-1
   -4.699539318027E0  -9.999905571408E-1
   -4.694496732922E0  -9.999904947952E-1
   -4.689454147817E0  -9.999904320041E-1
   -4.684411562712E0  -9.999903687642E-1
   -4.679368977607E0  -9.999903050718E-1
   -4.674326392502E0  -9.999902409236E-1
   -4.669283807396E0  -9.999901763161E-1
   -4.664241222291E0  -9.999901112455E-1
   -4.659198637186E0  -9.999900457084E-1
   -4.654156052081E0  -9.999899797012E-1
   -4.649113466976E0  -9.999899132201E-1
   -4.644070881871E0  -9.999898462615E-1
   -4.639028296765E0  -9.999897788217E-1
   -4.633985711660E0  -9.999897108970E-1
   -4.628943126555E0  -9.999896424836E-1
   -4.623900541450E0  -9.999895735776E-1
   -4.618857956345E0  -9.999895041752E-1
   -4.613815371239E0  -9.999894342727E-1
   -4.608772786134E0  -9.999893638660E-1
   -4.603730201029E0  -9.999892929512E-1
   -4.598687615924E0  -9.999892215243E-1
   -4.593645030819E0  -9.999891495814E-1
   -4.588602445714E0  -9.999890771185E-1
   -4.583559860608E0  -9.999890041313E-1
   -4.578517275503E0  -9.999889306160E-1
   -4.573474690398E0  -9.999888565682E-1
   -4.568432105293E0  -9.999887819838E-1
   -4.563389520188E0  -9.999887068587E-1
   -4.558346935082E0  -9.999886311885E-1
   -4.553304349977E0  -9.999885549691E-1
   -4.548261764872E0  -9.999884781960E-1
   -4.543219179767E0  -9.999884008649E-1
   -4.538176594662E0  -9.999883229714E-1
   -4.533134009557E0  -9.999882445112E-1
   -4.528091424451E0  -9.999881654796E-1
   -4.523048839346E0  -9.999880858723E-1
   -4.518006254241E0  -9.999880056846E-1
   -4.512963669136E0  -9.999879249121E-1
   -4.507921084031E0  -9.999878435500E-1
   -4.502878498925E0  -9.999877615937E-1
   -4.497835913820E0  -9.999876790386E-1
   -4.492793328715E0  -9.999875958798E-1
   -4.487750743610E0  -9.999875121125E-1
   -4.482708158505E0  -9.999874277321E-1
   -4.477665573400E0  -9.999873427335E-1
   -4.472622988294E0  -9.999872571120E-1
   -4.467580403189E0  -9.999871708624E-1
   -4.462537818084E0  -9.999870839800E-1
   -4.457495232979E0  -9.999869964595E-1
   -4.452452647874E0  -9.999869082960E-1
   -4.447410062769E0  -9.999868194843E-1
   -4.442367477663E0  -9.999867300192E-1
   -4.437324892558E0  -9.999866398956E-1
   -4.432282307453E0  -9.999865491082E-1
   -4.427239722348E0  -9.999864576517E-1
   -4.422197137243E0  -9.999863655207E-1
   -4.417154552137E0  -9.999862727098E-1
   -4.412111967032E0  -9.999861792137E-1
   -4.407069381927E0  -9.999860850267E-1
   -4.402026796822E0  -9.999859901435E-1
   -4.396984211717E0  -9.999858945584E-1
   -4.391941626612E0  -9.999857982657E-1
   -4.386899041506E0  -9.999857012598E-1
   -4.381856456401E0  -9.999856035350E-1
   -4.376813871296E0  -9.999855050855E-1
   -4.371771286191E0  -9.999854059054E-1
   -4.366728701086E0  -9.999853059890E-1
   -4.361686115980E0  -9.999852053301E-1
   -4.356643530875E0  -9.999851039230E-1
   -4.351600945770E0  -9.999850017614E-1
   -4.346558360665E0  -9.999848988394E-1
   -4.341515775560E0  -9.999847951508E-1
   -4.336473190455E0  -9.999846906894E-1
   -4.331430605349E0  -9.999845854490E-1
   -4.326388020244E0  -9.999844794232E-1
   -4.321345435139E0  -9.999843726057E-1
   -4.316302850034E0  -9.999842649900E-1
   -4.311260264929E0  -9.999841565698E-1
   -4.306217679823E0  -9.999840473384E-1
   -4.301175094718E0  -9.999839372894E-1
   -4.296132509613E0  -9.999838264160E-1
   -4.291089924508E0  -9.999837147115E-1
   -4.286047339403E0  -9.999836021692E-1
   -4.281004754298E0  -9.999834887823E-1
   -4.275962169192E0  -9.999833745438E-1
   -4.270919584087E0  -9.999832594469E-1
   -4.265876998982E0  -9.999831434845E-1
   -4.260834413877E0  -9.999830266496E-1
   -4.255791828772E0  -9.999829089350E-1
   -4.250749243667E0  -9.999827903336E-1
   -4.245706658561E0  -9.999826708381E-1
   -4.240664073456E0  -9.999825504411E-1
   -4.235621488351E0  -9.999824291353E-1
   -4.230578903246E0  -9.999823069133E-1
   -4.225536318141E0  -9.999821837675E-1
   -4.220493733035E0  -9.999820596903E-1
   -4.215451147930E0  -9.999819346741E-1
   -4.210408562825E0  -9.999818087112E-1
   -4.205365977720E0  -9.999816817938E-1
   -4.200323392615E0  -9.999815539140E-1
   -4.195280807510E0  -9.999814250639E-1
   -4.190238222404E0  -9.999812952355E-1
   -4.185195637299E0  -9.999811644207E-1
   -4.180153052194E0  -9.999810326114E-1
   -4.175110467089E0  -9.999808997993E-1
   -4.170067881984E0  -9.999807659763E-1
   -4.165025296878E0  -9.999806311338E-1
   -4.159982711773E0  -9.999804952636E-1
   -4.154940126668E0  -9.999803583570E-1
   -4.149897541563E0  -9.999802204055E-1
   -4.144854956458E0  -9.999800814003E-1
   -4.139812371353E0  -9.999799413329E-1
   -4.134769786247E0  -9.999798001943E-1
   -4.129727201142E0  -9.999796579756E-1
   -4.124684616037E0  -9.999795146678E-1
   -4.119642030932E0  -9.999793702619E-1
   -4.114599445827E0  -9.999792247488E-1
   -4.109556860721E0  -9.999790781191E-1
   -4.104514275616E0  -9.999789303637E-1
   -4.099471690511E0  -9.999787814730E-1
   -4.094429105406E0  -9.999786314376E-1
   -4.089386520301E0  -9.999784802479E-1
   -4.084343935196E0  -9.999783278943E-1
   -4.079301350090E0  -9.999781743671E-1
   -4.074258764985E0  -9.999780196563E-1
   -4.069216179880E0  -9.999778637521E-1
   -4.064173594775E0  -9.999777066445E-1
   -4.059131009670E0  -9.999775483233E-1
   -4.054088424564E0  -9.999773887783E-1
   -4.049045839459E0  -9.999772279993E-1
   -4.044003254354E0  -9.999770659759E-1
   -4.038960669249E0  -9.999769026976E-1
   -4.033918084144E0  -9.999767381538E-1
   -4.028875499039E0  -9.999765723339E-1
   -4.023832913933E0  -9.999764052270E-1
   -4.018790328828E0  -9.999762368224E-1
   -4.013747743723E0  -9.999760671090E-1
   -4.008705158618E0  -9.999758960757E-1
   -4.003662573513E0  -9.999757237115E-1
   -3.998619988408E0  -9.999755500050E-1
   -3.993577403302E0  -9.999753749448E-1
   -3.988534818197E0  -9.999751985196E-1
   -3.983492233092E0  -9.999750207175E-1
   -3.978449647987E0  -9.999748415271E-1
   -3.973407062882E0  -9.999746609365E-1
   -3.968364477776E0  -9.999744789337E-1
   -3.963321892671E0  -9.999742955067E-1
   -3.958279307566E0  -9.999741106435E-1
   -3.953236722461E0  -9.999739243317E-1
   -3.948194137356E0  -9.999737365590E-1
   -3.943151552251E0  -9.999735473129E-1
   -3.938108967145E0  -9.999733565809E-1
   -3.933066382040E0  -9.999731643502E-1
   -3.928023796935E0  -9.999729706080E-1
   -3.922981211830E0  -9.999727753413E-1
   -3.917938626725E0  -9.999725785371E-1
   -3.912896041619E0  -9.999723801822E-1
   -3.907853456514E0  -9.999721802633E-1
   -3.902810871409E0  -9.999719787670E-1
   -3.897768286304E0  -9.999717756796E-1
   -3.892725701199E0  -9.999715709875E-1
   -3.887683116094E0  -9.999713646769E-1
   -3.882640530988E0  -9.999711567339E-1
   -3.877597945883E0  -9.999709471442E-1
   -3.872555360778E0  -9.999707358939E-1
   -3.867512775673E0  -9.999705229684E-1
   -3.862470190568E0  -9.999703083534E-1
   -3.857427605462E0  -9.999700920342E-1
   -3.852385020357E0  -9.999698739960E-1
   -3.847342435252E0  -9.999696542240E-1
   -3.842299850147E0  -9.999694327031E-1
   -3.837257265042E0  -9.999692094182E-1
   -3.832214679937E0  -9.999689843540E-1
   -3.827172094831E0  -9.999687574949E-1
   -3.822129509726E0  -9.999685288254E-1
   -3.817086924621E0  -9.999682983297E-1
   -3.812044339516E0  -9.999680659920E-1
   -3.807001754411E0  -9.999678317961E-1
   -3.801959169306E0  -9.999675957258E-1
   -3.796916584200E0  -9.999673577649E-1
   -3.791873999095E0  -9.999671178967E-1
   -3.786831413990E0  -9.999668761046E-1
   -3.781788828885E0  -9.999666323718E-1
   -3.776746243780E0  -9.999663866812E-1
   -3.771703658674E0  -9.999661390158E-1
   -3.766661073569E0  -9.999658893581E-1
   -3.761618488464E0  -9.999656376908E-1
   -3.756575903359E0  -9.999653839961E-1
   -3.751533318254E0  -9.999651282562E-1
   -3.746490733149E0  -9.999648704532E-1
   -3.741448148043E0  -9.999646105688E-1
   -3.736405562938E0  -9.999643485848E-1
   -3.731362977833E0  -9.999640844825E-1
   -3.726320392728E0  -9.999638182434E-1
   -3.721277807623E0  -9.999635498485E-1
   -3.716235222517E0  -9.999632792788E-1
   -3.711192637412E0  -9.999630065151E-1
   -3.706150052307E0  -9.999627315378E-1
   -3.701107467202E0  -9.999624543275E-1
   -3.696064882097E0  -9.999621748643E-1
   -3.691022296992E0  -9.999618931281E-1
   -3.685979711886E0  -9.999616090989E-1
   -3.680937126781E0  -9.999613227563E-1
   -3.675894541676E0  -9.999610340795E-1
   -3.670851956571E0  -9.999607430480E-1
   -3.665809371466E0  -9.999604496406E-1
   -3.660766786360E0  -9.999601538363E-1
   -3.655724201255E0  -9.999598556135E-1
   -3.650681616150E0  -9.999595549508E-1
   -3.645639031045E0  -9.999592518262E-1
   -3.640596445940E0  -9.999589462179E-1
   -3.635553860835E0  -9.999586381034E-1
   -3.630511275729E0  -9.999583274604E-1
   -3.625468690624E0  -9.999580142663E-1
   -3.620426105519E0  -9.999576984980E-1
   -3.615383520414E0  -9.999573801325E-1
   -3.610340935309E0  -9.999570591464E-1
   -3.605298350203E0  -9.999567355161E-1
   -3.600255765098E0  -9.999564092179E-1
   -3.595213179993E0  -9.999560802277E-1
   -3.590170594888E0  -9.999557485212E-1
   -3.585128009783E0  -9.999554140738E-1
   -3.580085424678E0  -9.999550768609E-1
   -3.575042839572E0  -9.999547368574E-1
   -3.570000254467E0  -9.999543940380E-1
   -3.564957669362E0  -9.999540483773E-1
   -3.559915084257E0  -9.999536998496E-1
   -3.554872499152E0  -9.999533484286E-1
   -3.549829914047E0  -9.999529940883E-1
   -3.544787328941E0  -9.999526368021E-1
   -3.539744743836E0  -9.999522765432E-1
   -3.534702158731E0  -9.999519132846E-1
   -3.529659573626E0  -9.999515469988E-1
   -3.524616988521E0  -9.999511776583E-1
   -3.519574403415E0  -9.999508052353E-1
   -3.514531818310E0  -9.999504297016E-1
   -3.509489233205E0  -9.999500510286E-1
   -3.504446648100E0  -9.999496691879E-1
   -3.499404062995E0  -9.999492841502E-1
   -3.494361477890E0  -9.999488958863E-1
   -3.489318892784E0  -9.999485043667E-1
   -3.484276307679E0  -9.999481095614E-1
   -3.479233722574E0  -9.999477114403E-1
   -3.474191137469E0  -9.999473099729E-1
   -3.469148552364E0  -9.999469051283E-1
   -3.464105967258E0  -9.999464968755E-1
   -3.459063382153E0  -9.999460851830E-1
   -3.454020797048E0  -9.999456700192E-1
   -3.448978211943E0  -9.999452513519E-1
   -3.443935626838E0  -9.999448291487E-1
   -3.438893041733E0  -9.999444033770E-1
   -3.433850456627E0  -9.999439740038E-1
   -3.428807871522E0  -9.999435409956E-1
   -3.423765286417E0  -9.999431043187E-1
   -3.418722701312E0  -9.999426639391E-1
   -3.413680116207E0  -9.999422198224E-1
   -3.408637531101E0  -9.999417719339E-1
   -3.403594945996E0  -9.999413202383E-1
   -3.398552360891E0  -9.999408647003E-1
   -3.393509775786E0  -9.999404052841E-1
   -3.388467190681E0  -9.999399419535E-1
   -3.383424605576E0  -9.999394746718E-1
   -3.378382020470E0  -9.999390034022E-1
   -3.373339435365E0  -9.999385281073E-1
   -3.368296850260E0  -9.999380487495E-1
   -3.363254265155E0  -9.999375652908E-1
   -3.358211680050E0  -9.999370776925E-1
   -3.353169094945E0  -9.999365859159E-1
   -3.348126509839E0  -9.999360899216E-1
   -3.343083924734E0  -9.999355896701E-1
   -3.338041339629E0  -9.999350851213E-1
   -3.332998754524E0  -9.999345762346E-1
   -3.327956169419E0  -9.999340629691E-1
   -3.322913584313E0  -9.999335452836E-1
   -3.317870999208E0  -9.999330231362E-1
   -3.312828414103E0  -9.999324964848E-1
   -3.307785828998E0  -9.999319652867E-1
   -3.302743243893E0  -9.999314294989E-1
   -3.297700658788E0  -9.999308890779E-1
   -3.292658073682E0  -9.999303439797E-1
   -3.287615488577E0  -9.999297941598E-1
   -3.282572903472E0  -9.999292395734E-1
   -3.277530318367E0  -9.999286801751E-1
   -3.272487733262E0  -9.999281159191E-1
   -3.267445148156E0  -9.999275467591E-1
   -3.262402563051E0  -9.999269726483E-1
   -3.257359977946E0  -9.999263935394E-1
   -3.252317392841E0  -9.999258093847E-1
   -3.247274807736E0  -9.999252201358E-1
   -3.242232222631E0  -9.999246257439E-1
   -3.237189637525E0  -9.999240261599E-1
   -3.232147052420E0  -9.999234213338E-1
   -3.227104467315E0  -9.999228112153E-1
   -3.222061882210E0  -9.999221957536E-1
   -3.217019297105E0  -9.999215748973E-1
   -3.211976711999E0  -9.999209485944E-1
   -3.206934126894E0  -9.999203167923E-1
   -3.201891541789E0  -9.999196794382E-1
   -3.196848956684E0  -9.999190364782E-1
   -3.191806371579E0  -9.999183878584E-1
   -3.186763786474E0  -9.999177335238E-1
   -3.181721201368E0  -9.999170734192E-1
   -3.176678616263E0  -9.999164074887E-1
   -3.171636031158E0  -9.999157356757E-1
   -3.166593446053E0  -9.999150579231E-1
   -3.161550860948E0  -9.999143741731E-1
   -3.156508275843E0  -9.999136843675E-1
   -3.151465690737E0  -9.999129884473E-1
   -3.146423105632E0  -9.999122863528E-1
   -3.141380520527E0  -9.999115780238E-1
   -3.136337935422E0  -9.999108633995E-1
   -3.131295350317E0  -9.999101424182E-1
   -3.126252765211E0  -9.999094150178E-1
   -3.121210180106E0  -9.999086811355E-1
   -3.116167595001E0  -9.999079407077E-1
   -3.111125009896E0  -9.999071936701E-1
   -3.106082424791E0  -9.999064399578E-1
   -3.101039839686E0  -9.999056795053E-1
   -3.095997254580E0  -9.999049122462E-1
   -3.090954669475E0  -9.999041381134E-1
   -3.085912084370E0  -9.999033570392E-1
   -3.080869499265E0  -9.999025689550E-1
   -3.075826914160E0  -9.999017737917E-1
   -3.070784329054E0  -9.999009714792E-1
   -3.065741743949E0  -9.999001619467E-1
   -3.060699158844E0  -9.998993451228E-1
   -3.055656573739E0  -9.998985209350E-1
   -3.050613988634E0  -9.998976893104E-1
   -3.045571403529E0  -9.998968501750E-1
   -3.040528818423E0  -9.998960034541E-1
   -3.035486233318E0  -9.998951490722E-1
   -3.030443648213E0  -9.998942869529E-1
   -3.025401063108E0  -9.998934170191E-1
   -3.020358478003E0  -9.998925391926E-1
   -3.015315892897E0  -9.998916533947E-1
   -3.010273307792E0  -9.998907595456E-1
   -3.005230722687E0  -9.998898575646E-1
   -3.000188137582E0  -9.998889473702E-1
   -2.995145552477E0  -9.998880288800E-1
   -2.990102967372E0  -9.998871020107E-1
   -2.985060382266E0  -9.998861666779E-1
   -2.980017797161E0  -9.998852227965E-1
   -2.974975212056E0  -9.998842702804E-1
   -2.969932626951E0  -9.998833090425E-1
   -2.964890041846E0  -9.998823389948E-1
   -2.959847456740E0  -9.998813600481E-1
   -2.954804871635E0  -9.998803721125E-1
   -2.949762286530E0  -9.998793750970E-1
   -2.944719701425E0  -9.998783689095E-1
   -2.939677116320E0  -9.998773534569E-1
   -2.934634531215E0  -9.998763286451E-1
   -2.929591946109E0  -9.998752943791E-1
   -2.924549361004E0  -9.998742505624E-1
   -2.919506775899E0  -9.998731970979E-1
   -2.914464190794E0  -9.998721338872E-1
   -2.909421605689E0  -9.998710608307E-1
   -2.904379020584E0  -9.998699778278E-1
   -2.899336435478E0  -9.998688847767E-1
   -2.894293850373E0  -9.998677815746E-1
   -2.889251265268E0  -9.998666681174E-1
   -2.884208680163E0  -9.998655442999E-1
   -2.879166095058E0  -9.998644100156E-1
   -2.874123509952E0  -9.998632651568E-1
   -2.869080924847E0  -9.998621096148E-1
   -2.864038339742E0  -9.998609432793E-1
   -2.858995754637E0  -9.998597660392E-1
   -2.853953169532E0  -9.998585777818E-1
   -2.848910584427E0  -9.998573783931E-1
   -2.843867999321E0  -9.998561677580E-1
   -2.838825414216E0  -9.998549457600E-1
   -2.833782829111E0  -9.998537122813E-1
   -2.828740244006E0  -9.998524672026E-1
   -2.823697658901E0  -9.998512104035E-1
   -2.818655073795E0  -9.998499417619E-1
   -2.813612488690E0  -9.998486611545E-1
   -2.808569903585E0  -9.998473684567E-1
   -2.803527318480E0  -9.998460635422E-1
   -2.798484733375E0  -9.998447462833E-1
   -2.793442148270E0  -9.998434165510E-1
   -2.788399563164E0  -9.998420742147E-1
   -2.783356978059E0  -9.998407191423E-1
   -2.778314392954E0  -9.998393512000E-1
   -2.773271807849E0  -9.998379702528E-1
   -2.768229222744E0  -9.998365761638E-1
   -2.763186637638E0  -9.998351687948E-1
   -2.758144052533E0  -9.998337480058E-1
   -2.753101467428E0  -9.998323136551E-1
   -2.748058882323E0  -9.998308655997E-1
   -2.743016297218E0  -9.998294036944E-1
   -2.737973712113E0  -9.998279277929E-1
   -2.732931127007E0  -9.998264377467E-1
   -2.727888541902E0  -9.998249334059E-1
   -2.722845956797E0  -9.998234146185E-1
   -2.717803371692E0  -9.998218812311E-1
   -2.712760786587E0  -9.998203330882E-1
   -2.707718201482E0  -9.998187700326E-1
   -2.702675616376E0  -9.998171919053E-1
   -2.697633031271E0  -9.998155985453E-1
   -2.692590446166E0  -9.998139897897E-1
   -2.687547861061E0  -9.998123654739E-1
   -2.682505275956E0  -9.998107254310E-1
   -2.677462690850E0  -9.998090694924E-1
   -2.672420105745E0  -9.998073974873E-1
   -2.667377520640E0  -9.998057092432E-1
   -2.662334935535E0  -9.998040045850E-1
   -2.657292350430E0  -9.998022833361E-1
   -2.652249765325E0  -9.998005453175E-1
   -2.647207180219E0  -9.997987903480E-1
   -2.642164595114E0  -9.997970182444E-1
   -2.637122010009E0  -9.997952288211E-1
   -2.632079424904E0  -9.997934218907E-1
   -2.627036839799E0  -9.997915972630E-1
   -2.621994254693E0  -9.997897547459E-1
   -2.616951669588E0  -9.997878941449E-1
   -2.611909084483E0  -9.997860152630E-1
   -2.606866499378E0  -9.997841179012E-1
   -2.601823914273E0  -9.997822018576E-1
   -2.596781329168E0  -9.997802669283E-1
   -2.591738744062E0  -9.997783129066E-1
   -2.586696158957E0  -9.997763395836E-1
   -2.581653573852E0  -9.997743467476E-1
   -2.576610988747E0  -9.997723341845E-1
   -2.571568403642E0  -9.997703016775E-1
   -2.566525818536E0  -9.997682490073E-1
   -2.561483233431E0  -9.997661759517E-1
   -2.556440648326E0  -9.997640822859E-1
   -2.551398063221E0  -9.997619677825E-1
   -2.546355478116E0  -9.997598322111E-1
   -2.541312893011E0  -9.997576753386E-1
   -2.536270307905E0  -9.997554969290E-1
   -2.531227722800E0  -9.997532967433E-1
   -2.526185137695E0  -9.997510745398E-1
   -2.521142552590E0  -9.997488300737E-1
   -2.516099967485E0  -9.997465630970E-1
   -2.511057382379E0  -9.997442733590E-1
   -2.506014797274E0  -9.997419606055E-1
   -2.500972212169E0  -9.997396245795E-1
   -2.495929627064E0  -9.997372650207E-1
   -2.490887041959E0  -9.997348816655E-1
   -2.485844456854E0  -9.997324742471E-1
   -2.480801871748E0  -9.997300424953E-1
   -2.475759286643E0  -9.997275861365E-1
   -2.470716701538E0  -9.997251048939E-1
   -2.465674116433E0  -9.997225984872E-1
   -2.460631531328E0  -9.997200666322E-1
   -2.455588946223E0  -9.997175090417E-1
   -2.450546361117E0  -9.997149254246E-1
   -2.445503776012E0  -9.997123154861E-1
   -2.440461190907E0  -9.997096789279E-1
   -2.435418605802E0  -9.997070154477E-1
   -2.430376020697E0  -9.997043247395E-1
   -2.425333435591E0  -9.997016064936E-1
   -2.420290850486E0  -9.996988603961E-1
   -2.415248265381E0  -9.996960861293E-1
   -2.410205680276E0  -9.996932833715E-1
   -2.405163095171E0  -9.996904517967E-1
   -2.400120510066E0  -9.996875910750E-1
   -2.395077924960E0  -9.996847008722E-1
   -2.390035339855E0  -9.996817808497E-1
   -2.384992754750E0  -9.996788306650E-1
   -2.379950169645E0  -9.996758499707E-1
   -2.374907584540E0  -9.996728384153E-1
   -2.369864999434E0  -9.996697956427E-1
   -2.364822414329E0  -9.996667212921E-1
   -2.359779829224E0  -9.996636149984E-1
   -2.354737244119E0  -9.996604763914E-1
   -2.349694659014E0  -9.996573050964E-1
   -2.344652073909E0  -9.996541007338E-1
   -2.339609488803E0  -9.996508629190E-1
   -2.334566903698E0  -9.996475912625E-1
   -2.329524318593E0  -9.996442853698E-1
   -2.324481733488E0  -9.996409448412E-1
   -2.319439148383E0  -9.996375692719E-1
   -2.314396563277E0  -9.996341582517E-1
   -2.309353978172E0  -9.996307113651E-1
   -2.304311393067E0  -9.996272281913E-1
   -2.299268807962E0  -9.996237083037E-1
   -2.294226222857E0  -9.996201512706E-1
   -2.289183637752E0  -9.996165566541E-1
   -2.284141052646E0  -9.996129240109E-1
   -2.279098467541E0  -9.996092528919E-1
   -2.274055882436E0  -9.996055428417E-1
   -2.269013297331E0  -9.996017933995E-1
   -2.263970712226E0  -9.995980040978E-1
   -2.258928127121E0  -9.995941744633E-1
   -2.253885542015E0  -9.995903040164E-1
   -2.248842956910E0  -9.995863922711E-1
   -2.243800371805E0  -9.995824387348E-1
   -2.238757786700E0  -9.995784429085E-1
   -2.233715201595E0  -9.995744042866E-1
   -2.228672616489E0  -9.995703223566E-1
   -2.223630031384E0  -9.995661965993E-1
   -2.218587446279E0  -9.995620264885E-1
   -2.213544861174E0  -9.995578114909E-1
   -2.208502276069E0  -9.995535510661E-1
   -2.203459690964E0  -9.995492446665E-1
   -2.198417105858E0  -9.995448917370E-1
   -2.193374520753E0  -9.995404917151E-1
   -2.188331935648E0  -9.995360440307E-1
   -2.183289350543E0  -9.995315481060E-1
   -2.178246765438E0  -9.995270033553E-1
   -2.173204180332E0  -9.995224091851E-1
   -2.168161595227E0  -9.995177649937E-1
   -2.163119010122E0  -9.995130701713E-1
   -2.158076425017E0  -9.995083240998E-1
   -2.153033839912E0  -9.995035261527E-1
   -2.147991254807E0  -9.994986756948E-1
   -2.142948669701E0  -9.994937720823E-1
   -2.137906084596E0  -9.994888146627E-1
   -2.132863499491E0  -9.994838027743E-1
   -2.127820914386E0  -9.994787357464E-1
   -2.122778329281E0  -9.994736128992E-1
   -2.117735744175E0  -9.994684335434E-1
   -2.112693159070E0  -9.994631969802E-1
   -2.107650573965E0  -9.994579025012E-1
   -2.102607988860E0  -9.994525493880E-1
   -2.097565403755E0  -9.994471369124E-1
   -2.092522818650E0  -9.994416643361E-1
   -2.087480233544E0  -9.994361309104E-1
   -2.082437648439E0  -9.994305358763E-1
   -2.077395063334E0  -9.994248784641E-1
   -2.072352478229E0  -9.994191578934E-1
   -2.067309893124E0  -9.994133733728E-1
   -2.062267308019E0  -9.994075240998E-1
   -2.057224722913E0  -9.994016092608E-1
   -2.052182137808E0  -9.993956280306E-1
   -2.047139552703E0  -9.993895795722E-1
   -2.042096967598E0  -9.993834630372E-1
   -2.037054382493E0  -9.993772775648E-1
   -2.032011797387E0  -9.993710222823E-1
   -2.026969212282E0  -9.993646963044E-1
   -2.021926627177E0  -9.993582987333E-1
   -2.016884042072E0  -9.993518286586E-1
   -2.011841456967E0  -9.993452851566E-1
   -2.006798871862E0  -9.993386672906E-1
   -2.001756286756E0  -9.993319741105E-1
   -1.996713701651E0  -9.993252046525E-1
   -1.991671116546E0  -9.993183579391E-1
   -1.986628531441E0  -9.993114329786E-1
   -1.981585946336E0  -9.993044287651E-1
   -1.976543361230E0  -9.992973442783E-1
   -1.971500776125E0  -9.992901784829E-1
   -1.966458191020E0  -9.992829303288E-1
   -1.961415605915E0  -9.992755987507E-1
   -1.956373020810E0  -9.992681826677E-1
   -1.951330435705E0  -9.992606809833E-1
   -1.946287850599E0  -9.992530925850E-1
   -1.941245265494E0  -9.992454163440E-1
   -1.936202680389E0  -9.992376511150E-1
   -1.931160095284E0  -9.992297957360E-1
   -1.926117510179E0  -9.992218490279E-1
   -1.921074925073E0  -9.992138097943E-1
   -1.916032339968E0  -9.992056768212E-1
   -1.910989754863E0  -9.991974488767E-1
   -1.905947169758E0  -9.991891247106E-1
   -1.900904584653E0  -9.991807030544E-1
   -1.895861999548E0  -9.991721826206E-1
   -1.890819414442E0  -9.991635621026E-1
   -1.885776829337E0  -9.991548401746E-1
   -1.880734244232E0  -9.991460154908E-1
   -1.875691659127E0  -9.991370866853E-1
   -1.870649074022E0  -9.991280523720E-1
   -1.865606488916E0  -9.991189111438E-1
   -1.860563903811E0  -9.991096615726E-1
   -1.855521318706E0  -9.991003022088E-1
   -1.850478733601E0  -9.990908315810E-1
   -1.845436148496E0  -9.990812481956E-1
   -1.840393563391E0  -9.990715505363E-1
   -1.835350978285E0  -9.990617370641E-1
   -1.830308393180E0  -9.990518062163E-1
   -1.825265808075E0  -9.990417564068E-1
   -1.820223222970E0  -9.990315860252E-1
   -1.815180637865E0  -9.990212934364E-1
   -1.810138052760E0  -9.990108769806E-1
   -1.805095467654E0  -9.990003349723E-1
   -1.800052882549E0  -9.989896657003E-1
   -1.795010297444E0  -9.989788674273E-1
   -1.789967712339E0  -9.989679383888E-1
   -1.784925127234E0  -9.989568767935E-1
   -1.779882542128E0  -9.989456808222E-1
   -1.774839957023E0  -9.989343486276E-1
   -1.769797371918E0  -9.989228783337E-1
   -1.764754786813E0  -9.989112680354E-1
   -1.759712201708E0  -9.988995157981E-1
   -1.754669616603E0  -9.988876196566E-1
   -1.749627031497E0  -9.988755776155E-1
   -1.744584446392E0  -9.988633876477E-1
   -1.739541861287E0  -9.988510476947E-1
   -1.734499276182E0  -9.988385556652E-1
   -1.729456691077E0  -9.988259094355E-1
   -1.724414105971E0  -9.988131068479E-1
   -1.719371520866E0  -9.988001457110E-1
   -1.714328935761E0  -9.987870237984E-1
   -1.709286350656E0  -9.987737388483E-1
   -1.704243765551E0  -9.987602885634E-1
   -1.699201180446E0  -9.987466706093E-1
   -1.694158595340E0  -9.987328826145E-1
   -1.689116010235E0  -9.987189221697E-1
   -1.684073425130E0  -9.987047868269E-1
   -1.679030840025E0  -9.986904740986E-1
   -1.673988254920E0  -9.986759814577E-1
   -1.668945669814E0  -9.986613063359E-1
   -1.663903084709E0  -9.986464461236E-1
   -1.658860499604E0  -9.986313981692E-1
   -1.653817914499E0  -9.986161597776E-1
   -1.648775329394E0  -9.986007282103E-1
   -1.643732744289E0  -9.985851006839E-1
   -1.638690159183E0  -9.985692743700E-1
   -1.633647574078E0  -9.985532463934E-1
   -1.628604988973E0  -9.985370138322E-1
   -1.623562403868E0  -9.985205737164E-1
   -1.618519818763E0  -9.985039230270E-1
   -1.613477233658E0  -9.984870586955E-1
   -1.608434648552E0  -9.984699776024E-1
   -1.603392063447E0  -9.984526765768E-1
   -1.598349478342E0  -9.984351523949E-1
   -1.593306893237E0  -9.984174017798E-1
   -1.588264308132E0  -9.983994213993E-1
   -1.583221723026E0  -9.983812078663E-1
   -1.578179137921E0  -9.983627577363E-1
   -1.573136552816E0  -9.983440675079E-1
   -1.568093967711E0  -9.983251336199E-1
   -1.563051382606E0  -9.983059524519E-1
   -1.558008797501E0  -9.982865203221E-1
   -1.552966212395E0  -9.982668334863E-1
   -1.547923627290E0  -9.982468881371E-1
   -1.542881042185E0  -9.982266804023E-1
   -1.537838457080E0  -9.982062063439E-1
   -1.532795871975E0  -9.981854619565E-1
   -1.527753286869E0  -9.981644431664E-1
   -1.522710701764E0  -9.981431458299E-1
   -1.517668116659E0  -9.981215657326E-1
   -1.512625531554E0  -9.980996985869E-1
   -1.507582946449E0  -9.980775400319E-1
   -1.502540361344E0  -9.980550856307E-1
   -1.497497776238E0  -9.980323308701E-1
   -1.492455191133E0  -9.980092711582E-1
   -1.487412606028E0  -9.979859018231E-1
   -1.482370020923E0  -9.979622181117E-1
   -1.477327435818E0  -9.979382151875E-1
   -1.472284850712E0  -9.979138881295E-1
   -1.467242265607E0  -9.978892319302E-1
   -1.462199680502E0  -9.978642414936E-1
   -1.457157095397E0  -9.978389116345E-1
   -1.452114510292E0  -9.978132370754E-1
   -1.447071925187E0  -9.977872124454E-1
   -1.442029340081E0  -9.977608322782E-1
   -1.436986754976E0  -9.977340910102E-1
   -1.431944169871E0  -9.977069829785E-1
   -1.426901584766E0  -9.976795024187E-1
   -1.421858999661E0  -9.976516434633E-1
   -1.416816414556E0  -9.976234001387E-1
   -1.411773829450E0  -9.975947663647E-1
   -1.406731244345E0  -9.975657359502E-1
   -1.401688659240E0  -9.975363025925E-1
   -1.396646074135E0  -9.975064598747E-1
   -1.391603489030E0  -9.974762012626E-1
   -1.386560903924E0  -9.974455201033E-1
   -1.381518318819E0  -9.974144096218E-1
   -1.376475733714E0  -9.973828629195E-1
   -1.371433148609E0  -9.973508729706E-1
   -1.366390563504E0  -9.973184326200E-1
   -1.361347978399E0  -9.972855345804E-1
   -1.356305393293E0  -9.972521714300E-1
   -1.351262808188E0  -9.972183356088E-1
   -1.346220223083E0  -9.971840194165E-1
   -1.341177637978E0  -9.971492150088E-1
   -1.336135052873E0  -9.971139143952E-1
   -1.331092467767E0  -9.970781094351E-1
   -1.326049882662E0  -9.970417918350E-1
   -1.321007297557E0  -9.970049531453E-1
   -1.315964712452E0  -9.969675847565E-1
   -1.310922127347E0  -9.969296778963E-1
   -1.305879542242E0  -9.968912236259E-1
   -1.300836957136E0  -9.968522128360E-1
   -1.295794372031E0  -9.968126362440E-1
   -1.290751786926E0  -9.967724843889E-1
   -1.285709201821E0  -9.967317476291E-1
   -1.280666616716E0  -9.966904161366E-1
   -1.275624031610E0  -9.966484798948E-1
   -1.270581446505E0  -9.966059286927E-1
   -1.265538861400E0  -9.965627521215E-1
   -1.260496276295E0  -9.965189395702E-1
   -1.255453691190E0  -9.964744802207E-1
   -1.250411106085E0  -9.964293630435E-1
   -1.245368520979E0  -9.963835767931E-1
   -1.240325935874E0  -9.963371100029E-1
   -1.235283350769E0  -9.962899509802E-1
   -1.230240765664E0  -9.962420878014E-1
   -1.225198180559E0  -9.961935083064E-1
   -1.220155595453E0  -9.961442000937E-1
   -1.215113010348E0  -9.960941505147E-1
   -1.210070425243E0  -9.960433466680E-1
   -1.205027840138E0  -9.959917753932E-1
   -1.199985255033E0  -9.959394232665E-1
   -1.194942669928E0  -9.958862765923E-1
   -1.189900084822E0  -9.958323213994E-1
   -1.184857499717E0  -9.957775434327E-1
   -1.179814914612E0  -9.957219281478E-1
   -1.174772329507E0  -9.956654607034E-1
   -1.169729744402E0  -9.956081259551E-1
   -1.164687159297E0  -9.955499084480E-1
   -1.159644574191E0  -9.954907924094E-1
   -1.154601989086E0  -9.954307617410E-1
   -1.149559403981E0  -9.953698000122E-1
   -1.144516818876E0  -9.953078904508E-1
   -1.139474233771E0  -9.952450159364E-1
   -1.134431648665E0  -9.951811589906E-1
   -1.129389063560E0  -9.951163017695E-1
   -1.124346478455E0  -9.950504260548E-1
   -1.119303893350E0  -9.949835132440E-1
   -1.114261308245E0  -9.949155443421E-1
   -1.109218723140E0  -9.948464999517E-1
   -1.104176138034E0  -9.947763602628E-1
   -1.099133552929E0  -9.947051050434E-1
   -1.094090967824E0  -9.946327136289E-1
   -1.089048382719E0  -9.945591649111E-1
   -1.084005797614E0  -9.944844373279E-1
   -1.078963212508E0  -9.944085088518E-1
   -1.073920627403E0  -9.943313569779E-1
   -1.068878042298E0  -9.942529587132E-1
   -1.063835457193E0  -9.941732905631E-1
   -1.058792872088E0  -9.940923285193E-1
   -1.053750286983E0  -9.940100480473E-1
   -1.048707701877E0  -9.939264240725E-1
   -1.043665116772E0  -9.938414309674E-1
   -1.038622531667E0  -9.937550425356E-1
   -1.033579946562E0  -9.936672320000E-1
   -1.028537361457E0  -9.935779719858E-1
   -1.023494776351E0  -9.934872345063E-1
   -1.018452191246E0  -9.933949909463E-1
   -1.013409606141E0  -9.933012120468E-1
   -1.008367021036E0  -9.932058678872E-1
   -1.003324435931E0  -9.931089278690E-1
  -9.982818508256E-1  -9.930103606977E-1
  -9.932392657204E-1  -9.929101343642E-1
  -9.881966806152E-1  -9.928082161266E-1
  -9.831540955100E-1  -9.927045724904E-1
  -9.781115104049E-1  -9.925991691886E-1
  -9.730689252997E-1  -9.924919711611E-1
  -9.680263401945E-1  -9.923829425338E-1
  -9.629837550893E-1  -9.922720465964E-1
  -9.579411699841E-1  -9.921592457800E-1
  -9.528985848790E-1  -9.920445016335E-1
  -9.478559997738E-1  -9.919277748010E-1
  -9.428134146686E-1  -9.918090249950E-1
  -9.377708295634E-1  -9.916882109727E-1
  -9.327282444582E-1  -9.915652905096E-1
  -9.276856593531E-1  -9.914402203706E-1
  -9.226430742479E-1  -9.913129562851E-1
  -9.176004891427E-1  -9.911834529147E-1
  -9.125579040375E-1  -9.910516638271E-1
  -9.075153189323E-1  -9.909175414624E-1
  -9.024727338272E-1  -9.907810371032E-1
  -8.974301487220E-1  -9.906421008411E-1
  -8.923875636168E-1  -9.905006815432E-1
  -8.873449785116E-1  -9.903567268165E-1
  -8.823023934065E-1  -9.902101829744E-1
  -8.772598083013E-1  -9.900609949958E-1
  -8.722172231961E-1  -9.899091064897E-1
  -8.671746380909E-1  -9.897544596541E-1
  -8.621320529857E-1  -9.895969952355E-1
  -8.570894678806E-1  -9.894366524866E-1
  -8.520468827754E-1  -9.892733691219E-1
  -8.470042976702E-1  -9.891070812728E-1
  -8.419617125650E-1  -9.889377234410E-1
  -8.369191274598E-1  -9.887652284507E-1
  -8.318765423547E-1  -9.885895273965E-1
  -8.268339572495E-1  -9.884105495939E-1
  -8.217913721443E-1  -9.882282225242E-1
  -8.167487870391E-1  -9.880424717800E-1
  -8.117062019339E-1  -9.878532210077E-1
  -8.066636168288E-1  -9.876603918480E-1
  -8.016210317236E-1  -9.874639038742E-1
  -7.965784466184E-1  -9.872636745295E-1
  -7.915358615132E-1  -9.870596190602E-1
  -7.864932764080E-1  -9.868516504473E-1
  -7.814506913029E-1  -9.866396793381E-1
  -7.764081061977E-1  -9.864236139694E-1
  -7.713655210925E-1  -9.862033600952E-1
  -7.663229359873E-1  -9.859788209055E-1
  -7.612803508821E-1  -9.857498969465E-1
  -7.562377657770E-1  -9.855164860352E-1
  -7.511951806718E-1  -9.852784831728E-1
  -7.461525955666E-1  -9.850357804521E-1
  -7.411100104614E-1  -9.847882669652E-1
  -7.360674253562E-1  -9.845358287048E-1
  -7.310248402511E-1  -9.842783484633E-1
  -7.259822551459E-1  -9.840157057272E-1
  -7.209396700407E-1  -9.837477765667E-1
  -7.158970849355E-1  -9.834744335245E-1
  -7.108544998303E-1  -9.831955454971E-1
  -7.058119147252E-1  -9.829109776107E-1
  -7.007693296200E-1  -9.826205910979E-1
  -6.957267445148E-1  -9.823242431605E-1
  -6.906841594096E-1  -9.820217868360E-1
  -6.856415743044E-1  -9.817130708548E-1
  -6.805989891993E-1  -9.813979394892E-1
  -6.755564040941E-1  -9.810762324010E-1
  -6.705138189889E-1  -9.807477844809E-1
  -6.654712338837E-1  -9.804124256803E-1
  -6.604286487785E-1  -9.800699808372E-1
  -6.553860636734E-1  -9.797202694992E-1
  -6.503434785682E-1  -9.793631057287E-1
  -6.453008934630E-1  -9.789982979120E-1
  -6.402583083578E-1  -9.786256485510E-1
  -6.352157232526E-1  -9.782449540532E-1
  -6.301731381475E-1  -9.778560045087E-1
  -6.251305530423E-1  -9.774585834572E-1
  -6.200879679371E-1  -9.770524676495E-1
  -6.150453828319E-1  -9.766374267935E-1
  -6.100027977267E-1  -9.762132232947E-1
  -6.049602126216E-1  -9.757796119758E-1
  -5.999176275164E-1  -9.753363397996E-1
  -5.948750424112E-1  -9.748831455656E-1
  -5.898324573060E-1  -9.744197595951E-1
  -5.847898722008E-1  -9.739459034122E-1
  -5.797472870957E-1  -9.734612894008E-1
  -5.747047019905E-1  -9.729656204459E-1
  -5.696621168853E-1  -9.724585895669E-1
  -5.646195317801E-1  -9.719398795248E-1
  -5.595769466749E-1  -9.714091624160E-1
  -5.545343615698E-1  -9.708660992493E-1
  -5.494917764646E-1  -9.703103394957E-1
  -5.444491913594E-1  -9.697415206241E-1
  -5.394066062542E-1  -9.691592676125E-1
  -5.343640211491E-1  -9.685631924377E-1
  -5.293214360439E-1  -9.679528935320E-1
  -5.242788509387E-1  -9.673279552275E-1
  -5.192362658335E-1  -9.666879471621E-1
  -5.141936807283E-1  -9.660324236583E-1
  -5.091510956232E-1  -9.653609230792E-1
  -5.041085105180E-1  -9.646729671360E-1
  -4.990659254128E-1  -9.639680601799E-1
  -4.940233403076E-1  -9.632456884454E-1
  -4.889807552024E-1  -9.625053192566E-1
  -4.839381700973E-1  -9.617464001967E-1
  -4.788955849921E-1  -9.609683582270E-1
  -4.738529998869E-1  -9.601705987723E-1
  -4.688104147817E-1  -9.593525047463E-1
  -4.637678296765E-1  -9.585134355251E-1
  -4.587252445714E-1  -9.576527258769E-1
  -4.536826594662E-1  -9.567696848193E-1
  -4.486400743610E-1  -9.558635944267E-1
  -4.435974892558E-1  -9.549337085646E-1
  -4.385549041506E-1  -9.539792515512E-1
  -4.335123190455E-1  -9.529994167563E-1
  -4.284697339403E-1  -9.519933651048E-1
  -4.234271488351E-1  -9.509602235026E-1
  -4.183845637299E-1  -9.498990831815E-1
  -4.133419786247E-1  -9.488089979235E-1
  -4.082993935196E-1  -9.476889822076E-1
  -4.032568084144E-1  -9.465380092219E-1
  -3.982142233092E-1  -9.453550087820E-1
  -3.931716382040E-1  -9.441388650963E-1
  -3.881290530988E-1  -9.428884144218E-1
  -3.830864679937E-1  -9.416024425494E-1
  -3.780438828885E-1  -9.402796821516E-1
  -3.730012977833E-1  -9.389188099573E-1
  -3.679587126781E-1  -9.375184437391E-1
  -3.629161275729E-1  -9.360771391131E-1
  -3.578735424678E-1  -9.345933861382E-1
  -3.528309573626E-1  -9.330656056682E-1
  -3.477883722574E-1  -9.314921454869E-1
  -3.427457871522E-1  -9.298712761669E-1
  -3.377032020470E-1  -9.282011866492E-1
  -3.326606169419E-1  -9.264799795159E-1
  -3.276180318367E-1  -9.247056659429E-1
  -3.225754467315E-1  -9.228761602774E-1
  -3.175328616263E-1  -9.209892742412E-1
  -3.124902765211E-1  -9.190427107185E-1
  -3.074476914160E-1  -9.170340570565E-1
  -3.024051063108E-1  -9.149607779109E-1
  -2.973625212056E-1  -9.128202075157E-1
  -2.923199361004E-1  -9.106095413690E-1
  -2.872773509952E-1  -9.083258272915E-1
  -2.822347658901E-1  -9.059659557595E-1
  -2.771921807849E-1  -9.035266494693E-1
  -2.721495956797E-1  -9.010044520644E-1
  -2.671070105745E-1  -8.983957159173E-1
  -2.620644254693E-1  -8.956965889111E-1
  -2.570218403642E-1  -8.929030000744E-1
  -2.519792552590E-1  -8.900106439860E-1
  -2.469366701538E-1  -8.870149638055E-1
  -2.418940850486E-1  -8.839111327959E-1
  -2.368514999434E-1  -8.806940341375E-1
  -2.318089148383E-1  -8.773582389007E-1
  -2.267663297331E-1  -8.738979819258E-1
  -2.217237446279E-1  -8.703071353812E-1
  -2.166811595227E-1  -8.665791797316E-1
  -2.116385744175E-1  -8.627071717903E-1
  -2.065959893124E-1  -8.586837095423E-1
  -2.015534042072E-1  -8.545008932288E-1
  -1.965108191020E-1  -8.501502823741E-1
  -1.914682339968E-1  -8.456228480323E-1
  -1.864256488916E-1  -8.409089197800E-1
  -1.813830637865E-1  -8.359981266300E-1
  -1.763404786813E-1  -8.308793310006E-1
  -1.712978935761E-1  -8.255405547912E-1
  -1.662553084709E-1  -8.199688963262E-1
  -1.612127233658E-1  -8.141504367918E-1
  -1.561701382606E-1  -8.080701345029E-1
  -1.511275531554E-1  -8.017117049548E-1
  -1.460849680502E-1  -7.950574843697E-1
  -1.410423829450E-1  -7.880882737267E-1
  -1.359997978399E-1  -7.807831599298E-1
  -1.309572127347E-1  -7.731193097074E-1
  -1.259146276295E-1  -7.650717310278E-1
  -1.208720425243E-1  -7.566129955703E-1
  -1.158294574191E-1  -7.477129140428E-1
  -1.107868723140E-1  -7.383381542060E-1
  -1.057442872088E-1  -7.284517885493E-1
  -1.007017021036E-1  -7.180127550200E-1
  -9.565911699841E-2  -7.069752092897E-1
  -9.061653189324E-2  -6.952877402123E-1
  -8.557394678806E-2  -6.828924112209E-1
  -8.053136168288E-2  -6.697235772027E-1
  -7.548877657770E-2  -6.557064084073E-1
  -7.044619147252E-2  -6.407550260070E-1
  -6.540360636734E-2  -6.247701153784E-1
  -6.036102126216E-2  -6.076358233315E-1
  -5.531843615698E-2  -5.892156542437E-1
  -5.027585105180E-2  -5.693469339580E-1
  -4.523326594662E-2  -5.478331700832E-1
  -4.019068084144E-2  -5.244332276662E-1
  -3.514809573626E-2  -4.988455105772E-1
  -3.010551063108E-2  -4.706839774368E-1
  -2.506292552590E-2  -4.394401252031E-1
  -2.002034042072E-2  -4.044193524373E-1
  -1.497775531554E-2  -3.646268903215E-1
  -9.935170210360E-3  -3.185444620193E-1
  -4.892585105180E-3  -2.636381055963E-1
   1.499999999997E-4  -1.950757757415E-1
